ts_iso,slug,market_url,window_text,buy_up_cents,buy_down_cents,sell_up_cents,sell_down_cents,buy_up_size,buy_down_size,sell_up_size,sell_down_size,mid_up_cents,mid_down_cents,spread_up_cents,spread_down_cents,bid_depth_up_5,ask_depth_up_5,bid_depth_down_5,ask_depth_down_5,level_count_bid_up,level_count_ask_up,level_count_bid_down,level_count_ask_down,target_price,final_price,trade_count_1s,trade_volume_1s
2026-05-12T04:35:13+08:00,btc-updown-5m-1778531700,https://polymarket.com/zh/event/btc-updown-5m-1778531700,04:35-04:40,56.00,46.00,54.00,44.00,651.92,28.00,28.00,651.92,55.00,45.00,2.00,2.00,70045.37,69952.99,69952.99,70045.37,54,44,44,54,,81902.00,,
2026-05-12T04:35:15+08:00,btc-updown-5m-1778531700,https://polymarket.com/zh/event/btc-updown-5m-1778531700,04:35-04:40,48.00,53.00,47.00,52.00,701.14,658.36,157.13,447.84,47.50,52.50,1.00,1.00,70046.36,69964.00,69964.00,70046.36,47,52,52,47,,81899.19,,
2026-05-12T04:35:17+08:00,btc-updown-5m-1778531700,https://polymarket.com/zh/event/btc-updown-5m-1778531700,04:35-04:40,48.00,53.00,47.00,52.00,176.33,144.63,331.21,426.99,47.50,52.50,1.00,1.00,70085.36,70008.06,70003.05,70085.36,47,52,52,47,,81899.19,,
2026-05-12T04:35:19+08:00,btc-updown-5m-1778531700,https://polymarket.com/zh/event/btc-updown-5m-1778531700,04:35-04:40,48.00,53.00,47.00,52.00,80.29,166.26,180.84,185.27,47.50,52.50,1.00,1.00,70090.36,70003.06,69997.99,70085.36,47,52,52,47,,81899.19,,
2026-05-12T04:35:21+08:00,btc-updown-5m-1778531700,https://polymarket.com/zh/event/btc-updown-5m-1778531700,04:35-04:40,48.00,53.00,47.00,52.00,324.14,168.05,174.04,322.14,47.50,52.50,1.00,1.00,63866.36,63778.00,63783.00,63861.36,47,52,52,47,,81899.19,,
2026-05-12T04:35:23+08:00,btc-updown-5m-1778531700,https://polymarket.com/zh/event/btc-updown-5m-1778531700,04:35-04:40,51.00,50.00,50.00,49.00,45.00,774.58,686.02,50.98,50.50,49.50,1.00,1.00,64501.99,63904.29,63965.59,64006.99,50,49,49,50,,81899.20,,
2026-05-12T04:35:25+08:00,btc-updown-5m-1778531700,https://polymarket.com/zh/event/btc-updown-5m-1778531700,04:35-04:40,52.00,49.00,51.00,48.00,96.97,949.93,895.30,127.76,51.50,48.50,1.00,1.00,64118.00,64044.19,64044.19,64117.99,51,48,48,51,,81899.20,,
2026-05-12T04:35:27+08:00,btc-updown-5m-1778531700,https://polymarket.com/zh/event/btc-updown-5m-1778531700,04:35-04:40,52.00,49.00,51.00,48.00,287.14,546.47,581.47,325.14,51.50,48.50,1.00,1.00,64674.29,64085.21,64080.21,64179.29,51,48,48,51,,81899.20,,
2026-05-12T04:35:30+08:00,btc-updown-5m-1778531700,https://polymarket.com/zh/event/btc-updown-5m-1778531700,04:35-04:40,51.00,50.00,50.00,49.00,335.46,428.66,275.40,292.98,50.50,49.50,1.00,1.00,64179.29,64080.21,64080.21,64679.29,50,49,49,50,,81902.07,,
2026-05-12T04:35:32+08:00,btc-updown-5m-1778531700,https://polymarket.com/zh/event/btc-updown-5m-1778531700,04:35-04:40,52.00,49.00,51.00,48.00,513.89,77.36,87.36,460.49,51.50,48.50,1.00,1.00,55899.29,55805.21,55805.21,55899.29,51,48,48,51,,81904.86,,
2026-05-12T04:35:34+08:00,btc-updown-5m-1778531700,https://polymarket.com/zh/event/btc-updown-5m-1778531700,04:35-04:40,52.00,49.00,51.00,48.00,513.19,39.40,39.40,596.19,51.50,48.50,1.00,1.00,56409.29,55805.21,55805.21,56409.29,51,48,48,51,,81904.85,,
2026-05-12T04:35:36+08:00,btc-updown-5m-1778531700,https://polymarket.com/zh/event/btc-updown-5m-1778531700,04:35-04:40,51.00,50.00,50.00,49.00,472.23,171.72,171.72,456.23,50.50,49.50,1.00,1.00,55909.30,55810.21,55810.21,55909.30,50,49,49,50,,81901.71,,
2026-05-12T04:35:38+08:00,btc-updown-5m-1778531700,https://polymarket.com/zh/event/btc-updown-5m-1778531700,04:35-04:40,51.00,50.00,50.00,49.00,491.69,122.24,117.26,584.26,50.50,49.50,1.00,1.00,56409.30,55805.21,55810.21,56409.30,50,49,49,50,,81897.87,,
2026-05-12T04:35:40+08:00,btc-updown-5m-1778531700,https://polymarket.com/zh/event/btc-updown-5m-1778531700,04:35-04:40,42.00,59.00,41.00,58.00,395.88,149.91,161.02,440.30,41.50,58.50,1.00,1.00,55868.30,55961.21,55966.21,55868.31,41,58,58,41,,81895.07,,
2026-05-12T04:35:42+08:00,btc-updown-5m-1778531700,https://polymarket.com/zh/event/btc-updown-5m-1778531700,04:35-04:40,42.00,59.00,41.00,58.00,327.70,195.57,210.57,302.70,41.50,58.50,1.00,1.00,55863.29,55966.21,55971.27,55863.29,41,58,58,41,,81893.88,,
2026-05-12T04:35:43+08:00,btc-updown-5m-1778531700,https://polymarket.com/zh/event/btc-updown-5m-1778531700,04:35-04:40,42.00,59.00,41.00,58.00,396.62,134.33,144.33,386.62,41.50,58.50,1.00,1.00,55963.29,55961.21,55966.27,55963.29,41,58,58,41,,81893.87,,
2026-05-12T04:35:45+08:00,btc-updown-5m-1778531700,https://polymarket.com/zh/event/btc-updown-5m-1778531700,04:35-04:40,42.00,59.00,41.00,58.00,353.53,83.30,103.30,402.53,41.50,58.50,1.00,1.00,55958.29,55966.21,55961.21,55963.29,41,58,58,41,,81891.82,,
2026-05-12T04:35:47+08:00,btc-updown-5m-1778531700,https://polymarket.com/zh/event/btc-updown-5m-1778531700,04:35-04:40,42.00,59.00,41.00,58.00,399.34,70.97,70.97,385.57,41.50,58.50,1.00,1.00,44046.29,43941.21,43946.27,44051.29,41,58,58,41,,81890.86,,
2026-05-12T04:35:49+08:00,btc-updown-5m-1778531700,https://polymarket.com/zh/event/btc-updown-5m-1778531700,04:35-04:40,42.00,59.00,41.00,58.00,258.08,283.33,273.33,308.08,41.50,58.50,1.00,1.00,44033.29,43946.27,43936.21,44038.29,41,58,58,41,,81889.89,,
2026-05-12T04:35:51+08:00,btc-updown-5m-1778531700,https://polymarket.com/zh/event/btc-updown-5m-1778531700,04:35-04:40,42.00,59.00,41.00,58.00,359.69,150.19,145.19,369.69,41.50,58.50,1.00,1.00,44128.29,43946.21,43946.21,44128.29,41,58,58,41,,81889.90,,
2026-05-12T04:35:53+08:00,btc-updown-5m-1778531700,https://polymarket.com/zh/event/btc-updown-5m-1778531700,04:35-04:40,42.00,59.00,41.00,58.00,424.92,51.54,100.02,451.92,41.50,58.50,1.00,1.00,44133.29,43941.21,43941.22,44138.29,41,58,58,41,,81889.03,,
2026-05-12T04:35:55+08:00,btc-updown-5m-1778531700,https://polymarket.com/zh/event/btc-updown-5m-1778531700,04:35-04:40,42.00,59.00,41.00,58.00,72.57,681.02,669.02,72.57,41.50,58.50,1.00,1.00,44133.29,43941.21,43936.21,44138.29,41,58,58,41,,81888.40,,
2026-05-12T04:35:57+08:00,btc-updown-5m-1778531700,https://polymarket.com/zh/event/btc-updown-5m-1778531700,04:35-04:40,42.00,59.00,41.00,58.00,289.29,429.95,439.95,289.29,41.50,58.50,1.00,1.00,44133.29,43946.27,43936.21,44138.29,41,58,58,41,,81891.04,,
2026-05-12T04:35:59+08:00,btc-updown-5m-1778531700,https://polymarket.com/zh/event/btc-updown-5m-1778531700,04:35-04:40,42.00,59.00,41.00,58.00,236.66,561.95,514.95,172.35,41.50,58.50,1.00,1.00,44133.29,43951.41,43946.41,44138.29,41,58,58,41,,81888.42,,
2026-05-12T04:36:02+08:00,btc-updown-5m-1778531700,https://polymarket.com/zh/event/btc-updown-5m-1778531700,04:35-04:40,42.00,59.00,41.00,58.00,93.02,802.07,760.07,88.02,41.50,58.50,1.00,1.00,24796.29,24614.47,24619.48,24801.29,41,58,58,41,,81889.36,,
2026-05-12T04:36:04+08:00,btc-updown-5m-1778531700,https://polymarket.com/zh/event/btc-updown-5m-1778531700,04:35-04:40,48.00,53.00,47.00,52.00,72.74,178.25,33.96,234.51,47.50,52.50,1.00,1.00,24241.29,24059.41,24054.41,24246.29,47,52,52,47,,81893.19,,
2026-05-12T04:36:06+08:00,btc-updown-5m-1778531700,https://polymarket.com/zh/event/btc-updown-5m-1778531700,04:35-04:40,48.00,53.00,47.00,52.00,314.62,488.07,458.06,259.64,47.50,52.50,1.00,1.00,24246.29,24054.41,22476.47,22658.29,47,52,52,47,,81893.18,,
2026-05-12T04:36:08+08:00,btc-updown-5m-1778531700,https://polymarket.com/zh/event/btc-updown-5m-1778531700,04:35-04:40,48.00,53.00,47.00,52.00,213.71,459.35,439.74,190.20,47.50,52.50,1.00,1.00,22653.29,22471.42,22476.48,22658.29,47,52,52,47,,81898.12,,
2026-05-12T04:36:10+08:00,btc-updown-5m-1778531700,https://polymarket.com/zh/event/btc-updown-5m-1778531700,04:35-04:40,47.00,54.00,46.00,53.00,402.26,209.74,104.84,356.59,46.50,53.50,1.00,1.00,22658.29,22471.47,22466.41,22658.29,46,53,53,46,,81891.81,,
2026-05-12T04:36:12+08:00,btc-updown-5m-1778531700,https://polymarket.com/zh/event/btc-updown-5m-1778531700,04:35-04:40,47.00,54.00,46.00,53.00,532.39,208.65,178.63,357.96,46.50,53.50,1.00,1.00,22658.29,22466.41,22471.47,22658.29,46,53,53,46,,81893.47,,
2026-05-12T04:36:14+08:00,btc-updown-5m-1778531700,https://polymarket.com/zh/event/btc-updown-5m-1778531700,04:35-04:40,47.00,54.00,46.00,53.00,956.11,118.27,118.27,927.11,46.50,53.50,1.00,1.00,22653.29,22476.47,22476.47,22653.29,46,53,53,46,,81875.06,,
2026-05-12T04:36:16+08:00,btc-updown-5m-1778531700,https://polymarket.com/zh/event/btc-updown-5m-1778531700,04:35-04:40,47.00,56.00,45.00,53.00,792.31,10.00,5.00,1094.31,46.00,54.50,2.00,3.00,22508.29,22476.48,22375.48,22408.29,45,53,53,44,,81861.51,,
2026-05-12T04:36:18+08:00,btc-updown-5m-1778531700,https://polymarket.com/zh/event/btc-updown-5m-1778531700,04:35-04:40,29.00,73.00,28.00,72.00,200.00,29.83,16.73,283.27,28.50,72.50,1.00,1.00,21735.29,22360.42,22365.42,21725.29,28,70,72,27,,81858.87,,
2026-05-12T04:36:20+08:00,btc-updown-5m-1778531700,https://polymarket.com/zh/event/btc-updown-5m-1778531700,04:35-04:40,22.00,81.00,21.00,80.00,25.00,24.98,5.00,27.00,21.50,80.50,1.00,1.00,21627.29,20656.43,20646.42,21612.29,19,78,79,19,,81858.49,,
2026-05-12T04:36:22+08:00,btc-updown-5m-1778531700,https://polymarket.com/zh/event/btc-updown-5m-1778531700,04:35-04:40,20.00,81.00,19.00,80.00,174.52,452.78,493.12,171.57,19.50,80.50,1.00,1.00,21709.29,20631.47,20636.41,21704.29,19,80,80,19,,81858.48,,
2026-05-12T04:36:24+08:00,btc-updown-5m-1778531700,https://polymarket.com/zh/event/btc-updown-5m-1778531700,04:35-04:40,22.00,79.00,21.00,78.00,105.85,194.20,20.00,167.87,21.50,78.50,1.00,1.00,22309.29,20636.47,20636.47,22309.29,21,78,78,21,,81859.61,,
2026-05-12T04:36:26+08:00,btc-updown-5m-1778531700,https://polymarket.com/zh/event/btc-updown-5m-1778531700,04:35-04:40,22.00,79.00,21.00,78.00,206.02,340.06,346.39,211.02,21.50,78.50,1.00,1.00,22300.29,20636.47,20631.41,22216.29,21,78,78,21,,81858.49,,
2026-05-12T04:36:28+08:00,btc-updown-5m-1778531700,https://polymarket.com/zh/event/btc-updown-5m-1778531700,04:35-04:40,23.00,78.00,22.00,77.00,250.92,101.80,123.73,285.92,22.50,77.50,1.00,1.00,22216.29,20636.47,20631.41,22216.29,22,77,77,22,,81857.27,,
2026-05-12T04:36:30+08:00,btc-updown-5m-1778531700,https://polymarket.com/zh/event/btc-updown-5m-1778531700,04:35-04:40,23.00,78.00,22.00,77.00,495.39,149.29,120.88,447.41,22.50,77.50,1.00,1.00,22316.29,20631.41,20631.47,22321.29,22,77,77,22,,81855.48,,
2026-05-12T04:36:32+08:00,btc-updown-5m-1778531700,https://polymarket.com/zh/event/btc-updown-5m-1778531700,04:35-04:40,22.00,80.00,21.00,79.00,578.69,91.99,40.00,95.00,21.50,79.50,1.00,1.00,21909.29,20129.43,20134.48,21919.29,21,78,79,19,,81852.42,,
2026-05-12T04:36:34+08:00,btc-updown-5m-1778531700,https://polymarket.com/zh/event/btc-updown-5m-1778531700,04:35-04:40,21.00,80.00,20.00,79.00,475.58,87.02,77.02,473.19,20.50,79.50,1.00,1.00,22149.29,20134.47,20124.41,22149.29,20,79,79,20,,81852.42,,
2026-05-12T04:36:36+08:00,btc-updown-5m-1778531700,https://polymarket.com/zh/event/btc-updown-5m-1778531700,04:35-04:40,23.00,78.00,22.00,77.00,527.97,198.09,199.37,525.49,22.50,77.50,1.00,1.00,22136.29,20119.41,20124.47,21136.29,22,77,77,22,,81857.25,,
2026-05-12T04:36:38+08:00,btc-updown-5m-1778531700,https://polymarket.com/zh/event/btc-updown-5m-1778531700,04:35-04:40,32.00,69.00,31.00,68.00,5.00,10.00,10.00,10.00,31.50,68.50,1.00,1.00,21111.29,20139.49,20134.48,21111.29,31,68,68,31,,81870.01,,
2026-05-12T04:36:40+08:00,btc-updown-5m-1778531700,https://polymarket.com/zh/event/btc-updown-5m-1778531700,04:35-04:40,32.00,69.00,31.00,68.00,1219.30,26.15,36.10,1274.90,31.50,68.50,1.00,1.00,20596.29,20129.41,20124.47,20596.29,31,68,68,31,,81866.42,,
2026-05-12T04:36:42+08:00,btc-updown-5m-1778531700,https://polymarket.com/zh/event/btc-updown-5m-1778531700,04:35-04:40,30.00,71.00,29.00,70.00,681.09,145.25,145.25,723.92,29.50,70.50,1.00,1.00,20701.29,20124.42,20119.41,20701.29,29,70,70,29,,81866.01,,
2026-05-12T04:36:44+08:00,btc-updown-5m-1778531700,https://polymarket.com/zh/event/btc-updown-5m-1778531700,04:35-04:40,28.00,73.00,27.00,72.00,642.07,218.21,113.25,595.07,27.50,72.50,1.00,1.00,20696.29,20124.42,20124.47,20801.29,27,72,72,27,,81866.06,,
2026-05-12T04:36:46+08:00,btc-updown-5m-1778531700,https://polymarket.com/zh/event/btc-updown-5m-1778531700,04:35-04:40,28.00,73.00,27.00,72.00,588.31,134.00,84.14,617.31,27.50,72.50,1.00,1.00,20674.29,20119.41,20124.41,20669.29,27,72,72,27,,81864.90,,
2026-05-12T04:36:48+08:00,btc-updown-5m-1778531700,https://polymarket.com/zh/event/btc-updown-5m-1778531700,04:35-04:40,28.00,73.00,27.00,72.00,529.85,116.72,151.45,554.85,27.50,72.50,1.00,1.00,20669.29,20124.47,20124.41,20664.29,27,72,72,27,,81864.88,,
2026-05-12T04:36:50+08:00,btc-updown-5m-1778531700,https://polymarket.com/zh/event/btc-updown-5m-1778531700,04:35-04:40,26.00,75.00,25.00,74.00,310.57,89.04,120.61,510.59,25.50,74.50,1.00,1.00,20764.29,20119.41,20129.47,20764.29,25,74,74,25,,81864.86,,
2026-05-12T04:36:52+08:00,btc-updown-5m-1778531700,https://polymarket.com/zh/event/btc-updown-5m-1778531700,04:35-04:40,25.00,76.00,24.00,75.00,439.61,184.32,183.02,473.61,24.50,75.50,1.00,1.00,20089.29,20024.47,20019.41,20084.29,24,75,75,24,,81864.34,,
2026-05-12T04:36:54+08:00,btc-updown-5m-1778531700,https://polymarket.com/zh/event/btc-updown-5m-1778531700,04:35-04:40,25.00,76.00,24.00,75.00,240.32,405.53,345.53,138.02,24.50,75.50,1.00,1.00,20199.29,20024.41,20019.41,20199.29,24,75,75,24,,81864.34,,
2026-05-12T04:36:56+08:00,btc-updown-5m-1778531700,https://polymarket.com/zh/event/btc-updown-5m-1778531700,04:35-04:40,25.00,76.00,24.00,75.00,142.15,238.96,447.36,225.06,24.50,75.50,1.00,1.00,20183.29,20024.41,20024.47,20228.29,24,75,75,24,,81864.33,,
2026-05-12T04:36:58+08:00,btc-updown-5m-1778531700,https://polymarket.com/zh/event/btc-updown-5m-1778531700,04:35-04:40,25.00,76.00,24.00,75.00,661.36,5.00,5.00,699.36,24.50,75.50,1.00,1.00,20323.29,20024.41,20024.47,20308.29,24,75,75,24,,81864.33,,
2026-05-12T04:37:00+08:00,btc-updown-5m-1778531700,https://polymarket.com/zh/event/btc-updown-5m-1778531700,04:35-04:40,25.00,76.00,24.00,75.00,510.73,12.06,85.02,518.82,24.50,75.50,1.00,1.00,20343.29,20014.41,20009.41,20368.29,24,75,75,24,,81862.35,,
2026-05-12T04:37:02+08:00,btc-updown-5m-1778531700,https://polymarket.com/zh/event/btc-updown-5m-1778531700,04:35-04:40,24.00,77.00,23.00,76.00,358.10,482.72,206.75,120.27,23.50,76.50,1.00,1.00,17528.29,16998.41,17008.47,17523.29,23,76,76,23,,81862.37,,
2026-05-12T04:37:04+08:00,btc-updown-5m-1778531700,https://polymarket.com/zh/event/btc-updown-5m-1778531700,04:35-04:40,25.00,76.00,24.00,75.00,392.69,28.70,28.70,324.69,24.50,75.50,1.00,1.00,17498.42,16960.97,16960.92,17593.42,24,75,75,24,,81867.16,,
2026-05-12T04:37:06+08:00,btc-updown-5m-1778531700,https://polymarket.com/zh/event/btc-updown-5m-1778531700,04:35-04:40,24.00,77.00,23.00,76.00,5.00,277.16,82.36,100.02,23.50,76.50,1.00,1.00,17573.42,16935.97,16945.98,17573.42,23,76,76,23,,81866.42,,
2026-05-12T04:37:08+08:00,btc-updown-5m-1778531700,https://polymarket.com/zh/event/btc-updown-5m-1778531700,04:35-04:40,28.00,73.00,27.00,72.00,10.90,124.00,144.00,0.31,27.50,72.50,1.00,1.00,17178.42,16935.92,16935.92,16918.42,27,71,71,27,,81870.00,,
2026-05-12T04:37:10+08:00,btc-updown-5m-1778531700,https://polymarket.com/zh/event/btc-updown-5m-1778531700,04:35-04:40,28.00,73.00,27.00,72.00,555.58,176.75,181.77,570.58,27.50,72.50,1.00,1.00,16878.42,16935.91,16935.92,16878.42,27,72,72,27,,81872.25,,
2026-05-12T04:37:12+08:00,btc-updown-5m-1778531700,https://polymarket.com/zh/event/btc-updown-5m-1778531700,04:35-04:40,28.00,73.00,27.00,72.00,460.42,290.40,315.40,572.42,27.50,72.50,1.00,1.00,16988.42,16930.91,16935.97,16988.42,27,72,72,27,,81872.26,,
2026-05-12T04:37:14+08:00,btc-updown-5m-1778531700,https://polymarket.com/zh/event/btc-updown-5m-1778531700,04:35-04:40,28.00,73.00,27.00,72.00,753.65,24.53,24.53,969.43,27.50,72.50,1.00,1.00,16936.07,16935.97,16935.97,16926.07,27,72,72,27,,81872.26,,
2026-05-12T04:37:16+08:00,btc-updown-5m-1778531700,https://polymarket.com/zh/event/btc-updown-5m-1778531700,04:35-04:40,17.00,84.00,16.00,83.00,803.86,8.49,16.19,880.87,16.50,83.50,1.00,1.00,17210.07,16935.92,16940.92,17366.72,16,83,83,16,,81864.55,,
2026-05-12T04:37:18+08:00,btc-updown-5m-1778531700,https://polymarket.com/zh/event/btc-updown-5m-1778531700,04:35-04:40,16.00,85.00,15.00,84.00,609.89,87.67,92.67,599.32,15.50,84.50,1.00,1.00,18346.50,16905.92,16905.91,18341.50,15,84,84,15,,81861.51,,
2026-05-12T04:37:20+08:00,btc-updown-5m-1778531700,https://polymarket.com/zh/event/btc-updown-5m-1778531700,04:35-04:40,16.00,85.00,15.00,84.00,80.02,273.13,222.31,35.02,15.50,84.50,1.00,1.00,17939.50,16872.92,16872.91,17914.50,15,84,84,15,,81861.51,,
2026-05-12T04:37:22+08:00,btc-updown-5m-1778531700,https://polymarket.com/zh/event/btc-updown-5m-1778531700,04:35-04:40,17.00,84.00,16.00,83.00,521.83,15.41,15.41,543.23,16.50,83.50,1.00,1.00,18424.50,16867.91,16877.97,18379.50,16,83,83,16,,81858.49,,
2026-05-12T04:37:24+08:00,btc-updown-5m-1778531700,https://polymarket.com/zh/event/btc-updown-5m-1778531700,04:35-04:40,17.00,84.00,16.00,83.00,294.14,35.41,35.41,315.06,16.50,83.50,1.00,1.00,18077.06,16862.91,16867.91,18072.06,16,83,83,16,,81858.48,,
2026-05-12T04:37:26+08:00,btc-updown-5m-1778531700,https://polymarket.com/zh/event/btc-updown-5m-1778531700,04:35-04:40,16.00,87.00,15.00,86.00,728.58,20.00,19.51,23.49,15.50,86.50,1.00,1.00,17038.63,16872.92,16867.92,16903.63,15,84,85,13,,81855.88,,
2026-05-12T04:37:28+08:00,btc-updown-5m-1778531700,https://polymarket.com/zh/event/btc-updown-5m-1778531700,04:35-04:40,10.00,91.00,9.00,90.00,508.22,160.94,193.64,437.22,9.50,90.50,1.00,1.00,18316.40,16862.91,16867.91,18226.40,9,90,90,9,,81850.00,,
2026-05-12T04:37:30+08:00,btc-updown-5m-1778531700,https://polymarket.com/zh/event/btc-updown-5m-1778531700,04:35-04:40,10.00,92.00,9.00,91.00,340.83,478.03,61.86,21.93,9.50,91.50,1.00,1.00,17085.40,16697.97,16697.91,17589.40,9,90,91,8,,81844.67,,
2026-05-12T04:37:32+08:00,btc-updown-5m-1778531700,https://polymarket.com/zh/event/btc-updown-5m-1778531700,04:35-04:40,15.00,86.00,14.00,85.00,5.00,482.45,60.70,106.89,14.50,85.50,1.00,1.00,17759.00,16669.91,16669.85,17849.00,14,85,85,14,,81852.41,,
2026-05-12T04:37:34+08:00,btc-updown-5m-1778531700,https://polymarket.com/zh/event/btc-updown-5m-1778531700,04:35-04:40,15.00,86.00,14.00,85.00,97.00,430.74,377.74,74.69,14.50,85.50,1.00,1.00,18294.00,16669.85,16674.85,18289.00,14,85,85,14,,81853.57,,
2026-05-12T04:37:36+08:00,btc-updown-5m-1778531700,https://polymarket.com/zh/event/btc-updown-5m-1778531700,04:35-04:40,15.00,86.00,14.00,85.00,133.02,604.46,391.44,50.00,14.50,85.50,1.00,1.00,18497.00,16674.91,16674.91,17942.00,14,85,85,14,,81855.65,,
2026-05-12T04:37:38+08:00,btc-updown-5m-1778531700,https://polymarket.com/zh/event/btc-updown-5m-1778531700,04:35-04:40,16.00,85.00,15.00,84.00,232.01,295.30,389.95,257.01,15.50,84.50,1.00,1.00,18050.76,16674.91,16674.86,18035.76,15,84,84,15,,81855.65,,
2026-05-12T04:37:40+08:00,btc-updown-5m-1778531700,https://polymarket.com/zh/event/btc-updown-5m-1778531700,04:35-04:40,16.00,85.00,15.00,84.00,133.96,494.96,500.77,153.96,15.50,84.50,1.00,1.00,17475.34,16269.85,16269.85,17475.34,15,84,84,15,,81855.65,,
2026-05-12T04:37:42+08:00,btc-updown-5m-1778531700,https://polymarket.com/zh/event/btc-updown-5m-1778531700,04:35-04:40,16.00,85.00,15.00,84.00,72.46,389.16,382.69,127.46,15.50,84.50,1.00,1.00,16470.34,16254.91,16254.86,16465.34,15,84,84,15,,81857.93,,
2026-05-12T04:37:44+08:00,btc-updown-5m-1778531700,https://polymarket.com/zh/event/btc-updown-5m-1778531700,04:35-04:40,16.00,85.00,15.00,84.00,304.55,292.44,279.80,264.55,15.50,84.50,1.00,1.00,17950.34,15274.91,15274.91,17950.34,15,84,84,15,,81857.93,,
2026-05-12T04:37:46+08:00,btc-updown-5m-1778531700,https://polymarket.com/zh/event/btc-updown-5m-1778531700,04:35-04:40,16.00,85.00,15.00,84.00,336.72,327.16,323.04,336.72,15.50,84.50,1.00,1.00,17158.34,15279.86,15269.85,17163.34,15,84,84,15,,81857.93,,
2026-05-12T04:37:48+08:00,btc-updown-5m-1778531700,https://polymarket.com/zh/event/btc-updown-5m-1778531700,04:35-04:40,17.00,84.00,16.00,83.00,22.05,582.78,332.84,6.99,16.50,83.50,1.00,1.00,15959.28,15279.91,15279.91,15964.96,16,83,83,16,,81857.93,,
2026-05-12T04:37:50+08:00,btc-updown-5m-1778531700,https://polymarket.com/zh/event/btc-updown-5m-1778531700,04:35-04:40,18.00,83.00,17.00,82.00,281.97,206.42,216.42,268.97,17.50,82.50,1.00,1.00,16655.54,15269.86,15269.85,16625.54,17,82,82,17,,81857.91,,
2026-05-12T04:37:52+08:00,btc-updown-5m-1778531700,https://polymarket.com/zh/event/btc-updown-5m-1778531700,04:35-04:40,16.00,85.00,15.00,84.00,580.48,88.02,83.02,545.48,15.50,84.50,1.00,1.00,16834.86,15369.86,15369.85,16879.86,15,84,84,15,,81855.66,,
2026-05-12T04:37:54+08:00,btc-updown-5m-1778531700,https://polymarket.com/zh/event/btc-updown-5m-1778531700,04:35-04:40,15.00,86.00,14.00,85.00,559.06,87.74,87.74,439.06,14.50,85.50,1.00,1.00,17195.54,15323.55,15328.61,16955.54,14,85,85,14,,81854.53,,
2026-05-12T04:37:56+08:00,btc-updown-5m-1778531700,https://polymarket.com/zh/event/btc-updown-5m-1778531700,04:35-04:40,13.00,88.00,12.00,87.00,361.95,229.21,251.29,455.03,12.50,87.50,1.00,1.00,17030.86,15323.61,15323.55,16128.86,12,87,87,12,,81853.29,,
2026-05-12T04:37:58+08:00,btc-updown-5m-1778531700,https://polymarket.com/zh/event/btc-updown-5m-1778531700,04:35-04:40,13.00,88.00,12.00,87.00,478.38,179.11,199.11,465.30,12.50,87.50,1.00,1.00,16305.86,15318.55,15323.55,16495.86,12,87,87,12,,81854.53,,
2026-05-12T04:38:00+08:00,btc-updown-5m-1778531700,https://polymarket.com/zh/event/btc-updown-5m-1778531700,04:35-04:40,12.00,89.00,11.00,88.00,65.02,287.96,223.72,338.33,11.50,88.50,1.00,1.00,15274.88,14308.55,14303.55,15295.88,11,88,88,11,,81854.52,,
2026-05-12T04:38:02+08:00,btc-updown-5m-1778531700,https://polymarket.com/zh/event/btc-updown-5m-1778531700,04:35-04:40,12.00,89.00,11.00,88.00,217.19,289.42,264.40,92.54,11.50,88.50,1.00,1.00,14710.88,13108.61,13108.55,14605.88,11,88,88,11,,81854.52,,
2026-05-12T04:38:04+08:00,btc-updown-5m-1778531700,https://polymarket.com/zh/event/btc-updown-5m-1778531700,04:35-04:40,11.00,90.00,10.00,89.00,288.02,170.01,170.01,264.02,10.50,89.50,1.00,1.00,14644.88,13087.55,13092.61,14644.88,10,89,89,10,,81854.51,,
2026-05-12T04:38:06+08:00,btc-updown-5m-1778531700,https://polymarket.com/zh/event/btc-updown-5m-1778531700,04:35-04:40,11.00,90.00,10.00,89.00,115.02,133.65,198.65,113.02,10.50,89.50,1.00,1.00,14623.88,13087.55,13092.55,14633.88,10,89,89,10,,81854.52,,
2026-05-12T04:38:08+08:00,btc-updown-5m-1778531700,https://polymarket.com/zh/event/btc-updown-5m-1778531700,04:35-04:40,11.00,90.00,10.00,89.00,85.02,100.02,125.02,80.02,10.50,89.50,1.00,1.00,14548.88,13087.55,13092.55,14543.88,10,89,89,10,,81854.51,,
2026-05-12T04:38:10+08:00,btc-updown-5m-1778531700,https://polymarket.com/zh/event/btc-updown-5m-1778531700,04:35-04:40,10.00,91.00,9.00,90.00,110.02,334.02,227.02,71.02,9.50,90.50,1.00,1.00,14083.88,12382.61,12387.56,14083.88,9,90,90,9,,81854.52,,
2026-05-12T04:38:12+08:00,btc-updown-5m-1778531700,https://polymarket.com/zh/event/btc-updown-5m-1778531700,04:35-04:40,11.00,90.00,10.00,89.00,243.74,74.83,74.83,237.74,10.50,89.50,1.00,1.00,12836.10,12382.61,12382.55,12831.10,10,89,89,10,,81854.51,,
2026-05-12T04:38:14+08:00,btc-updown-5m-1778531700,https://polymarket.com/zh/event/btc-updown-5m-1778531700,04:35-04:40,11.00,90.00,10.00,89.00,245.25,153.90,38.90,214.32,10.50,89.50,1.00,1.00,13527.86,12377.55,12382.55,13002.22,10,89,89,10,,81854.51,,
2026-05-12T04:38:16+08:00,btc-updown-5m-1778531700,https://polymarket.com/zh/event/btc-updown-5m-1778531700,04:35-04:40,8.00,93.00,7.00,92.00,246.22,230.86,152.32,187.44,7.50,92.50,1.00,1.00,12993.84,12271.55,12276.55,12948.84,7,92,92,7,,81852.42,,
2026-05-12T04:38:18+08:00,btc-updown-5m-1778531700,https://polymarket.com/zh/event/btc-updown-5m-1778531700,04:35-04:40,8.00,93.00,7.00,92.00,293.35,101.43,123.30,310.35,7.50,92.50,1.00,1.00,12822.84,12276.56,12276.55,12805.04,7,92,92,7,,81851.72,,
2026-05-12T04:38:20+08:00,btc-updown-5m-1778531700,https://polymarket.com/zh/event/btc-updown-5m-1778531700,04:35-04:40,8.00,93.00,7.00,92.00,90.02,270.79,230.90,95.02,7.50,92.50,1.00,1.00,13056.04,12261.55,12256.55,13061.04,7,92,92,7,,81850.00,,
2026-05-12T04:38:22+08:00,btc-updown-5m-1778531700,https://polymarket.com/zh/event/btc-updown-5m-1778531700,04:35-04:40,7.00,94.00,6.00,93.00,5.02,479.23,585.23,5.02,6.50,93.50,1.00,1.00,12475.26,12261.55,12256.55,12480.26,6,93,93,6,,81850.00,,
2026-05-12T04:38:24+08:00,btc-updown-5m-1778531700,https://polymarket.com/zh/event/btc-updown-5m-1778531700,04:35-04:40,7.00,94.00,6.00,93.00,3.85,440.29,461.29,3.85,6.50,93.50,1.00,1.00,12843.12,12266.61,12256.55,12813.12,6,93,93,6,,81850.49,,
2026-05-12T04:38:26+08:00,btc-updown-5m-1778531700,https://polymarket.com/zh/event/btc-updown-5m-1778531700,04:35-04:40,8.00,93.00,7.00,92.00,250.28,30.02,30.02,253.53,7.50,92.50,1.00,1.00,11971.12,12261.55,12256.55,11956.12,7,92,92,7,,81851.19,,
2026-05-12T04:38:28+08:00,btc-updown-5m-1778531700,https://polymarket.com/zh/event/btc-updown-5m-1778531700,04:35-04:40,8.00,94.00,7.00,92.00,138.57,154.22,35.02,162.35,7.50,93.00,1.00,2.00,12437.66,12261.55,12266.61,12437.66,7,92,92,6,,81852.96,,
2026-05-12T04:38:30+08:00,btc-updown-5m-1778531700,https://polymarket.com/zh/event/btc-updown-5m-1778531700,04:35-04:40,9.00,92.00,8.00,91.00,243.18,97.72,147.72,302.18,8.50,91.50,1.00,1.00,12278.78,12261.61,12261.55,12483.78,8,91,91,8,,81858.48,,
2026-05-12T04:38:32+08:00,btc-updown-5m-1778531700,https://polymarket.com/zh/event/btc-updown-5m-1778531700,04:35-04:40,9.00,92.00,8.00,91.00,332.36,51.13,62.00,335.36,8.50,91.50,1.00,1.00,12209.01,11871.55,11876.55,12204.01,8,91,91,8,,81856.00,,
2026-05-12T04:38:34+08:00,btc-updown-5m-1778531700,https://polymarket.com/zh/event/btc-updown-5m-1778531700,04:35-04:40,9.00,92.00,8.00,91.00,384.46,43.50,48.50,387.46,8.50,91.50,1.00,1.00,12208.01,11876.61,11876.55,12203.01,8,91,91,8,,81858.01,,
2026-05-12T04:38:36+08:00,btc-updown-5m-1778531700,https://polymarket.com/zh/event/btc-updown-5m-1778531700,04:35-04:40,9.00,92.00,8.00,91.00,486.72,85.00,111.94,356.89,8.50,91.50,1.00,1.00,12047.53,11871.55,11881.61,12042.53,8,91,91,8,,81856.78,,
2026-05-12T04:38:38+08:00,btc-updown-5m-1778531700,https://polymarket.com/zh/event/btc-updown-5m-1778531700,04:35-04:40,8.00,93.00,7.00,92.00,220.76,232.49,157.49,213.76,7.50,92.50,1.00,1.00,12017.72,11871.55,11881.61,12012.72,7,92,92,7,,81854.38,,
2026-05-12T04:38:40+08:00,btc-updown-5m-1778531700,https://polymarket.com/zh/event/btc-updown-5m-1778531700,04:35-04:40,8.00,93.00,7.00,92.00,155.56,263.58,252.12,120.56,7.50,92.50,1.00,1.00,12007.53,11871.55,11876.55,12021.53,7,92,92,7,,81854.38,,
2026-05-12T04:38:42+08:00,btc-updown-5m-1778531700,https://polymarket.com/zh/event/btc-updown-5m-1778531700,04:35-04:40,14.00,87.00,13.00,86.00,402.23,304.88,252.93,295.95,13.50,86.50,1.00,1.00,11442.91,11881.61,11881.56,11442.91,13,86,86,13,,81861.50,,
2026-05-12T04:38:44+08:00,btc-updown-5m-1778531700,https://polymarket.com/zh/event/btc-updown-5m-1778531700,04:35-04:40,14.00,87.00,13.00,86.00,367.24,218.47,218.47,325.14,13.50,86.50,1.00,1.00,11747.91,11876.55,11876.61,11852.91,13,86,86,13,,81864.38,,
2026-05-12T04:38:46+08:00,btc-updown-5m-1778531700,https://polymarket.com/zh/event/btc-updown-5m-1778531700,04:35-04:40,14.00,87.00,13.00,86.00,415.45,119.92,212.87,489.39,13.50,86.50,1.00,1.00,11638.91,11476.55,11471.55,11663.93,13,86,86,13,,81864.91,,
2026-05-12T04:38:48+08:00,btc-updown-5m-1778531700,https://polymarket.com/zh/event/btc-updown-5m-1778531700,04:35-04:40,10.00,91.00,9.00,90.00,300.51,432.71,371.00,337.42,9.50,90.50,1.00,1.00,11873.93,11476.55,11476.61,11668.93,9,90,90,9,,81871.55,,
2026-05-12T04:38:54+08:00,btc-updown-5m-1778531700,https://polymarket.com/zh/event/btc-updown-5m-1778531700,04:35-04:40,16.00,86.00,15.00,85.00,827.87,59.03,17.26,30.00,15.50,85.50,1.00,1.00,12053.59,11476.56,11471.55,11908.59,15,84,85,14,,81872.25,,
2026-05-12T04:38:56+08:00,btc-updown-5m-1778531700,https://polymarket.com/zh/event/btc-updown-5m-1778531700,04:35-04:40,14.00,87.00,13.00,86.00,260.76,77.00,138.00,422.20,13.50,86.50,1.00,1.00,11980.59,11481.56,11471.55,11896.61,13,86,86,13,,81872.26,,
2026-05-12T04:38:58+08:00,btc-updown-5m-1778531700,https://polymarket.com/zh/event/btc-updown-5m-1778531700,04:35-04:40,13.00,88.00,12.00,87.00,498.44,66.00,66.00,464.46,12.50,87.50,1.00,1.00,11843.61,11481.56,11471.55,11848.61,12,87,87,12,,81872.33,,
2026-05-12T04:39:01+08:00,btc-updown-5m-1778531700,https://polymarket.com/zh/event/btc-updown-5m-1778531700,04:35-04:40,13.00,88.00,12.00,87.00,534.83,98.56,98.56,559.36,12.50,87.50,1.00,1.00,11590.59,11066.53,11061.53,11795.59,12,87,87,12,,81872.32,,
2026-05-12T04:39:03+08:00,btc-updown-5m-1778531700,https://polymarket.com/zh/event/btc-updown-5m-1778531700,04:35-04:40,10.00,91.00,9.00,90.00,205.02,93.30,212.89,204.02,9.50,90.50,1.00,1.00,11252.59,10696.53,10696.53,11242.59,9,90,90,9,,81865.63,,
2026-05-12T04:39:05+08:00,btc-updown-5m-1778531700,https://polymarket.com/zh/event/btc-updown-5m-1778531700,04:35-04:40,5.00,96.00,4.00,95.00,235.02,298.30,287.95,428.02,4.50,95.50,1.00,1.00,10918.35,10706.60,10701.59,10817.28,4,95,95,4,,81861.52,,
2026-05-12T04:39:07+08:00,btc-updown-5m-1778531700,https://polymarket.com/zh/event/btc-updown-5m-1778531700,04:35-04:40,5.00,96.00,4.00,95.00,713.13,44.13,67.26,735.70,4.50,95.50,1.00,1.00,10616.21,10701.53,10706.53,10573.08,4,95,95,4,,81858.30,,
2026-05-12T04:39:09+08:00,btc-updown-5m-1778531700,https://polymarket.com/zh/event/btc-updown-5m-1778531700,04:35-04:40,4.00,97.00,3.00,96.00,812.10,579.94,639.94,869.10,3.50,96.50,1.00,1.00,10300.68,10641.53,10651.59,10517.56,3,96,96,3,,81859.31,,
2026-05-12T04:39:11+08:00,btc-updown-5m-1778531700,https://polymarket.com/zh/event/btc-updown-5m-1778531700,04:35-04:40,2.00,99.00,1.00,98.00,2284.95,8420.02,8416.14,2009.43,1.50,98.50,1.00,1.00,8416.14,10511.53,10516.53,8420.02,1,98,98,1,,81859.31,,
2026-05-12T04:39:13+08:00,btc-updown-5m-1778531700,https://polymarket.com/zh/event/btc-updown-5m-1778531700,04:35-04:40,2.00,99.00,1.00,98.00,1390.99,8369.81,8369.98,1375.99,1.50,98.50,1.00,1.00,8369.98,10451.53,10456.53,8369.81,1,98,98,1,,81861.99,,
2026-05-12T04:39:15+08:00,btc-updown-5m-1778531700,https://polymarket.com/zh/event/btc-updown-5m-1778531700,04:35-04:40,2.00,99.00,1.00,98.00,3419.61,2768.95,2828.95,3467.61,1.50,98.50,1.00,1.00,2828.95,9891.53,9901.54,2768.95,1,98,98,1,,81861.99,,
2026-05-12T04:39:17+08:00,btc-updown-5m-1778531700,https://polymarket.com/zh/event/btc-updown-5m-1778531700,04:35-04:40,2.00,99.00,1.00,98.00,3059.01,2262.31,2288.13,3075.01,1.50,98.50,1.00,1.00,2288.13,9951.59,9951.53,2262.31,1,98,98,1,,81862.00,,
2026-05-12T04:39:19+08:00,btc-updown-5m-1778531700,https://polymarket.com/zh/event/btc-updown-5m-1778531700,04:35-04:40,2.00,99.00,1.00,98.00,3104.03,2226.34,2152.77,3078.03,1.50,98.50,1.00,1.00,2152.77,9879.53,9884.53,2226.34,1,98,98,1,,81861.99,,
2026-05-12T04:39:21+08:00,btc-updown-5m-1778531700,https://polymarket.com/zh/event/btc-updown-5m-1778531700,04:35-04:40,2.00,99.00,1.00,98.00,3106.62,1370.62,1346.75,3118.62,1.50,98.50,1.00,1.00,1346.75,9874.53,9934.59,1370.62,1,98,98,1,,81861.99,,
2026-05-12T04:39:23+08:00,btc-updown-5m-1778531700,https://polymarket.com/zh/event/btc-updown-5m-1778531700,04:35-04:40,3.00,98.00,2.00,97.00,278.61,1263.50,1245.59,298.61,2.50,97.50,1.00,1.00,2968.94,9919.53,9914.53,2986.85,2,97,97,2,,81873.62,,
2026-05-12T04:39:25+08:00,btc-updown-5m-1778531700,https://polymarket.com/zh/event/btc-updown-5m-1778531700,04:35-04:40,3.00,98.00,2.00,97.00,243.96,389.36,370.39,225.62,2.50,97.50,1.00,1.00,1913.23,9864.53,9859.53,1927.20,2,97,97,2,,81873.62,,
2026-05-12T04:39:27+08:00,btc-updown-5m-1778531700,https://polymarket.com/zh/event/btc-updown-5m-1778531700,04:35-04:40,4.00,97.00,3.00,96.00,471.98,149.61,95.00,507.98,3.50,96.50,1.00,1.00,1929.39,9913.53,9908.53,1951.00,3,96,96,3,,81868.48,,
2026-05-12T04:39:29+08:00,btc-updown-5m-1778531700,https://polymarket.com/zh/event/btc-updown-5m-1778531700,04:35-04:40,3.00,98.00,2.00,97.00,170.78,112.20,112.20,140.44,2.50,97.50,1.00,1.00,882.55,9858.53,9863.59,982.55,2,97,97,2,,81868.48,,
2026-05-12T04:39:31+08:00,btc-updown-5m-1778531700,https://polymarket.com/zh/event/btc-updown-5m-1778531700,04:35-04:40,2.00,99.00,1.00,98.00,321.32,884.35,899.35,306.32,1.50,98.50,1.00,1.00,899.35,9743.59,9738.54,884.35,1,98,98,1,,81868.48,,
2026-05-12T04:39:33+08:00,btc-updown-5m-1778531700,https://polymarket.com/zh/event/btc-updown-5m-1778531700,04:35-04:40,2.00,99.00,1.00,98.00,370.69,160.00,434.51,365.69,1.50,98.50,1.00,1.00,434.51,9848.59,9843.54,160.00,1,98,98,1,,81868.48,,
2026-05-12T04:39:35+08:00,btc-updown-5m-1778531700,https://polymarket.com/zh/event/btc-updown-5m-1778531700,04:35-04:40,1.00,,,99.00,2745.04,,,2780.04,,,,,,9389.92,9384.92,,0,90,89,0,,81868.50,,
2026-05-12T04:39:37+08:00,btc-updown-5m-1778531700,https://polymarket.com/zh/event/btc-updown-5m-1778531700,04:35-04:40,1.00,,,99.00,3997.69,,,3995.69,,,,,,9439.92,9439.92,,0,90,90,0,,81864.02,,
2026-05-12T04:39:39+08:00,btc-updown-5m-1778531700,https://polymarket.com/zh/event/btc-updown-5m-1778531700,04:35-04:40,1.00,,,99.00,4025.99,,,4030.99,,,,,,9439.93,9439.92,,0,89,88,0,,81864.01,,
2026-05-12T04:39:41+08:00,btc-updown-5m-1778531700,https://polymarket.com/zh/event/btc-updown-5m-1778531700,04:35-04:40,1.00,,,99.00,4072.03,,,4077.03,,,,,,9384.92,9389.98,,0,88,88,0,,81864.01,,
2026-05-12T04:39:43+08:00,btc-updown-5m-1778531700,https://polymarket.com/zh/event/btc-updown-5m-1778531700,04:35-04:40,1.00,,,99.00,3134.53,,,3134.53,,,,,,9834.92,9839.92,,0,89,89,0,,81864.01,,
2026-05-12T04:39:45+08:00,btc-updown-5m-1778531700,https://polymarket.com/zh/event/btc-updown-5m-1778531700,04:35-04:40,1.00,,,99.00,3029.48,,,3034.48,,,,,,9779.92,9284.92,,0,87,88,0,,81864.02,,
2026-05-12T04:39:47+08:00,btc-updown-5m-1778531700,https://polymarket.com/zh/event/btc-updown-5m-1778531700,04:35-04:40,1.00,,,99.00,3016.74,,,2526.73,,,,,,8328.92,8233.92,,0,87,87,0,,81864.01,,
2026-05-12T04:39:49+08:00,btc-updown-5m-1778531700,https://polymarket.com/zh/event/btc-updown-5m-1778531700,04:35-04:40,1.00,,,99.00,2658.62,,,5658.62,,,,,,8383.92,8393.92,,0,86,86,0,,81864.01,,
2026-05-12T04:39:51+08:00,btc-updown-5m-1778531700,https://polymarket.com/zh/event/btc-updown-5m-1778531700,04:35-04:40,1.00,,,99.00,6407.03,,,6412.08,,,,,,5846.98,6102.92,,0,86,86,0,,81864.02,,
2026-05-12T04:39:53+08:00,btc-updown-5m-1778531700,https://polymarket.com/zh/event/btc-updown-5m-1778531700,04:35-04:40,1.00,,,99.00,7680.25,,,7830.25,,,,,,6256.98,6256.93,,0,89,87,0,,81863.25,,
2026-05-12T04:39:55+08:00,btc-updown-5m-1778531700,https://polymarket.com/zh/event/btc-updown-5m-1778531700,04:35-04:40,1.00,,,99.00,8071.25,,,8041.25,,,,,,5852.93,5792.92,,0,88,88,0,,81863.25,,
2026-05-12T04:39:56+08:00,btc-updown-5m-1778531700,https://polymarket.com/zh/event/btc-updown-5m-1778531700,04:35-04:40,1.00,,,99.00,10367.57,,,10382.57,,,,,,5337.92,5332.92,,0,88,88,0,,81863.26,,
2026-05-12T04:39:58+08:00,btc-updown-5m-1778531700,https://polymarket.com/zh/event/btc-updown-5m-1778531700,04:35-04:40,1.00,,,99.00,36280.64,,,42744.64,,,,,,10007.98,10392.92,,0,92,92,0,,81863.26,,
2026-05-12T04:40:01+08:00,btc-updown-5m-1778532000,https://polymarket.com/zh/event/btc-updown-5m-1778532000,04:40-04:45,49.00,52.00,48.00,51.00,14.58,154.15,95.15,11.64,48.50,51.50,1.00,1.00,71566.09,71365.59,71375.60,71571.09,48,51,51,48,81863.25,81863.25,,
2026-05-12T04:40:03+08:00,btc-updown-5m-1778532000,https://polymarket.com/zh/event/btc-updown-5m-1778532000,04:40-04:45,49.00,52.00,48.00,51.00,15.00,273.98,164.56,10.30,48.50,51.50,1.00,1.00,70943.09,70622.59,70800.59,71021.09,48,51,51,48,81863.25,81863.25,,
2026-05-12T04:40:05+08:00,btc-updown-5m-1778532000,https://polymarket.com/zh/event/btc-updown-5m-1778532000,04:40-04:45,50.00,51.00,49.00,50.00,464.25,14.11,14.11,408.07,49.50,50.50,1.00,1.00,71321.09,71144.61,71164.61,71321.09,49,50,50,49,81863.25,81864.74,,
2026-05-12T04:40:07+08:00,btc-updown-5m-1778532000,https://polymarket.com/zh/event/btc-updown-5m-1778532000,04:40-04:45,47.00,58.00,41.00,56.00,30.00,20.00,227.91,20.00,44.00,57.00,6.00,2.00,71411.09,71144.68,72818.67,71411.09,41,53,56,42,81863.25,81864.74,,
2026-05-12T04:40:09+08:00,btc-updown-5m-1778532000,https://polymarket.com/zh/event/btc-updown-5m-1778532000,04:40-04:45,42.00,59.00,41.00,58.00,115.02,599.43,599.43,100.02,41.50,58.50,1.00,1.00,71431.09,72838.67,72838.67,71431.09,41,58,58,41,81863.25,81857.39,,
2026-05-12T04:40:11+08:00,btc-updown-5m-1778532000,https://polymarket.com/zh/event/btc-updown-5m-1778532000,04:40-04:45,38.00,63.00,37.00,62.00,581.72,102.77,109.43,695.03,37.50,62.50,1.00,1.00,71429.33,71142.73,71137.67,71441.33,37,62,62,37,81863.25,81852.43,,
2026-05-12T04:40:13+08:00,btc-updown-5m-1778532000,https://polymarket.com/zh/event/btc-updown-5m-1778532000,04:40-04:45,38.00,63.00,37.00,62.00,55.00,844.32,941.32,55.00,37.50,62.50,1.00,1.00,71447.33,71160.73,71155.67,71447.33,37,62,62,37,81863.25,81847.14,,
2026-05-12T04:40:15+08:00,btc-updown-5m-1778532000,https://polymarket.com/zh/event/btc-updown-5m-1778532000,04:40-04:45,39.00,62.00,38.00,61.00,74.90,870.61,973.40,29.90,38.50,61.50,1.00,1.00,71542.33,71155.67,71155.67,71542.33,38,61,61,38,81863.25,81848.00,,
2026-05-12T04:40:17+08:00,btc-updown-5m-1778532000,https://polymarket.com/zh/event/btc-updown-5m-1778532000,04:40-04:45,39.00,62.00,38.00,61.00,68.68,861.61,847.61,68.68,38.50,61.50,1.00,1.00,71637.33,71155.67,71155.67,71637.33,38,61,61,38,81863.25,81849.93,,
2026-05-12T04:40:19+08:00,btc-updown-5m-1778532000,https://polymarket.com/zh/event/btc-updown-5m-1778532000,04:40-04:45,39.00,62.00,38.00,61.00,146.31,667.87,734.81,156.71,38.50,61.50,1.00,1.00,71737.33,71150.67,71150.68,71737.33,38,61,61,38,81863.25,81849.90,,
2026-05-12T04:40:21+08:00,btc-updown-5m-1778532000,https://polymarket.com/zh/event/btc-updown-5m-1778532000,04:40-04:45,39.00,62.00,38.00,61.00,75.02,626.07,682.30,80.02,38.50,61.50,1.00,1.00,64412.33,64066.98,64056.97,64512.33,38,61,61,38,81863.25,81849.66,,
2026-05-12T04:40:23+08:00,btc-updown-5m-1778532000,https://polymarket.com/zh/event/btc-updown-5m-1778532000,04:40-04:45,40.00,61.00,39.00,60.00,237.03,346.32,346.32,242.03,39.50,60.50,1.00,1.00,64709.93,64128.33,64128.33,64709.93,39,60,60,39,81863.25,81849.20,,
2026-05-12T04:40:25+08:00,btc-updown-5m-1778532000,https://polymarket.com/zh/event/btc-updown-5m-1778532000,04:40-04:45,40.00,61.00,39.00,60.00,463.74,76.33,48.26,581.74,39.50,60.50,1.00,1.00,64654.63,64188.04,64188.04,64688.53,39,60,60,39,81863.25,81849.16,,
2026-05-12T04:40:27+08:00,btc-updown-5m-1778532000,https://polymarket.com/zh/event/btc-updown-5m-1778532000,04:40-04:45,37.00,64.00,36.00,63.00,277.00,420.99,379.13,336.00,36.50,63.50,1.00,1.00,64810.93,64211.94,64234.28,64810.93,36,63,63,36,81863.25,81846.46,,
2026-05-12T04:40:29+08:00,btc-updown-5m-1778532000,https://polymarket.com/zh/event/btc-updown-5m-1778532000,04:40-04:45,37.00,64.00,36.00,63.00,129.02,693.95,599.99,194.02,36.50,63.50,1.00,1.00,64815.93,64229.33,64229.27,64810.93,36,63,63,36,81863.25,81846.53,,
2026-05-12T04:40:31+08:00,btc-updown-5m-1778532000,https://polymarket.com/zh/event/btc-updown-5m-1778532000,04:40-04:45,37.00,64.00,36.00,63.00,414.07,474.57,480.02,448.07,36.50,63.50,1.00,1.00,56530.93,55959.34,55959.33,56530.93,36,63,63,36,81863.25,81846.44,,
2026-05-12T04:40:33+08:00,btc-updown-5m-1778532000,https://polymarket.com/zh/event/btc-updown-5m-1778532000,04:40-04:45,37.00,64.00,36.00,63.00,495.14,299.26,299.26,511.14,36.50,63.50,1.00,1.00,56535.93,55954.28,55959.33,56530.93,36,63,63,36,81863.25,81846.43,,
2026-05-12T04:40:35+08:00,btc-updown-5m-1778532000,https://polymarket.com/zh/event/btc-updown-5m-1778532000,04:40-04:45,32.00,69.00,31.00,68.00,709.52,279.26,352.20,694.39,31.50,68.50,1.00,1.00,56530.93,55964.34,55954.27,56530.93,31,68,68,31,81863.25,81840.30,,
2026-05-12T04:40:37+08:00,btc-updown-5m-1778532000,https://polymarket.com/zh/event/btc-updown-5m-1778532000,04:40-04:45,31.00,74.00,27.00,73.00,1289.74,10.26,132.52,35.00,29.00,73.50,4.00,1.00,56754.26,55954.28,55964.34,56769.26,27,69,71,26,81863.25,81836.00,,
2026-05-12T04:40:39+08:00,btc-updown-5m-1778532000,https://polymarket.com/zh/event/btc-updown-5m-1778532000,04:40-04:45,26.00,75.00,25.00,74.00,817.49,155.20,155.20,730.03,25.50,74.50,1.00,1.00,56609.93,55949.28,55949.28,56609.93,25,74,74,25,81863.25,81826.73,,
2026-05-12T04:40:41+08:00,btc-updown-5m-1778532000,https://polymarket.com/zh/event/btc-updown-5m-1778532000,04:40-04:45,26.00,75.00,25.00,74.00,761.17,8.66,8.66,746.17,25.50,74.50,1.00,1.00,56584.93,55944.28,55944.28,56584.93,22,74,74,22,81863.25,81822.12,,
2026-05-12T04:40:43+08:00,btc-updown-5m-1778532000,https://polymarket.com/zh/event/btc-updown-5m-1778532000,04:40-04:45,21.00,80.00,20.00,79.00,975.44,181.65,176.55,1026.88,20.50,79.50,1.00,1.00,56461.42,54225.34,54210.27,56251.42,20,79,79,20,81863.25,81817.82,,
2026-05-12T04:40:45+08:00,btc-updown-5m-1778532000,https://polymarket.com/zh/event/btc-updown-5m-1778532000,04:40-04:45,22.00,80.00,21.00,79.00,740.07,173.79,173.11,89.59,21.50,79.50,1.00,1.00,56261.42,54220.33,54215.33,56366.42,21,78,79,20,81863.25,81822.13,,
2026-05-12T04:40:47+08:00,btc-updown-5m-1778532000,https://polymarket.com/zh/event/btc-updown-5m-1778532000,04:40-04:45,21.00,80.00,20.00,79.00,241.96,260.22,328.20,324.96,20.50,79.50,1.00,1.00,44570.42,42425.33,42420.33,44575.42,20,79,79,20,81863.25,81821.94,,
2026-05-12T04:40:49+08:00,btc-updown-5m-1778532000,https://polymarket.com/zh/event/btc-updown-5m-1778532000,04:40-04:45,21.00,80.00,20.00,79.00,178.84,217.61,280.10,183.84,20.50,79.50,1.00,1.00,44575.42,42420.27,42420.33,44580.42,20,79,79,20,81863.25,81821.93,,
2026-05-12T04:40:51+08:00,btc-updown-5m-1778532000,https://polymarket.com/zh/event/btc-updown-5m-1778532000,04:40-04:45,21.00,80.00,20.00,79.00,214.90,193.36,173.17,241.37,20.50,79.50,1.00,1.00,44575.42,42420.27,42425.34,44580.42,20,79,79,20,81863.25,81821.94,,
2026-05-12T04:40:53+08:00,btc-updown-5m-1778532000,https://polymarket.com/zh/event/btc-updown-5m-1778532000,04:40-04:45,20.00,81.00,19.00,80.00,255.27,208.64,444.64,332.27,19.50,80.50,1.00,1.00,44600.42,42425.33,42415.27,44600.42,19,80,80,19,81863.25,81821.94,,
2026-05-12T04:40:55+08:00,btc-updown-5m-1778532000,https://polymarket.com/zh/event/btc-updown-5m-1778532000,04:40-04:45,20.00,81.00,19.00,80.00,5.00,881.16,848.26,5.00,19.50,80.50,1.00,1.00,44682.42,42420.27,42415.27,44687.42,19,80,80,19,81863.25,81821.12,,
2026-05-12T04:40:57+08:00,btc-updown-5m-1778532000,https://polymarket.com/zh/event/btc-updown-5m-1778532000,04:40-04:45,26.00,75.00,24.00,74.00,25.18,149.80,85.00,0.19,25.00,74.50,2.00,1.00,44585.42,42425.28,42420.28,44590.42,24,73,74,25,81863.25,81829.70,,
2026-05-12T04:40:59+08:00,btc-updown-5m-1778532000,https://polymarket.com/zh/event/btc-updown-5m-1778532000,04:40-04:45,30.00,71.00,29.00,70.00,148.44,657.41,848.17,247.61,29.50,70.50,1.00,1.00,45564.41,42430.28,42430.34,45569.41,29,70,70,29,81863.25,81831.20,,
2026-05-12T04:41:01+08:00,btc-updown-5m-1778532000,https://polymarket.com/zh/event/btc-updown-5m-1778532000,04:40-04:45,30.00,71.00,29.00,70.00,925.31,32.10,32.10,782.05,29.50,70.50,1.00,1.00,25170.41,22941.27,22946.33,25170.41,29,70,70,29,81863.25,81831.20,,
2026-05-12T04:41:03+08:00,btc-updown-5m-1778532000,https://polymarket.com/zh/event/btc-updown-5m-1778532000,04:40-04:45,30.00,71.00,29.00,70.00,399.68,10.00,10.00,424.74,29.50,70.50,1.00,1.00,24939.41,22700.28,22705.34,24939.41,29,70,70,29,81863.25,81831.20,,
2026-05-12T04:41:05+08:00,btc-updown-5m-1778532000,https://polymarket.com/zh/event/btc-updown-5m-1778532000,04:40-04:45,28.00,73.00,27.00,72.00,332.98,227.11,70.79,248.70,27.50,72.50,1.00,1.00,24652.41,22408.27,22413.27,24657.41,27,72,72,27,81863.25,81831.21,,
2026-05-12T04:41:07+08:00,btc-updown-5m-1778532000,https://polymarket.com/zh/event/btc-updown-5m-1778532000,04:40-04:45,28.00,73.00,27.00,72.00,213.83,102.26,183.21,259.83,27.50,72.50,1.00,1.00,23100.41,20856.33,20851.28,23095.41,27,72,72,27,81863.25,81833.20,,
2026-05-12T04:41:09+08:00,btc-updown-5m-1778532000,https://polymarket.com/zh/event/btc-updown-5m-1778532000,04:40-04:45,28.00,73.00,27.00,72.00,6.44,556.54,689.07,96.59,27.50,72.50,1.00,1.00,23095.41,20846.27,20851.33,23095.41,27,72,72,27,81863.25,81833.21,,
2026-05-12T04:41:11+08:00,btc-updown-5m-1778532000,https://polymarket.com/zh/event/btc-updown-5m-1778532000,04:40-04:45,28.00,73.00,27.00,72.00,136.78,204.37,204.37,145.78,27.50,72.50,1.00,1.00,22994.41,20856.33,20856.33,22994.41,27,72,72,27,81863.25,81834.24,,
2026-05-12T04:41:13+08:00,btc-updown-5m-1778532000,https://polymarket.com/zh/event/btc-updown-5m-1778532000,04:40-04:45,28.00,73.00,27.00,72.00,205.95,251.87,305.97,233.95,27.50,72.50,1.00,1.00,22989.41,20856.33,20851.33,22893.41,27,72,72,27,81863.25,81834.52,,
2026-05-12T04:41:15+08:00,btc-updown-5m-1778532000,https://polymarket.com/zh/event/btc-updown-5m-1778532000,04:40-04:45,28.00,73.00,27.00,72.00,378.94,175.21,175.21,362.94,27.50,72.50,1.00,1.00,22994.41,20846.27,20851.28,22994.41,27,72,72,27,81863.25,81834.52,,
2026-05-12T04:41:17+08:00,btc-updown-5m-1778532000,https://polymarket.com/zh/event/btc-updown-5m-1778532000,04:40-04:45,33.00,68.00,32.00,67.00,400.31,612.38,584.23,376.01,32.50,67.50,1.00,1.00,23055.41,20851.33,20851.27,23050.41,32,67,67,32,81863.25,81840.00,,
2026-05-12T04:41:19+08:00,btc-updown-5m-1778532000,https://polymarket.com/zh/event/btc-updown-5m-1778532000,04:40-04:45,33.00,68.00,32.00,67.00,377.98,516.53,525.53,387.26,32.50,67.50,1.00,1.00,23055.41,20846.27,20846.27,23055.41,32,67,67,32,81863.25,81838.01,,
2026-05-12T04:41:21+08:00,btc-updown-5m-1778532000,https://polymarket.com/zh/event/btc-updown-5m-1778532000,04:40-04:45,33.00,68.00,32.00,67.00,508.07,209.04,151.18,472.25,32.50,67.50,1.00,1.00,23055.41,20846.27,20856.33,23050.41,32,67,67,32,81863.25,81836.01,,
2026-05-12T04:41:23+08:00,btc-updown-5m-1778532000,https://polymarket.com/zh/event/btc-updown-5m-1778532000,04:40-04:45,33.00,68.00,32.00,67.00,561.89,344.70,289.70,527.89,32.50,67.50,1.00,1.00,23055.41,20846.27,20856.33,23050.41,32,67,67,32,81863.25,81836.00,,
2026-05-12T04:41:25+08:00,btc-updown-5m-1778532000,https://polymarket.com/zh/event/btc-updown-5m-1778532000,04:40-04:45,30.00,71.00,29.00,70.00,15.00,5.00,7.22,70.00,29.50,70.50,1.00,1.00,23055.41,20851.28,20846.27,23055.41,29,70,70,29,81863.25,81836.00,,
2026-05-12T04:41:27+08:00,btc-updown-5m-1778532000,https://polymarket.com/zh/event/btc-updown-5m-1778532000,04:40-04:45,29.00,72.00,28.00,71.00,630.96,24.00,24.00,629.51,28.50,71.50,1.00,1.00,23115.41,20856.28,20861.28,23130.41,28,71,71,28,81863.25,81831.21,,
2026-05-12T04:41:29+08:00,btc-updown-5m-1778532000,https://polymarket.com/zh/event/btc-updown-5m-1778532000,04:40-04:45,22.00,79.00,21.00,78.00,224.16,106.21,101.21,178.70,21.50,78.50,1.00,1.00,22319.75,20856.28,20856.28,22319.75,21,78,78,21,81863.25,81825.15,,
2026-05-12T04:41:31+08:00,btc-updown-5m-1778532000,https://polymarket.com/zh/event/btc-updown-5m-1778532000,04:40-04:45,21.00,83.00,20.00,82.00,505.74,5.79,13.11,114.89,20.50,82.50,1.00,1.00,21931.75,20438.28,20448.34,21906.75,17,79,82,17,81863.25,81822.30,,
2026-05-12T04:41:33+08:00,btc-updown-5m-1778532000,https://polymarket.com/zh/event/btc-updown-5m-1778532000,04:40-04:45,16.00,85.00,15.00,84.00,795.94,95.99,78.71,713.94,15.50,84.50,1.00,1.00,22856.75,20438.27,20438.33,22861.75,15,84,84,15,81863.25,81817.83,,
2026-05-12T04:41:35+08:00,btc-updown-5m-1778532000,https://polymarket.com/zh/event/btc-updown-5m-1778532000,04:40-04:45,15.00,86.00,14.00,85.00,68.00,172.68,422.67,207.02,14.50,85.50,1.00,1.00,22746.75,20443.33,20438.28,22741.75,14,85,85,14,81863.25,81817.82,,
2026-05-12T04:41:38+08:00,btc-updown-5m-1778532000,https://polymarket.com/zh/event/btc-updown-5m-1778532000,04:40-04:45,13.00,88.00,12.00,87.00,408.77,11.52,151.85,722.93,12.50,87.50,1.00,1.00,21716.42,20443.28,20438.28,22525.22,11,87,87,12,81863.25,81801.20,,
2026-05-12T04:41:39+08:00,btc-updown-5m-1778532000,https://polymarket.com/zh/event/btc-updown-5m-1778532000,04:40-04:45,10.00,91.00,9.00,90.00,722.78,151.23,167.25,399.35,9.50,90.50,1.00,1.00,24038.22,20438.27,20438.33,24058.16,9,90,90,9,81863.25,81801.96,,
2026-05-12T04:41:41+08:00,btc-updown-5m-1778532000,https://polymarket.com/zh/event/btc-updown-5m-1778532000,04:40-04:45,10.00,91.00,9.00,90.00,442.13,103.84,103.84,389.13,9.50,90.50,1.00,1.00,22926.42,20443.33,20433.27,22981.42,9,90,90,9,81863.25,81801.95,,
2026-05-12T04:41:43+08:00,btc-updown-5m-1778532000,https://polymarket.com/zh/event/btc-updown-5m-1778532000,04:40-04:45,10.00,91.00,9.00,90.00,257.36,93.41,83.41,267.36,9.50,90.50,1.00,1.00,22511.36,20443.33,20433.27,22906.36,9,90,90,9,81863.25,81801.20,,
2026-05-12T04:41:46+08:00,btc-updown-5m-1778532000,https://polymarket.com/zh/event/btc-updown-5m-1778532000,04:40-04:45,10.00,91.00,9.00,90.00,144.38,522.51,450.51,139.38,9.50,90.50,1.00,1.00,22811.42,20333.27,20338.28,23101.42,9,90,90,9,81863.25,81801.20,,
2026-05-12T04:41:48+08:00,btc-updown-5m-1778532000,https://polymarket.com/zh/event/btc-updown-5m-1778532000,04:40-04:45,10.00,91.00,9.00,90.00,29.15,297.48,211.45,23.15,9.50,90.50,1.00,1.00,23194.42,20323.27,20333.33,23189.42,9,90,90,9,81863.25,81801.21,,
2026-05-12T04:41:50+08:00,btc-updown-5m-1778532000,https://polymarket.com/zh/event/btc-updown-5m-1778532000,04:40-04:45,10.00,91.00,9.00,90.00,54.89,10.46,63.54,74.89,9.50,90.50,1.00,1.00,23289.42,20328.27,20333.33,23382.42,9,90,90,9,81863.25,81801.20,,
2026-05-12T04:41:52+08:00,btc-updown-5m-1778532000,https://polymarket.com/zh/event/btc-updown-5m-1778532000,04:40-04:45,10.00,91.00,9.00,90.00,89.04,26.94,80.02,245.70,9.50,90.50,1.00,1.00,23336.44,20328.27,20328.33,23241.44,9,90,90,9,81863.25,81801.21,,
2026-05-12T04:41:54+08:00,btc-updown-5m-1778532000,https://polymarket.com/zh/event/btc-updown-5m-1778532000,04:40-04:45,10.00,91.00,9.00,90.00,365.06,2.82,7.82,357.10,9.50,90.50,1.00,1.00,23294.73,20333.33,20323.27,23294.73,9,90,90,9,81863.25,81801.21,,
2026-05-12T04:41:56+08:00,btc-updown-5m-1778532000,https://polymarket.com/zh/event/btc-updown-5m-1778532000,04:40-04:45,10.00,91.00,9.00,90.00,342.21,65.02,65.02,348.74,9.50,90.50,1.00,1.00,23136.73,20333.33,20328.28,23235.73,9,90,90,9,81863.25,81801.20,,
2026-05-12T04:41:58+08:00,btc-updown-5m-1778532000,https://polymarket.com/zh/event/btc-updown-5m-1778532000,04:40-04:45,9.00,92.00,8.00,91.00,71.02,316.73,312.60,71.02,8.50,91.50,1.00,1.00,22956.73,20338.33,20323.27,22708.79,8,91,91,8,81863.25,81801.20,,
2026-05-12T04:42:00+08:00,btc-updown-5m-1778532000,https://polymarket.com/zh/event/btc-updown-5m-1778532000,04:40-04:45,10.00,92.00,8.00,91.00,360.94,256.69,136.69,194.66,9.00,91.50,2.00,1.00,22736.73,20333.33,20313.27,22964.73,8,90,91,8,81863.25,81801.20,,
2026-05-12T04:42:02+08:00,btc-updown-5m-1778532000,https://polymarket.com/zh/event/btc-updown-5m-1778532000,04:40-04:45,10.00,91.00,9.00,90.00,291.60,30.02,25.02,259.19,9.50,90.50,1.00,1.00,23549.73,20211.27,20206.27,23454.73,9,90,90,9,81863.25,81801.21,,
2026-05-12T04:42:04+08:00,btc-updown-5m-1778532000,https://polymarket.com/zh/event/btc-updown-5m-1778532000,04:40-04:45,10.00,91.00,9.00,90.00,145.02,26.02,26.02,145.02,9.50,90.50,1.00,1.00,23397.23,20198.77,20193.77,23402.23,9,90,90,9,81863.25,81801.20,,
2026-05-12T04:42:06+08:00,btc-updown-5m-1778532000,https://polymarket.com/zh/event/btc-updown-5m-1778532000,04:40-04:45,9.00,92.00,8.00,91.00,60.02,301.13,321.13,65.02,8.50,91.50,1.00,1.00,23640.97,20293.77,20293.77,23640.97,8,91,91,8,81863.25,81801.20,,
2026-05-12T04:42:08+08:00,btc-updown-5m-1778532000,https://polymarket.com/zh/event/btc-updown-5m-1778532000,04:40-04:45,9.00,92.00,8.00,91.00,26.95,284.64,304.64,20.31,8.50,91.50,1.00,1.00,20615.91,17278.78,17273.83,20640.97,8,91,91,8,81863.25,81801.21,,
2026-05-12T04:42:10+08:00,btc-updown-5m-1778532000,https://polymarket.com/zh/event/btc-updown-5m-1778532000,04:40-04:45,10.00,91.00,9.00,90.00,130.64,37.02,37.02,200.62,9.50,90.50,1.00,1.00,20852.95,17278.83,17268.77,20862.97,9,90,90,9,81863.25,81801.20,,
2026-05-12T04:42:12+08:00,btc-updown-5m-1778532000,https://polymarket.com/zh/event/btc-updown-5m-1778532000,04:40-04:45,11.00,90.00,10.00,89.00,197.58,437.99,457.99,192.58,10.50,89.50,1.00,1.00,20147.95,17273.77,17278.83,20172.95,10,89,89,10,81863.25,81807.88,,
2026-05-12T04:42:14+08:00,btc-updown-5m-1778532000,https://polymarket.com/zh/event/btc-updown-5m-1778532000,04:40-04:45,8.00,93.00,7.00,92.00,460.97,2.39,226.70,703.29,7.50,92.50,1.00,1.00,18626.45,17178.84,17178.78,17965.23,7,92,92,7,81863.25,81807.88,,
2026-05-12T04:42:16+08:00,btc-updown-5m-1778532000,https://polymarket.com/zh/event/btc-updown-5m-1778532000,04:40-04:45,7.00,94.00,6.00,93.00,500.26,186.35,186.35,483.26,6.50,93.50,1.00,1.00,17904.17,17178.83,17168.77,17929.80,6,93,93,6,81863.25,81789.99,,
2026-05-12T04:42:18+08:00,btc-updown-5m-1778532000,https://polymarket.com/zh/event/btc-updown-5m-1778532000,04:40-04:45,7.00,95.00,6.00,94.00,421.88,1052.73,101.95,55.05,6.50,94.50,1.00,1.00,17983.00,17173.83,17168.77,18364.00,6,93,94,5,81863.25,81789.97,,
2026-05-12T04:42:20+08:00,btc-updown-5m-1778532000,https://polymarket.com/zh/event/btc-updown-5m-1778532000,04:40-04:45,6.00,95.00,5.00,94.00,91.02,892.00,916.00,101.02,5.50,94.50,1.00,1.00,17453.24,17115.77,17120.83,17480.24,5,94,94,5,81863.25,81787.70,,
2026-05-12T04:42:22+08:00,btc-updown-5m-1778532000,https://polymarket.com/zh/event/btc-updown-5m-1778532000,04:40-04:45,4.00,97.00,3.00,96.00,808.53,2069.17,2045.21,808.53,3.50,96.50,1.00,1.00,15553.22,17114.83,17104.77,15577.18,3,96,96,3,81863.25,81779.98,,
2026-05-12T04:42:24+08:00,btc-updown-5m-1778532000,https://polymarket.com/zh/event/btc-updown-5m-1778532000,04:40-04:45,4.00,97.00,3.00,96.00,546.23,1365.46,1360.46,556.23,3.50,96.50,1.00,1.00,15685.90,17104.77,17104.83,15690.90,3,96,96,3,81863.25,81781.03,,
2026-05-12T04:42:26+08:00,btc-updown-5m-1778532000,https://polymarket.com/zh/event/btc-updown-5m-1778532000,04:40-04:45,4.00,97.00,3.00,96.00,365.00,920.10,910.10,260.00,3.50,96.50,1.00,1.00,12556.45,17104.77,17104.83,12566.45,3,96,96,3,81863.25,81779.98,,
2026-05-12T04:42:28+08:00,btc-updown-5m-1778532000,https://polymarket.com/zh/event/btc-updown-5m-1778532000,04:40-04:45,4.00,97.00,3.00,96.00,253.38,746.50,741.80,302.44,3.50,96.50,1.00,1.00,12439.23,17104.77,17099.77,12443.93,3,96,96,3,81863.25,81777.34,,
2026-05-12T04:42:30+08:00,btc-updown-5m-1778532000,https://polymarket.com/zh/event/btc-updown-5m-1778532000,04:40-04:45,3.00,98.00,2.00,97.00,606.52,1262.30,1258.33,578.18,2.50,97.50,1.00,1.00,11917.15,16764.83,16764.77,11921.12,2,97,97,2,81863.25,81767.59,,
2026-05-12T04:42:32+08:00,btc-updown-5m-1778532000,https://polymarket.com/zh/event/btc-updown-5m-1778532000,04:40-04:45,2.00,99.00,1.00,98.00,223.94,10597.25,10398.25,1479.77,1.50,98.50,1.00,1.00,10398.25,16775.78,16770.83,10597.25,1,98,98,1,81863.25,81761.52,,
2026-05-12T04:42:34+08:00,btc-updown-5m-1778532000,https://polymarket.com/zh/event/btc-updown-5m-1778532000,04:40-04:45,2.00,99.00,1.00,98.00,1046.14,7009.03,7035.03,2276.14,1.50,98.50,1.00,1.00,7035.03,16715.83,16205.77,7009.03,1,98,98,1,81863.25,81755.96,,
2026-05-12T04:42:36+08:00,btc-updown-5m-1778532000,https://polymarket.com/zh/event/btc-updown-5m-1778532000,04:40-04:45,2.00,99.00,1.00,98.00,2206.91,7154.38,7387.63,2201.91,1.50,98.50,1.00,1.00,7387.63,16169.78,16159.77,7154.38,1,98,98,1,81863.25,81757.20,,
2026-05-12T04:42:38+08:00,btc-updown-5m-1778532000,https://polymarket.com/zh/event/btc-updown-5m-1778532000,04:40-04:45,2.00,99.00,1.00,98.00,3009.02,7573.73,7573.73,1617.24,1.50,98.50,1.00,1.00,7573.73,16159.77,16169.83,7573.73,1,98,98,1,81863.25,81753.09,,
2026-05-12T04:42:40+08:00,btc-updown-5m-1778532000,https://polymarket.com/zh/event/btc-updown-5m-1778532000,04:40-04:45,2.00,99.00,1.00,98.00,394.61,6594.37,6549.37,404.61,1.50,98.50,1.00,1.00,6549.37,15753.77,15763.83,6594.37,1,98,98,1,81863.25,81751.54,,
2026-05-12T04:42:42+08:00,btc-updown-5m-1778532000,https://polymarket.com/zh/event/btc-updown-5m-1778532000,04:40-04:45,2.00,99.00,1.00,98.00,312.67,6514.09,6389.09,297.67,1.50,98.50,1.00,1.00,6389.09,15758.83,15763.83,6514.09,1,98,98,1,81863.25,81749.41,,
2026-05-12T04:42:44+08:00,btc-updown-5m-1778532000,https://polymarket.com/zh/event/btc-updown-5m-1778532000,04:40-04:45,2.00,99.00,1.00,98.00,230.69,5420.60,5390.60,230.69,1.50,98.50,1.00,1.00,5390.60,14758.77,14758.77,5420.60,1,98,98,1,81863.25,81734.89,,
2026-05-12T04:42:46+08:00,btc-updown-5m-1778532000,https://polymarket.com/zh/event/btc-updown-5m-1778532000,04:40-04:45,3.00,98.00,2.00,97.00,1005.27,160.81,140.81,974.27,2.50,97.50,1.00,1.00,5054.11,14758.83,14748.77,5074.11,2,97,97,2,81863.25,81752.10,,
2026-05-12T04:42:48+08:00,btc-updown-5m-1778532000,https://polymarket.com/zh/event/btc-updown-5m-1778532000,04:40-04:45,3.00,98.00,2.00,97.00,858.11,105.85,93.48,880.11,2.50,97.50,1.00,1.00,4986.78,14758.83,14748.77,4999.15,2,97,97,2,81863.25,81752.10,,
2026-05-12T04:42:50+08:00,btc-updown-5m-1778532000,https://polymarket.com/zh/event/btc-updown-5m-1778532000,04:40-04:45,3.00,98.00,2.00,97.00,934.14,56.44,170.85,950.14,2.50,97.50,1.00,1.00,4897.15,14753.77,14763.84,4772.74,2,97,97,2,81863.25,81752.09,,
2026-05-12T04:42:52+08:00,btc-updown-5m-1778532000,https://polymarket.com/zh/event/btc-updown-5m-1778532000,04:40-04:45,3.00,98.00,2.00,97.00,703.33,90.00,115.00,748.33,2.50,97.50,1.00,1.00,4813.30,14758.77,14753.77,4788.30,2,97,97,2,81863.25,81752.10,,
2026-05-12T04:42:54+08:00,btc-updown-5m-1778532000,https://polymarket.com/zh/event/btc-updown-5m-1778532000,04:40-04:45,2.00,99.00,1.00,98.00,340.96,4594.05,4627.05,364.47,1.50,98.50,1.00,1.00,4627.05,14704.75,14699.75,4594.05,1,98,98,1,81863.25,81743.35,,
2026-05-12T04:42:56+08:00,btc-updown-5m-1778532000,https://polymarket.com/zh/event/btc-updown-5m-1778532000,04:40-04:45,2.00,99.00,1.00,98.00,441.55,4001.07,4335.20,461.55,1.50,98.50,1.00,1.00,4335.20,14699.75,14704.76,4001.07,1,98,98,1,81863.25,81748.99,,
2026-05-12T04:42:58+08:00,btc-updown-5m-1778532000,https://polymarket.com/zh/event/btc-updown-5m-1778532000,04:40-04:45,2.00,99.00,1.00,98.00,555.53,4045.50,4155.50,572.53,1.50,98.50,1.00,1.00,4155.50,14684.75,14694.82,4045.50,1,98,98,1,81863.25,81748.99,,
2026-05-12T04:43:00+08:00,btc-updown-5m-1778532000,https://polymarket.com/zh/event/btc-updown-5m-1778532000,04:40-04:45,2.00,99.00,1.00,98.00,407.88,3992.94,3992.94,562.88,1.50,98.50,1.00,1.00,3992.94,13179.75,13179.81,3992.94,1,98,98,1,81863.25,81749.00,,
2026-05-12T04:43:02+08:00,btc-updown-5m-1778532000,https://polymarket.com/zh/event/btc-updown-5m-1778532000,04:40-04:45,2.00,99.00,1.00,98.00,694.03,4179.88,4223.90,739.03,1.50,98.50,1.00,1.00,4223.90,11979.76,11974.75,4179.88,1,98,98,1,81863.25,81761.52,,
2026-05-12T04:43:04+08:00,btc-updown-5m-1778532000,https://polymarket.com/zh/event/btc-updown-5m-1778532000,04:40-04:45,2.00,99.00,1.00,98.00,572.76,4366.19,4346.19,582.76,1.50,98.50,1.00,1.00,4346.19,11974.81,11969.81,4366.19,1,98,98,1,81863.25,81764.54,,
2026-05-12T04:43:06+08:00,btc-updown-5m-1778532000,https://polymarket.com/zh/event/btc-updown-5m-1778532000,04:40-04:45,2.00,99.00,1.00,98.00,457.91,4093.73,4113.73,467.91,1.50,98.50,1.00,1.00,4113.73,12024.81,12019.81,4093.73,1,98,98,1,81863.25,81764.54,,
2026-05-12T04:43:08+08:00,btc-updown-5m-1778532000,https://polymarket.com/zh/event/btc-updown-5m-1778532000,04:40-04:45,2.00,99.00,1.00,98.00,359.91,4446.42,4159.42,339.91,1.50,98.50,1.00,1.00,4159.42,11314.75,11324.76,4446.42,1,98,98,1,81863.25,81764.54,,
2026-05-12T04:43:10+08:00,btc-updown-5m-1778532000,https://polymarket.com/zh/event/btc-updown-5m-1778532000,04:40-04:45,3.00,98.00,2.00,97.00,422.93,1012.15,993.15,402.93,2.50,97.50,1.00,1.00,4409.27,11319.81,11314.75,4433.27,2,97,97,2,81863.25,81776.65,,
2026-05-12T04:43:12+08:00,btc-updown-5m-1778532000,https://polymarket.com/zh/event/btc-updown-5m-1778532000,04:40-04:45,4.00,97.00,3.00,96.00,469.69,593.00,623.00,474.69,3.50,96.50,1.00,1.00,5258.31,11309.82,11309.82,5228.31,3,96,96,3,81863.25,81782.72,,
2026-05-12T04:43:14+08:00,btc-updown-5m-1778532000,https://polymarket.com/zh/event/btc-updown-5m-1778532000,04:40-04:45,5.00,96.00,4.00,95.00,912.95,149.16,114.16,920.95,4.50,95.50,1.00,1.00,5209.17,11344.81,11334.75,5380.83,4,95,95,4,81863.25,81787.85,,
2026-05-12T04:43:16+08:00,btc-updown-5m-1778532000,https://polymarket.com/zh/event/btc-updown-5m-1778532000,04:40-04:45,4.00,97.00,3.00,96.00,105.62,347.35,342.35,135.62,3.50,96.50,1.00,1.00,4957.66,11344.81,11334.75,5180.99,3,96,96,3,81863.25,81787.85,,
2026-05-12T04:43:18+08:00,btc-updown-5m-1778532000,https://polymarket.com/zh/event/btc-updown-5m-1778532000,04:40-04:45,5.00,96.00,4.00,95.00,906.61,112.91,107.91,886.61,4.50,95.50,1.00,1.00,5401.34,11339.75,11339.81,5284.68,4,95,95,4,81863.25,81787.97,,
2026-05-12T04:43:20+08:00,btc-updown-5m-1778532000,https://polymarket.com/zh/event/btc-updown-5m-1778532000,04:40-04:45,5.00,96.00,4.00,95.00,708.98,114.64,134.64,703.98,4.50,95.50,1.00,1.00,5426.41,11349.82,11334.75,5291.92,4,95,95,4,81863.25,81790.01,,
2026-05-12T04:43:22+08:00,btc-updown-5m-1778532000,https://polymarket.com/zh/event/btc-updown-5m-1778532000,04:40-04:45,5.00,96.00,4.00,95.00,688.78,94.16,94.16,664.78,4.50,95.50,1.00,1.00,5363.01,11334.75,11329.75,5263.01,4,95,95,4,81863.25,81791.80,,
2026-05-12T04:43:24+08:00,btc-updown-5m-1778532000,https://polymarket.com/zh/event/btc-updown-5m-1778532000,04:40-04:45,5.00,96.00,4.00,95.00,753.53,70.00,90.00,828.53,4.50,95.50,1.00,1.00,5114.48,11334.75,11339.81,5099.48,4,95,95,4,81863.25,81791.82,,
2026-05-12T04:43:26+08:00,btc-updown-5m-1778532000,https://polymarket.com/zh/event/btc-updown-5m-1778532000,04:40-04:45,5.00,96.00,4.00,95.00,493.43,80.00,80.00,478.43,4.50,95.50,1.00,1.00,5003.97,11334.75,11339.81,4598.97,4,95,95,4,81863.25,81794.23,,
2026-05-12T04:43:28+08:00,btc-updown-5m-1778532000,https://polymarket.com/zh/event/btc-updown-5m-1778532000,04:40-04:45,5.00,96.00,4.00,95.00,446.69,80.00,110.00,421.69,4.50,95.50,1.00,1.00,4101.01,11334.75,11339.81,4071.01,4,95,95,4,81863.25,81794.02,,
2026-05-12T04:43:30+08:00,btc-updown-5m-1778532000,https://polymarket.com/zh/event/btc-updown-5m-1778532000,04:40-04:45,4.00,97.00,3.00,96.00,148.50,495.96,591.12,153.50,3.50,96.50,1.00,1.00,5201.28,11334.75,11339.81,5121.12,3,96,96,3,81863.25,81794.01,,
2026-05-12T04:43:32+08:00,btc-updown-5m-1778532000,https://polymarket.com/zh/event/btc-updown-5m-1778532000,04:40-04:45,4.00,97.00,3.00,96.00,627.10,149.89,134.89,623.10,3.50,96.50,1.00,1.00,4911.38,10959.82,10949.75,4926.38,3,96,96,3,81863.25,81792.00,,
2026-05-12T04:43:34+08:00,btc-updown-5m-1778532000,https://polymarket.com/zh/event/btc-updown-5m-1778532000,04:40-04:45,4.00,97.00,3.00,96.00,503.35,77.93,135.00,488.35,3.50,96.50,1.00,1.00,4743.49,10909.81,10929.75,4681.42,3,96,96,3,81863.25,81791.99,,
2026-05-12T04:43:36+08:00,btc-updown-5m-1778532000,https://polymarket.com/zh/event/btc-updown-5m-1778532000,04:40-04:45,3.00,98.00,2.00,97.00,439.32,729.48,654.48,464.93,2.50,97.50,1.00,1.00,4321.60,10949.76,10954.81,4396.60,2,97,97,2,81863.25,81792.00,,
2026-05-12T04:43:38+08:00,btc-updown-5m-1778532000,https://polymarket.com/zh/event/btc-updown-5m-1778532000,04:40-04:45,3.00,98.00,2.00,97.00,530.17,529.60,504.60,510.17,2.50,97.50,1.00,1.00,4473.64,10959.81,10954.76,4231.87,2,97,97,2,81863.25,81791.99,,
2026-05-12T04:43:40+08:00,btc-updown-5m-1778532000,https://polymarket.com/zh/event/btc-updown-5m-1778532000,04:40-04:45,3.00,98.00,2.00,97.00,548.17,557.24,582.24,553.17,2.50,97.50,1.00,1.00,4617.28,10954.81,10954.76,4347.49,2,97,97,2,81863.25,81791.99,,
2026-05-12T04:43:42+08:00,btc-updown-5m-1778532000,https://polymarket.com/zh/event/btc-updown-5m-1778532000,04:40-04:45,3.00,98.00,2.00,97.00,355.84,947.58,772.58,205.74,2.50,97.50,1.00,1.00,3921.53,10954.75,10959.81,4096.53,2,97,97,2,81863.25,81793.99,,
2026-05-12T04:43:44+08:00,btc-updown-5m-1778532000,https://polymarket.com/zh/event/btc-updown-5m-1778532000,04:40-04:45,3.00,98.00,2.00,97.00,456.81,592.93,592.93,461.81,2.50,97.50,1.00,1.00,3974.85,10949.75,10954.81,3707.90,2,97,97,2,81863.25,81796.02,,
2026-05-12T04:43:46+08:00,btc-updown-5m-1778532000,https://polymarket.com/zh/event/btc-updown-5m-1778532000,04:40-04:45,2.00,99.00,1.00,98.00,424.95,1885.02,1880.02,454.95,1.50,98.50,1.00,1.00,1880.02,10529.75,10534.81,1885.02,1,98,98,1,81863.25,81796.01,,
2026-05-12T04:43:48+08:00,btc-updown-5m-1778532000,https://polymarket.com/zh/event/btc-updown-5m-1778532000,04:40-04:45,2.00,99.00,1.00,98.00,474.80,1866.33,1874.37,474.80,1.50,98.50,1.00,1.00,1874.37,10534.81,10534.81,1866.33,1,98,98,1,81863.25,81796.01,,
2026-05-12T04:43:50+08:00,btc-updown-5m-1778532000,https://polymarket.com/zh/event/btc-updown-5m-1778532000,04:40-04:45,2.00,99.00,1.00,98.00,446.92,1955.19,1986.36,446.92,1.50,98.50,1.00,1.00,1986.36,10523.75,10528.81,1955.19,1,98,98,1,81863.25,81794.72,,
2026-05-12T04:43:52+08:00,btc-updown-5m-1778532000,https://polymarket.com/zh/event/btc-updown-5m-1778532000,04:40-04:45,2.00,99.00,1.00,98.00,131.00,2024.02,1994.02,151.00,1.50,98.50,1.00,1.00,1994.02,10533.76,10533.81,2024.02,1,98,98,1,81863.25,81794.76,,
2026-05-12T04:43:54+08:00,btc-updown-5m-1778532000,https://polymarket.com/zh/event/btc-updown-5m-1778532000,04:40-04:45,2.00,99.00,1.00,98.00,95.00,1549.00,1611.00,95.00,1.50,98.50,1.00,1.00,1611.00,10523.81,10523.75,1549.00,1,98,98,1,81863.25,81794.76,,
2026-05-12T04:43:56+08:00,btc-updown-5m-1778532000,https://polymarket.com/zh/event/btc-updown-5m-1778532000,04:40-04:45,2.00,99.00,1.00,98.00,80.00,1825.63,1855.63,36.00,1.50,98.50,1.00,1.00,1855.63,10293.81,10293.75,1825.63,1,98,98,1,81863.25,81797.87,,
2026-05-12T04:43:58+08:00,btc-updown-5m-1778532000,https://polymarket.com/zh/event/btc-updown-5m-1778532000,04:40-04:45,2.00,99.00,1.00,98.00,281.80,225.00,215.00,281.80,1.50,98.50,1.00,1.00,215.00,10198.75,10193.74,225.00,1,98,98,1,81863.25,81797.88,,
2026-05-12T04:44:00+08:00,btc-updown-5m-1778532000,https://polymarket.com/zh/event/btc-updown-5m-1778532000,04:40-04:45,2.00,99.00,1.00,98.00,280.04,1035.40,1010.40,300.04,1.50,98.50,1.00,1.00,1010.40,9813.74,9818.80,1035.40,1,98,98,1,81863.25,81797.87,,
2026-05-12T04:44:02+08:00,btc-updown-5m-1778532000,https://polymarket.com/zh/event/btc-updown-5m-1778532000,04:40-04:45,2.00,99.00,1.00,98.00,243.61,1191.13,1151.13,243.61,1.50,98.50,1.00,1.00,1151.13,9423.72,9423.72,1191.13,1,98,98,1,81863.25,81797.84,,
2026-05-12T04:44:04+08:00,btc-updown-5m-1778532000,https://polymarket.com/zh/event/btc-updown-5m-1778532000,04:40-04:45,2.00,99.00,1.00,98.00,352.87,992.09,1007.09,447.87,1.50,98.50,1.00,1.00,1007.09,9423.72,9428.78,992.09,1,98,98,1,81863.25,81796.61,,
2026-05-12T04:44:06+08:00,btc-updown-5m-1778532000,https://polymarket.com/zh/event/btc-updown-5m-1778532000,04:40-04:45,1.00,,,99.00,2145.18,,,2225.18,,,,,,9428.78,9428.78,,0,99,99,0,81863.25,81796.61,,
2026-05-12T04:44:08+08:00,btc-updown-5m-1778532000,https://polymarket.com/zh/event/btc-updown-5m-1778532000,04:40-04:45,1.00,,,99.00,4679.01,,,4829.01,,,,,,9423.72,9428.78,,0,99,99,0,81863.25,81796.61,,
2026-05-12T04:44:10+08:00,btc-updown-5m-1778532000,https://polymarket.com/zh/event/btc-updown-5m-1778532000,04:40-04:45,1.00,,,99.00,4697.91,,,4697.91,,,,,,9418.72,9423.72,,0,99,99,0,81863.25,81796.61,,
2026-05-12T04:44:12+08:00,btc-updown-5m-1778532000,https://polymarket.com/zh/event/btc-updown-5m-1778532000,04:40-04:45,1.00,,,99.00,5974.17,,,5675.34,,,,,,9418.72,9428.78,,0,99,99,0,81863.25,81800.78,,
2026-05-12T04:44:14+08:00,btc-updown-5m-1778532000,https://polymarket.com/zh/event/btc-updown-5m-1778532000,04:40-04:45,1.00,,,99.00,5375.34,,,5386.34,,,,,,9428.78,9423.72,,0,99,99,0,81863.25,81803.93,,
2026-05-12T04:44:16+08:00,btc-updown-5m-1778532000,https://polymarket.com/zh/event/btc-updown-5m-1778532000,04:40-04:45,1.00,,,99.00,4797.96,,,4796.35,,,,,,9423.78,9418.72,,0,99,99,0,81863.25,81803.93,,
2026-05-12T04:44:18+08:00,btc-updown-5m-1778532000,https://polymarket.com/zh/event/btc-updown-5m-1778532000,04:40-04:45,1.00,,,99.00,5161.30,,,5161.30,,,,,,9408.72,9413.78,,0,99,99,0,81863.25,81803.94,,
2026-05-12T04:44:20+08:00,btc-updown-5m-1778532000,https://polymarket.com/zh/event/btc-updown-5m-1778532000,04:40-04:45,1.00,,,99.00,5097.60,,,5097.60,,,,,,9418.78,9408.72,,0,99,99,0,81863.25,81803.93,,
2026-05-12T04:44:22+08:00,btc-updown-5m-1778532000,https://polymarket.com/zh/event/btc-updown-5m-1778532000,04:40-04:45,1.00,,,99.00,4772.40,,,4742.10,,,,,,9413.72,9408.72,,0,99,99,0,81863.25,81813.02,,
2026-05-12T04:44:24+08:00,btc-updown-5m-1778532000,https://polymarket.com/zh/event/btc-updown-5m-1778532000,04:40-04:45,1.00,,,99.00,4142.31,,,4142.31,,,,,,9418.78,9408.72,,0,99,99,0,81863.25,81812.98,,
2026-05-12T04:44:26+08:00,btc-updown-5m-1778532000,https://polymarket.com/zh/event/btc-updown-5m-1778532000,04:40-04:45,1.00,,,99.00,4017.31,,,4017.31,,,,,,9413.72,9413.78,,0,99,99,0,81863.25,81812.45,,
2026-05-12T04:44:28+08:00,btc-updown-5m-1778532000,https://polymarket.com/zh/event/btc-updown-5m-1778532000,04:40-04:45,1.00,,,99.00,4172.31,,,4172.31,,,,,,9413.72,9418.78,,0,99,99,0,81863.25,81813.61,,
2026-05-12T04:44:30+08:00,btc-updown-5m-1778532000,https://polymarket.com/zh/event/btc-updown-5m-1778532000,04:40-04:45,1.00,,,99.00,4705.55,,,4755.55,,,,,,9413.72,9397.72,,0,99,99,0,81863.25,81813.62,,
2026-05-12T04:44:32+08:00,btc-updown-5m-1778532000,https://polymarket.com/zh/event/btc-updown-5m-1778532000,04:40-04:45,1.00,,,99.00,4255.55,,,4155.55,,,,,,9322.72,9322.78,,0,99,99,0,81863.25,81813.60,,
2026-05-12T04:44:34+08:00,btc-updown-5m-1778532000,https://polymarket.com/zh/event/btc-updown-5m-1778532000,04:40-04:45,1.00,,,99.00,4514.94,,,4514.94,,,,,,9337.78,9327.72,,0,99,99,0,81863.25,81800.77,,
2026-05-12T04:44:36+08:00,btc-updown-5m-1778532000,https://polymarket.com/zh/event/btc-updown-5m-1778532000,04:40-04:45,1.00,,,99.00,4113.67,,,4113.67,,,,,,9034.18,9024.12,,0,65,65,0,81863.25,81800.77,,
2026-05-12T04:44:38+08:00,btc-updown-5m-1778532000,https://polymarket.com/zh/event/btc-updown-5m-1778532000,04:40-04:45,1.00,,,99.00,4613.67,,,4613.67,,,,,,9029.12,9024.12,,0,64,64,0,81863.25,81806.96,,
2026-05-12T04:44:40+08:00,btc-updown-5m-1778532000,https://polymarket.com/zh/event/btc-updown-5m-1778532000,04:40-04:45,1.00,,,99.00,4618.72,,,4618.72,,,,,,9024.12,9029.18,,0,66,65,0,81863.25,81806.97,,
2026-05-12T04:44:42+08:00,btc-updown-5m-1778532000,https://polymarket.com/zh/event/btc-updown-5m-1778532000,04:40-04:45,1.00,,,99.00,4933.70,,,4933.70,,,,,,9024.12,9029.18,,0,63,64,0,81863.25,81805.15,,
2026-05-12T04:44:44+08:00,btc-updown-5m-1778532000,https://polymarket.com/zh/event/btc-updown-5m-1778532000,04:40-04:45,1.00,,,99.00,5033.70,,,5033.70,,,,,,9024.12,9029.18,,0,64,65,0,81863.25,81804.79,,
2026-05-12T04:44:46+08:00,btc-updown-5m-1778532000,https://polymarket.com/zh/event/btc-updown-5m-1778532000,04:40-04:45,1.00,,,99.00,5069.82,,,5169.82,,,,,,8037.12,8037.12,,0,63,64,0,81863.25,81805.03,,
2026-05-12T04:44:48+08:00,btc-updown-5m-1778532000,https://polymarket.com/zh/event/btc-updown-5m-1778532000,04:40-04:45,1.00,,,99.00,4893.82,,,4893.82,,,,,,8037.12,8037.12,,0,64,64,0,81863.25,81804.79,,
2026-05-12T04:44:50+08:00,btc-updown-5m-1778532000,https://polymarket.com/zh/event/btc-updown-5m-1778532000,04:40-04:45,1.00,,,99.00,5685.78,,,5786.79,,,,,,5542.18,5547.13,,0,62,62,0,81863.25,81804.79,,
2026-05-12T04:44:52+08:00,btc-updown-5m-1778532000,https://polymarket.com/zh/event/btc-updown-5m-1778532000,04:40-04:45,1.00,,,99.00,6093.78,,,6093.78,,,,,,5911.12,5911.13,,0,62,62,0,81863.25,81804.80,,
2026-05-12T04:44:54+08:00,btc-updown-5m-1778532000,https://polymarket.com/zh/event/btc-updown-5m-1778532000,04:40-04:45,1.00,,,99.00,6694.79,,,6705.79,,,,,,5906.12,5911.18,,0,63,62,0,81863.25,81812.94,,
2026-05-12T04:44:56+08:00,btc-updown-5m-1778532000,https://polymarket.com/zh/event/btc-updown-5m-1778532000,04:40-04:45,1.00,,,99.00,15709.62,,,15727.68,,,,,,5443.07,5438.06,,0,62,62,0,81863.25,81813.02,,
2026-05-12T04:44:58+08:00,btc-updown-5m-1778532000,https://polymarket.com/zh/event/btc-updown-5m-1778532000,04:40-04:45,1.00,,,99.00,29419.14,,,31091.47,,,,,,9043.06,11043.06,,0,68,67,0,81863.25,81813.02,,
2026-05-12T04:45:01+08:00,btc-updown-5m-1778532300,https://polymarket.com/zh/event/btc-updown-5m-1778532300,04:45-04:50,56.00,45.00,55.00,44.00,48.00,371.69,344.81,48.00,55.50,44.50,1.00,1.00,91231.19,90250.70,70250.71,71231.19,55,44,44,55,81816.18,81816.18,,
2026-05-12T04:45:03+08:00,btc-updown-5m-1778532300,https://polymarket.com/zh/event/btc-updown-5m-1778532300,04:45-04:50,58.00,43.00,57.00,42.00,43.87,223.20,120.34,5.60,57.50,42.50,1.00,1.00,70374.20,69352.70,69362.70,70394.20,57,41,42,57,81816.18,81813.02,,
2026-05-12T04:45:05+08:00,btc-updown-5m-1778532300,https://polymarket.com/zh/event/btc-updown-5m-1778532300,04:45-04:50,58.00,43.00,57.00,42.00,143.04,185.34,321.52,272.86,57.50,42.50,1.00,1.00,70809.20,69696.15,69751.15,70804.20,57,42,42,57,81816.18,81813.02,,
2026-05-12T04:45:07+08:00,btc-updown-5m-1778532300,https://polymarket.com/zh/event/btc-updown-5m-1778532300,04:45-04:50,55.00,46.00,54.00,45.00,1471.51,30.95,30.95,1442.50,54.50,45.50,1.00,1.00,71713.19,72195.70,72190.70,71218.19,54,45,45,54,81816.18,81808.98,,
2026-05-12T04:45:09+08:00,btc-updown-5m-1778532300,https://polymarket.com/zh/event/btc-updown-5m-1778532300,04:45-04:50,53.00,48.00,52.00,47.00,714.22,661.03,661.03,762.22,52.50,47.50,1.00,1.00,71218.19,72241.70,72340.15,71728.20,52,47,47,52,81816.18,81804.57,,
2026-05-12T04:45:11+08:00,btc-updown-5m-1778532300,https://polymarket.com/zh/event/btc-updown-5m-1778532300,04:45-04:50,53.00,48.00,52.00,47.00,760.88,744.89,759.92,705.88,52.50,47.50,1.00,1.00,71775.98,72397.93,72351.29,71180.98,52,47,47,52,81816.18,81804.56,,
2026-05-12T04:45:13+08:00,btc-updown-5m-1778532300,https://polymarket.com/zh/event/btc-updown-5m-1778532300,04:45-04:50,53.00,48.00,52.00,47.00,799.75,554.14,623.56,792.75,52.50,47.50,1.00,1.00,71738.97,72377.98,72372.98,71743.97,52,47,47,52,81816.18,81804.62,,
2026-05-12T04:45:15+08:00,btc-updown-5m-1778532300,https://polymarket.com/zh/event/btc-updown-5m-1778532300,04:45-04:50,53.00,48.00,52.00,47.00,688.50,678.03,708.03,692.50,52.50,47.50,1.00,1.00,71271.97,72410.98,72405.98,71776.97,52,47,47,52,81816.18,81805.85,,
2026-05-12T04:45:17+08:00,btc-updown-5m-1778532300,https://polymarket.com/zh/event/btc-updown-5m-1778532300,04:45-04:50,53.00,48.00,52.00,47.00,644.50,569.83,665.52,730.50,52.50,47.50,1.00,1.00,71283.97,72416.98,72422.98,71788.97,52,47,47,52,81816.18,81805.84,,
2026-05-12T04:45:19+08:00,btc-updown-5m-1778532300,https://polymarket.com/zh/event/btc-updown-5m-1778532300,04:45-04:50,53.00,48.00,52.00,47.00,748.87,554.62,548.90,679.98,52.50,47.50,1.00,1.00,71283.97,72422.98,72422.98,71283.97,52,47,47,52,81816.18,81805.48,,
2026-05-12T04:45:21+08:00,btc-updown-5m-1778532300,https://polymarket.com/zh/event/btc-updown-5m-1778532300,04:45-04:50,53.00,48.00,52.00,47.00,695.98,529.72,554.15,639.37,52.50,47.50,1.00,1.00,71283.97,72422.98,72417.98,71293.98,52,47,47,52,81816.18,81797.89,,
2026-05-12T04:45:23+08:00,btc-updown-5m-1778532300,https://polymarket.com/zh/event/btc-updown-5m-1778532300,04:45-04:50,45.00,56.00,44.00,55.00,106.50,1353.47,1433.78,128.50,44.50,55.50,1.00,1.00,65483.26,64315.28,64320.28,65478.26,44,55,55,44,81816.18,81797.89,,
2026-05-12T04:45:25+08:00,btc-updown-5m-1778532300,https://polymarket.com/zh/event/btc-updown-5m-1778532300,04:45-04:50,45.00,56.00,44.00,55.00,1574.43,521.08,525.63,1568.43,44.50,55.50,1.00,1.00,65665.84,64436.29,64436.34,65665.84,44,55,55,44,81816.18,81789.00,,
2026-05-12T04:45:27+08:00,btc-updown-5m-1778532300,https://polymarket.com/zh/event/btc-updown-5m-1778532300,04:45-04:50,45.00,56.00,44.00,55.00,1441.18,263.14,263.14,1419.18,44.50,55.50,1.00,1.00,65749.44,64487.58,64492.64,65749.44,44,55,55,44,81816.18,81789.14,,
2026-05-12T04:45:29+08:00,btc-updown-5m-1778532300,https://polymarket.com/zh/event/btc-updown-5m-1778532300,04:45-04:50,44.00,57.00,43.00,56.00,1220.47,23.74,28.76,1231.18,43.50,56.50,1.00,1.00,65671.84,64502.65,64497.64,65671.84,43,56,56,43,81816.18,81787.81,,
2026-05-12T04:45:31+08:00,btc-updown-5m-1778532300,https://polymarket.com/zh/event/btc-updown-5m-1778532300,04:45-04:50,42.00,59.00,41.00,58.00,995.58,34.18,34.18,1040.58,41.50,58.50,1.00,1.00,65666.84,64492.58,56212.58,57396.84,41,58,58,41,81816.18,81789.12,,
2026-05-12T04:45:33+08:00,btc-updown-5m-1778532300,https://polymarket.com/zh/event/btc-updown-5m-1778532300,04:45-04:50,41.00,60.00,40.00,59.00,882.77,15.63,15.63,877.77,40.50,59.50,1.00,1.00,57496.84,56217.64,56217.64,57496.84,40,59,59,40,81816.18,81789.12,,
2026-05-12T04:45:35+08:00,btc-updown-5m-1778532300,https://polymarket.com/zh/event/btc-updown-5m-1778532300,04:45-04:50,41.00,60.00,40.00,59.00,811.08,25.63,25.63,741.08,40.50,59.50,1.00,1.00,57496.84,56227.65,56227.65,57496.84,40,59,59,40,81816.18,81789.13,,
2026-05-12T04:45:37+08:00,btc-updown-5m-1778532300,https://polymarket.com/zh/event/btc-updown-5m-1778532300,04:45-04:50,44.00,57.00,43.00,56.00,226.46,96.54,15.00,310.09,43.50,56.50,1.00,1.00,57491.84,56227.66,56227.65,57291.84,43,56,56,43,81816.18,81789.13,,
2026-05-12T04:45:39+08:00,btc-updown-5m-1778532300,https://polymarket.com/zh/event/btc-updown-5m-1778532300,04:45-04:50,46.00,55.00,45.00,54.00,90.55,481.14,522.77,53.17,45.50,54.50,1.00,1.00,57496.84,56212.58,56217.58,57491.84,45,54,54,45,81816.18,81789.12,,
2026-05-12T04:45:41+08:00,btc-updown-5m-1778532300,https://polymarket.com/zh/event/btc-updown-5m-1778532300,04:45-04:50,46.00,55.00,45.00,54.00,128.65,369.76,401.95,129.65,45.50,54.50,1.00,1.00,57391.84,56222.59,56217.58,57391.84,45,54,54,45,81816.18,81789.12,,
2026-05-12T04:45:43+08:00,btc-updown-5m-1778532300,https://polymarket.com/zh/event/btc-updown-5m-1778532300,04:45-04:50,46.00,55.00,45.00,54.00,257.16,245.53,210.49,309.16,45.50,54.50,1.00,1.00,57396.84,56217.64,56222.59,57396.84,45,54,54,45,81816.18,81789.19,,
2026-05-12T04:45:45+08:00,btc-updown-5m-1778532300,https://polymarket.com/zh/event/btc-updown-5m-1778532300,04:45-04:50,46.00,55.00,45.00,54.00,262.93,224.19,259.73,341.93,45.50,54.50,1.00,1.00,57396.84,56227.64,56217.59,57401.84,45,54,54,45,81816.18,81790.62,,
2026-05-12T04:45:47+08:00,btc-updown-5m-1778532300,https://polymarket.com/zh/event/btc-updown-5m-1778532300,04:45-04:50,46.00,55.00,45.00,54.00,495.96,144.37,160.94,441.96,45.50,54.50,1.00,1.00,45371.84,44202.64,44192.59,45376.84,45,54,54,45,81816.18,81794.52,,
2026-05-12T04:45:49+08:00,btc-updown-5m-1778532300,https://polymarket.com/zh/event/btc-updown-5m-1778532300,04:45-04:50,46.00,55.00,45.00,54.00,100.07,935.03,935.03,81.80,45.50,54.50,1.00,1.00,45376.84,44197.59,44197.59,45376.84,45,54,54,45,81816.18,81797.94,,
2026-05-12T04:45:51+08:00,btc-updown-5m-1778532300,https://polymarket.com/zh/event/btc-updown-5m-1778532300,04:45-04:50,51.00,50.00,50.00,49.00,30.00,75.79,75.79,30.00,50.50,49.50,1.00,1.00,45271.84,44217.65,44217.65,45271.84,48,49,49,48,81816.18,81801.84,,
2026-05-12T04:45:53+08:00,btc-updown-5m-1778532300,https://polymarket.com/zh/event/btc-updown-5m-1778532300,04:45-04:50,56.00,45.00,55.00,44.00,145.00,656.63,636.19,145.00,55.50,44.50,1.00,1.00,45071.84,44207.60,44197.59,45076.84,55,44,44,55,81816.18,81804.31,,
2026-05-12T04:45:55+08:00,btc-updown-5m-1778532300,https://polymarket.com/zh/event/btc-updown-5m-1778532300,04:45-04:50,57.00,44.00,56.00,43.00,275.17,742.98,687.90,235.17,56.50,43.50,1.00,1.00,45076.85,44197.58,44197.58,45076.84,56,43,43,56,81816.18,81804.30,,
2026-05-12T04:45:57+08:00,btc-updown-5m-1778532300,https://polymarket.com/zh/event/btc-updown-5m-1778532300,04:45-04:50,57.00,44.00,56.00,43.00,316.29,488.99,472.68,316.29,56.50,43.50,1.00,1.00,45076.85,44202.58,44202.58,45076.85,56,43,43,56,81816.18,81811.40,,
2026-05-12T04:45:59+08:00,btc-updown-5m-1778532300,https://polymarket.com/zh/event/btc-updown-5m-1778532300,04:45-04:50,57.00,44.00,56.00,43.00,141.50,475.49,454.89,122.50,56.50,43.50,1.00,1.00,45081.85,44197.58,44197.58,45076.85,56,43,43,56,81816.18,81816.78,,
2026-05-12T04:46:01+08:00,btc-updown-5m-1778532300,https://polymarket.com/zh/event/btc-updown-5m-1778532300,04:45-04:50,64.00,39.00,63.00,36.00,15.10,577.81,10.00,8.53,63.50,37.50,1.00,3.00,25627.85,25157.74,25602.74,25632.85,62,36,36,61,81816.18,81816.78,,
2026-05-12T04:46:03+08:00,btc-updown-5m-1778532300,https://polymarket.com/zh/event/btc-updown-5m-1778532300,04:45-04:50,64.00,37.00,63.00,36.00,25.00,719.02,678.02,80.70,63.50,36.50,1.00,1.00,25565.84,25055.74,25050.74,25570.84,63,36,36,63,81816.18,81816.79,,
2026-05-12T04:46:05+08:00,btc-updown-5m-1778532300,https://polymarket.com/zh/event/btc-updown-5m-1778532300,04:45-04:50,64.00,37.00,63.00,36.00,248.62,464.44,500.44,248.62,63.50,36.50,1.00,1.00,25065.84,25055.74,25055.74,25065.84,63,36,36,63,81816.18,81816.81,,
2026-05-12T04:46:07+08:00,btc-updown-5m-1778532300,https://polymarket.com/zh/event/btc-updown-5m-1778532300,04:45-04:50,64.00,37.00,63.00,36.00,131.24,734.42,549.34,121.96,63.50,36.50,1.00,1.00,24107.86,23587.74,23582.74,24112.87,63,36,36,63,81816.18,81819.09,,
2026-05-12T04:46:09+08:00,btc-updown-5m-1778532300,https://polymarket.com/zh/event/btc-updown-5m-1778532300,04:45-04:50,64.00,37.00,63.00,36.00,859.65,196.77,191.77,811.65,63.50,36.50,1.00,1.00,24102.84,23582.74,23587.74,23597.84,63,36,36,63,81816.18,81817.60,,
2026-05-12T04:46:11+08:00,btc-updown-5m-1778532300,https://polymarket.com/zh/event/btc-updown-5m-1778532300,04:45-04:50,64.00,37.00,63.00,36.00,951.36,13.43,13.43,975.36,63.50,36.50,1.00,1.00,24107.85,23587.74,23587.74,23607.85,63,36,36,63,81816.18,81817.94,,
2026-05-12T04:46:13+08:00,btc-updown-5m-1778532300,https://polymarket.com/zh/event/btc-updown-5m-1778532300,04:45-04:50,64.00,37.00,63.00,36.00,891.22,29.35,29.35,896.22,63.50,36.50,1.00,1.00,23627.85,23587.74,23582.74,23627.85,63,36,36,63,81816.18,81817.94,,
2026-05-12T04:46:15+08:00,btc-updown-5m-1778532300,https://polymarket.com/zh/event/btc-updown-5m-1778532300,04:45-04:50,62.00,39.00,61.00,38.00,201.48,412.69,472.74,201.48,61.50,38.50,1.00,1.00,23607.85,23629.61,23629.61,23612.86,61,38,38,61,81816.18,81819.14,,
2026-05-12T04:46:17+08:00,btc-updown-5m-1778532300,https://polymarket.com/zh/event/btc-updown-5m-1778532300,04:45-04:50,62.00,39.00,61.00,38.00,68.75,466.24,501.24,108.75,61.50,38.50,1.00,1.00,23602.84,23705.08,23710.08,24102.84,61,38,38,61,81816.18,81820.73,,
2026-05-12T04:46:19+08:00,btc-updown-5m-1778532300,https://polymarket.com/zh/event/btc-updown-5m-1778532300,04:45-04:50,62.00,39.00,61.00,38.00,5.00,406.19,363.19,5.00,61.50,38.50,1.00,1.00,24097.84,23710.08,23710.08,24097.84,61,38,38,61,81816.18,81820.76,,
2026-05-12T04:46:21+08:00,btc-updown-5m-1778532300,https://polymarket.com/zh/event/btc-updown-5m-1778532300,04:45-04:50,62.00,39.00,61.00,38.00,70.02,484.44,479.44,70.02,61.50,38.50,1.00,1.00,23602.85,23710.08,23705.08,23602.85,61,38,38,61,81816.18,81822.09,,
2026-05-12T04:46:23+08:00,btc-updown-5m-1778532300,https://polymarket.com/zh/event/btc-updown-5m-1778532300,04:45-04:50,64.00,37.00,63.00,36.00,10.00,680.66,632.66,10.00,63.50,36.50,1.00,1.00,23607.86,23560.08,23560.08,23607.86,63,36,36,63,81816.18,81825.14,,
2026-05-12T04:46:25+08:00,btc-updown-5m-1778532300,https://polymarket.com/zh/event/btc-updown-5m-1778532300,04:45-04:50,70.00,32.00,68.00,31.00,153.46,167.60,85.85,20.00,69.00,31.50,2.00,1.00,23657.85,22808.56,23142.89,24152.85,68,30,31,68,81816.18,81831.22,,
2026-05-12T04:46:27+08:00,btc-updown-5m-1778532300,https://polymarket.com/zh/event/btc-updown-5m-1778532300,04:45-04:50,69.00,32.00,68.00,31.00,20.00,1002.84,964.61,15.78,68.50,31.50,1.00,1.00,23652.84,23445.22,23445.22,24157.85,68,31,31,68,81816.18,81831.22,,
2026-05-12T04:46:29+08:00,btc-updown-5m-1778532300,https://polymarket.com/zh/event/btc-updown-5m-1778532300,04:45-04:50,70.00,31.00,69.00,30.00,169.67,268.04,252.04,174.67,69.50,30.50,1.00,1.00,23657.85,23450.22,23445.22,23657.85,69,30,30,69,81816.18,81831.21,,
2026-05-12T04:46:31+08:00,btc-updown-5m-1778532300,https://polymarket.com/zh/event/btc-updown-5m-1778532300,04:45-04:50,70.00,31.00,69.00,30.00,433.33,5.00,21.02,209.20,69.50,30.50,1.00,1.00,23739.85,22937.22,23032.22,23744.85,67,30,30,68,81816.18,81825.15,,
2026-05-12T04:46:33+08:00,btc-updown-5m-1778532300,https://polymarket.com/zh/event/btc-updown-5m-1778532300,04:45-04:50,68.00,33.00,67.00,32.00,458.48,52.91,52.91,458.10,67.50,32.50,1.00,1.00,23239.84,23032.22,23037.22,23234.84,67,32,32,67,81816.18,81825.15,,
2026-05-12T04:46:35+08:00,btc-updown-5m-1778532300,https://polymarket.com/zh/event/btc-updown-5m-1778532300,04:45-04:50,67.00,34.00,66.00,33.00,281.02,459.46,347.46,175.62,66.50,33.50,1.00,1.00,23248.80,23032.22,23037.22,23243.80,66,33,33,66,81816.18,81825.15,,
2026-05-12T04:46:37+08:00,btc-updown-5m-1778532300,https://polymarket.com/zh/event/btc-updown-5m-1778532300,04:45-04:50,67.00,34.00,66.00,33.00,480.30,150.50,175.48,456.40,66.50,33.50,1.00,1.00,23248.81,23087.22,23087.22,23243.80,66,33,33,66,81816.18,81824.00,,
2026-05-12T04:46:39+08:00,btc-updown-5m-1778532300,https://polymarket.com/zh/event/btc-updown-5m-1778532300,04:45-04:50,58.00,43.00,57.00,42.00,222.00,335.76,237.18,430.84,57.50,42.50,1.00,1.00,23748.80,23232.22,23237.22,23243.80,57,42,42,57,81816.18,81818.21,,
2026-05-12T04:46:41+08:00,btc-updown-5m-1778532300,https://polymarket.com/zh/event/btc-updown-5m-1778532300,04:45-04:50,59.00,42.00,58.00,41.00,140.25,886.44,949.77,140.25,58.50,41.50,1.00,1.00,23228.81,23217.22,23222.22,23723.80,58,41,41,58,81816.18,81818.18,,
2026-05-12T04:46:43+08:00,btc-updown-5m-1778532300,https://polymarket.com/zh/event/btc-updown-5m-1778532300,04:45-04:50,59.00,42.00,58.00,41.00,141.81,1026.30,954.39,131.79,58.50,41.50,1.00,1.00,23733.82,23222.22,23222.22,23723.80,58,41,41,58,81816.18,81818.18,,
2026-05-12T04:46:45+08:00,btc-updown-5m-1778532300,https://polymarket.com/zh/event/btc-updown-5m-1778532300,04:45-04:50,61.00,40.00,60.00,39.00,168.67,347.09,117.50,179.99,60.50,39.50,1.00,1.00,23233.81,23217.22,23217.22,23738.82,60,39,39,60,81816.18,81822.87,,
2026-05-12T04:46:47+08:00,btc-updown-5m-1778532300,https://polymarket.com/zh/event/btc-updown-5m-1778532300,04:45-04:50,62.00,39.00,61.00,38.00,334.68,153.70,70.97,354.68,61.50,38.50,1.00,1.00,23223.80,23229.22,23224.22,23228.80,61,38,38,61,81816.18,81822.87,,
2026-05-12T04:46:49+08:00,btc-updown-5m-1778532300,https://polymarket.com/zh/event/btc-updown-5m-1778532300,04:45-04:50,62.00,39.00,61.00,38.00,203.39,349.68,355.68,158.39,61.50,38.50,1.00,1.00,23613.80,23119.22,23114.22,23118.80,61,38,38,61,81816.18,81822.87,,
2026-05-12T04:46:51+08:00,btc-updown-5m-1778532300,https://polymarket.com/zh/event/btc-updown-5m-1778532300,04:45-04:50,62.00,39.00,61.00,38.00,46.06,450.98,443.98,51.06,61.50,38.50,1.00,1.00,23613.80,23119.22,23114.22,23118.80,61,38,38,61,81816.18,81822.87,,
2026-05-12T04:46:53+08:00,btc-updown-5m-1778532300,https://polymarket.com/zh/event/btc-updown-5m-1778532300,04:45-04:50,62.00,39.00,61.00,38.00,30.02,549.35,628.98,30.02,61.50,38.50,1.00,1.00,23613.80,23119.22,23114.22,23118.80,61,38,38,61,81816.18,81820.77,,
2026-05-12T04:46:55+08:00,btc-updown-5m-1778532300,https://polymarket.com/zh/event/btc-updown-5m-1778532300,04:45-04:50,62.00,39.00,61.00,38.00,25.00,617.40,654.64,25.00,61.50,38.50,1.00,1.00,23613.80,23119.22,23114.22,23118.80,61,38,38,61,81816.18,81820.76,,
2026-05-12T04:46:57+08:00,btc-updown-5m-1778532300,https://polymarket.com/zh/event/btc-updown-5m-1778532300,04:45-04:50,62.00,39.00,61.00,38.00,30.02,629.20,611.63,10.02,61.50,38.50,1.00,1.00,23026.80,24529.07,24524.07,23031.80,61,38,38,61,81816.18,81820.76,,
2026-05-12T04:46:59+08:00,btc-updown-5m-1778532300,https://polymarket.com/zh/event/btc-updown-5m-1778532300,04:45-04:50,56.00,45.00,55.00,44.00,45.00,21.00,72.19,114.22,55.50,44.50,1.00,1.00,23031.80,24524.07,24524.07,23031.80,55,44,44,55,81816.18,81816.37,,
2026-05-12T04:47:01+08:00,btc-updown-5m-1778532300,https://polymarket.com/zh/event/btc-updown-5m-1778532300,04:45-04:50,54.00,47.00,53.00,46.00,508.44,141.93,116.23,425.49,53.50,46.50,1.00,1.00,25839.81,24504.07,24509.07,25829.80,53,46,46,53,81816.18,81814.24,,
2026-05-12T04:47:03+08:00,btc-updown-5m-1778532300,https://polymarket.com/zh/event/btc-updown-5m-1778532300,04:45-04:50,55.00,46.00,54.00,45.00,587.71,83.12,58.37,582.52,54.50,45.50,1.00,1.00,23506.80,24427.07,24402.07,23501.80,54,45,45,54,81816.18,81814.24,,
2026-05-12T04:47:05+08:00,btc-updown-5m-1778532300,https://polymarket.com/zh/event/btc-updown-5m-1778532300,04:45-04:50,49.00,52.00,48.00,51.00,737.55,66.73,15.00,986.51,48.50,51.50,1.00,1.00,23853.46,23942.14,23947.14,23848.46,48,51,51,48,81816.18,81813.03,,
2026-05-12T04:47:07+08:00,btc-updown-5m-1778532300,https://polymarket.com/zh/event/btc-updown-5m-1778532300,04:45-04:50,46.00,55.00,45.00,54.00,850.64,75.44,81.44,738.47,45.50,54.50,1.00,1.00,23904.29,23929.64,23929.58,23899.29,45,54,54,45,81816.18,81802.21,,
2026-05-12T04:47:09+08:00,btc-updown-5m-1778532300,https://polymarket.com/zh/event/btc-updown-5m-1778532300,04:45-04:50,46.00,55.00,45.00,54.00,588.11,218.65,218.65,559.11,45.50,54.50,1.00,1.00,20904.29,20924.58,20934.64,20899.29,45,54,54,45,81816.18,81800.98,,
2026-05-12T04:47:11+08:00,btc-updown-5m-1778532300,https://polymarket.com/zh/event/btc-updown-5m-1778532300,04:45-04:50,46.00,55.00,45.00,54.00,239.53,440.10,456.69,231.46,45.50,54.50,1.00,1.00,20702.63,20929.59,20929.58,20697.63,45,54,54,45,81816.18,81801.95,,
2026-05-12T04:47:13+08:00,btc-updown-5m-1778532300,https://polymarket.com/zh/event/btc-updown-5m-1778532300,04:45-04:50,70.00,33.00,67.00,28.00,37.93,17.45,5.00,11.40,68.50,30.50,3.00,5.00,19994.31,20862.91,21162.24,19999.31,66,29,28,67,81816.18,81822.11,,
2026-05-12T04:47:15+08:00,btc-updown-5m-1778532300,https://polymarket.com/zh/event/btc-updown-5m-1778532300,04:45-04:50,77.00,25.00,76.00,24.00,55.56,13.21,10.00,23.38,76.50,24.50,1.00,1.00,18270.31,20049.91,20049.91,18275.31,75,23,24,74,81816.18,81828.17,,
2026-05-12T04:47:17+08:00,btc-updown-5m-1778532300,https://polymarket.com/zh/event/btc-updown-5m-1778532300,04:45-04:50,76.00,25.00,75.00,24.00,43.75,530.62,804.94,43.15,75.50,24.50,1.00,1.00,18275.32,20160.91,20160.91,18270.31,75,24,24,75,81816.18,81828.17,,
2026-05-12T04:47:19+08:00,btc-updown-5m-1778532300,https://polymarket.com/zh/event/btc-updown-5m-1778532300,04:45-04:50,76.00,25.00,75.00,24.00,441.73,465.42,462.02,441.73,75.50,24.50,1.00,1.00,18702.30,20076.91,20081.91,18697.30,75,24,24,75,81816.18,81830.61,,
2026-05-12T04:47:21+08:00,btc-updown-5m-1778532300,https://polymarket.com/zh/event/btc-updown-5m-1778532300,04:45-04:50,76.00,25.00,75.00,24.00,517.54,119.62,124.73,509.54,75.50,24.50,1.00,1.00,18202.30,19879.91,19879.91,18197.30,75,24,24,75,81816.18,81830.62,,
2026-05-12T04:47:23+08:00,btc-updown-5m-1778532300,https://polymarket.com/zh/event/btc-updown-5m-1778532300,04:45-04:50,76.00,25.00,75.00,24.00,55.11,699.46,787.66,63.01,75.50,24.50,1.00,1.00,18197.30,20307.26,20307.26,18697.30,75,24,24,75,81816.18,81830.63,,
2026-05-12T04:47:25+08:00,btc-updown-5m-1778532300,https://polymarket.com/zh/event/btc-updown-5m-1778532300,04:45-04:50,76.00,25.00,75.00,24.00,56.71,526.26,489.48,56.71,75.50,24.50,1.00,1.00,18202.31,20103.93,20103.93,18702.31,75,24,24,75,81816.18,81830.62,,
2026-05-12T04:47:27+08:00,btc-updown-5m-1778532300,https://polymarket.com/zh/event/btc-updown-5m-1778532300,04:45-04:50,79.00,22.00,78.00,21.00,245.79,384.78,382.78,245.79,78.50,21.50,1.00,1.00,18202.30,20194.24,20194.24,18202.30,78,21,21,78,81816.18,81830.62,,
2026-05-12T04:47:29+08:00,btc-updown-5m-1778532300,https://polymarket.com/zh/event/btc-updown-5m-1778532300,04:45-04:50,78.00,23.00,77.00,22.00,140.02,569.56,484.61,90.02,77.50,22.50,1.00,1.00,18702.30,19787.58,19787.58,18202.31,77,22,22,77,81816.18,81830.62,,
2026-05-12T04:47:31+08:00,btc-updown-5m-1778532300,https://polymarket.com/zh/event/btc-updown-5m-1778532300,04:45-04:50,78.00,23.00,77.00,22.00,29.41,855.55,746.60,34.43,77.50,22.50,1.00,1.00,18024.52,19836.58,19836.58,18524.52,77,22,22,77,81816.18,81830.62,,
2026-05-12T04:47:33+08:00,btc-updown-5m-1778532300,https://polymarket.com/zh/event/btc-updown-5m-1778532300,04:45-04:50,77.00,24.00,76.00,23.00,194.31,285.89,203.00,256.31,76.50,23.50,1.00,1.00,18524.52,18888.80,18841.93,18524.52,76,23,23,76,81816.18,81830.62,,
2026-05-12T04:47:35+08:00,btc-updown-5m-1778532300,https://polymarket.com/zh/event/btc-updown-5m-1778532300,04:45-04:50,77.00,25.00,76.00,24.00,789.17,44.00,5.00,130.60,76.50,24.50,1.00,1.00,17629.53,18441.93,18451.93,18124.52,76,23,24,75,81816.18,81830.63,,
2026-05-12T04:47:37+08:00,btc-updown-5m-1778532300,https://polymarket.com/zh/event/btc-updown-5m-1778532300,04:45-04:50,75.00,26.00,74.00,25.00,856.77,63.35,63.35,774.77,74.50,25.50,1.00,1.00,17624.52,18451.93,18451.93,18124.52,74,25,25,74,81816.18,81828.50,,
2026-05-12T04:47:39+08:00,btc-updown-5m-1778532300,https://polymarket.com/zh/event/btc-updown-5m-1778532300,04:45-04:50,74.00,27.00,73.00,26.00,145.57,504.85,508.85,145.57,73.50,26.50,1.00,1.00,18124.52,18360.93,18360.93,17624.52,73,26,26,73,81816.18,81829.82,,
2026-05-12T04:47:41+08:00,btc-updown-5m-1778532300,https://polymarket.com/zh/event/btc-updown-5m-1778532300,04:45-04:50,74.00,27.00,73.00,26.00,121.38,655.51,600.43,109.33,73.50,26.50,1.00,1.00,16124.52,17360.93,17360.93,15624.52,73,26,26,73,81816.18,81829.83,,
2026-05-12T04:47:43+08:00,btc-updown-5m-1778532300,https://polymarket.com/zh/event/btc-updown-5m-1778532300,04:45-04:50,74.00,27.00,73.00,26.00,431.85,260.95,237.48,455.85,73.50,26.50,1.00,1.00,16119.52,17365.93,17365.93,16119.52,73,26,26,73,81816.18,81829.84,,
2026-05-12T04:47:45+08:00,btc-updown-5m-1778532300,https://polymarket.com/zh/event/btc-updown-5m-1778532300,04:45-04:50,75.00,26.00,74.00,25.00,56.87,593.67,909.86,141.46,74.50,25.50,1.00,1.00,15619.52,17365.93,17360.93,15624.52,74,25,25,74,81816.18,81831.98,,
2026-05-12T04:47:47+08:00,btc-updown-5m-1778532300,https://polymarket.com/zh/event/btc-updown-5m-1778532300,04:45-04:50,75.00,26.00,74.00,25.00,575.07,304.88,276.94,620.74,74.50,25.50,1.00,1.00,15616.70,16433.93,16433.93,15616.70,74,25,25,74,81816.18,81831.00,,
2026-05-12T04:47:49+08:00,btc-updown-5m-1778532300,https://polymarket.com/zh/event/btc-updown-5m-1778532300,04:45-04:50,75.00,26.00,74.00,25.00,179.68,547.65,524.05,138.35,74.50,25.50,1.00,1.00,15611.70,16423.93,16423.93,16111.70,74,25,25,74,81816.18,81830.97,,
2026-05-12T04:47:51+08:00,btc-updown-5m-1778532300,https://polymarket.com/zh/event/btc-updown-5m-1778532300,04:45-04:50,75.00,26.00,74.00,25.00,237.35,822.78,815.00,225.47,74.50,25.50,1.00,1.00,15611.69,16418.93,16418.93,16111.69,74,25,25,74,81816.18,81831.66,,
2026-05-12T04:47:53+08:00,btc-updown-5m-1778532300,https://polymarket.com/zh/event/btc-updown-5m-1778532300,04:45-04:50,76.00,25.00,75.00,24.00,44.86,885.40,916.40,49.88,75.50,24.50,1.00,1.00,15611.69,16418.93,16418.93,15611.69,75,24,24,75,81816.18,81831.67,,
2026-05-12T04:47:55+08:00,btc-updown-5m-1778532300,https://polymarket.com/zh/event/btc-updown-5m-1778532300,04:45-04:50,77.00,24.00,76.00,23.00,171.22,733.07,657.07,171.22,76.50,23.50,1.00,1.00,15621.70,16423.93,16423.93,15616.69,76,23,23,76,81816.18,81831.66,,
2026-05-12T04:47:57+08:00,btc-updown-5m-1778532300,https://polymarket.com/zh/event/btc-updown-5m-1778532300,04:45-04:50,77.00,24.00,76.00,23.00,33.65,1562.63,1221.43,30.99,76.50,23.50,1.00,1.00,15616.70,16315.48,16525.48,16111.69,76,23,23,76,81816.18,81833.20,,
2026-05-12T04:47:59+08:00,btc-updown-5m-1778532300,https://polymarket.com/zh/event/btc-updown-5m-1778532300,04:45-04:50,80.00,21.00,79.00,20.00,145.84,537.04,532.04,24.84,79.50,20.50,1.00,1.00,16111.70,16587.87,16587.87,16111.70,79,19,19,79,81816.18,81840.30,,
2026-05-12T04:48:01+08:00,btc-updown-5m-1778532300,https://polymarket.com/zh/event/btc-updown-5m-1778532300,04:45-04:50,88.00,13.00,87.00,8.00,8.41,706.42,224.43,42.85,87.50,10.50,1.00,5.00,12806.70,14936.87,14936.87,12811.70,87,12,8,87,81816.18,81846.34,,
2026-05-12T04:48:03+08:00,btc-updown-5m-1778532300,https://polymarket.com/zh/event/btc-updown-5m-1778532300,04:45-04:50,90.00,11.00,89.00,10.00,15.64,629.69,635.54,15.64,89.50,10.50,1.00,1.00,13281.71,15052.39,15072.39,13276.70,89,10,10,89,81816.18,81846.36,,
2026-05-12T04:48:05+08:00,btc-updown-5m-1778532300,https://polymarket.com/zh/event/btc-updown-5m-1778532300,04:45-04:50,90.00,11.00,89.00,10.00,381.08,30.23,137.66,515.98,89.50,10.50,1.00,1.00,13276.70,13680.37,13925.37,12781.70,89,10,10,89,81816.18,81840.42,,
2026-05-12T04:48:07+08:00,btc-updown-5m-1778532300,https://polymarket.com/zh/event/btc-updown-5m-1778532300,04:45-04:50,89.00,12.00,88.00,11.00,90.25,484.89,580.13,61.90,88.50,11.50,1.00,1.00,13271.69,14361.61,14456.61,12776.69,88,11,11,88,81816.18,81845.39,,
2026-05-12T04:48:09+08:00,btc-updown-5m-1778532300,https://polymarket.com/zh/event/btc-updown-5m-1778532300,04:45-04:50,90.00,11.00,89.00,10.00,82.63,75.02,20.00,222.63,89.50,10.50,1.00,1.00,12860.02,14611.61,14611.61,13360.02,89,10,10,89,81816.18,81845.13,,
2026-05-12T04:48:11+08:00,btc-updown-5m-1778532300,https://polymarket.com/zh/event/btc-updown-5m-1778532300,04:45-04:50,88.00,13.00,87.00,12.00,246.18,201.09,230.09,217.18,87.50,12.50,1.00,1.00,13350.02,13833.47,13533.47,13350.02,87,12,12,87,81816.18,81846.42,,
2026-05-12T04:48:13+08:00,btc-updown-5m-1778532300,https://polymarket.com/zh/event/btc-updown-5m-1778532300,04:45-04:50,88.00,13.00,87.00,12.00,78.02,565.38,391.58,95.02,87.50,12.50,1.00,1.00,12150.02,13673.87,14178.87,12645.02,87,12,12,87,81816.18,81846.41,,
2026-05-12T04:48:15+08:00,btc-updown-5m-1778532300,https://polymarket.com/zh/event/btc-updown-5m-1778532300,04:45-04:50,89.00,12.00,88.00,11.00,44.72,767.54,847.54,59.72,88.50,11.50,1.00,1.00,12134.75,14523.46,14828.46,12629.75,88,11,11,88,81816.18,81846.41,,
2026-05-12T04:48:17+08:00,btc-updown-5m-1778532300,https://polymarket.com/zh/event/btc-updown-5m-1778532300,04:45-04:50,89.00,12.00,88.00,11.00,40.02,587.37,721.50,59.31,88.50,11.50,1.00,1.00,12134.75,14824.91,14779.91,12629.75,88,11,11,88,81816.18,81846.41,,
2026-05-12T04:48:19+08:00,btc-updown-5m-1778532300,https://polymarket.com/zh/event/btc-updown-5m-1778532300,04:45-04:50,91.00,10.00,90.00,9.00,173.90,481.61,479.61,163.90,90.50,9.50,1.00,1.00,12139.75,14929.93,14939.93,12634.75,90,9,9,90,81816.18,81846.41,,
2026-05-12T04:48:21+08:00,btc-updown-5m-1778532300,https://polymarket.com/zh/event/btc-updown-5m-1778532300,04:45-04:50,91.00,10.00,90.00,9.00,86.02,679.34,682.81,86.02,90.50,9.50,1.00,1.00,12624.76,14854.93,14854.93,12119.75,90,9,9,90,81816.18,81846.41,,
2026-05-12T04:48:23+08:00,btc-updown-5m-1778532300,https://polymarket.com/zh/event/btc-updown-5m-1778532300,04:45-04:50,92.00,9.00,91.00,8.00,43.02,477.92,437.90,43.02,91.50,8.50,1.00,1.00,12125.10,14635.51,14635.51,12125.10,91,8,8,91,81816.18,81847.42,,
2026-05-12T04:48:25+08:00,btc-updown-5m-1778532300,https://polymarket.com/zh/event/btc-updown-5m-1778532300,04:45-04:50,92.00,9.00,91.00,8.00,316.14,50.02,152.02,763.21,91.50,8.50,1.00,1.00,12625.10,14890.33,14590.33,12130.10,91,8,8,91,81816.18,81847.45,,
2026-05-12T04:48:27+08:00,btc-updown-5m-1778532300,https://polymarket.com/zh/event/btc-updown-5m-1778532300,04:45-04:50,93.00,8.00,92.00,7.00,223.34,204.61,50.02,346.90,92.50,7.50,1.00,1.00,12625.10,14503.91,14259.91,12030.10,92,7,7,92,81816.18,81851.39,,
2026-05-12T04:48:29+08:00,btc-updown-5m-1778532300,https://polymarket.com/zh/event/btc-updown-5m-1778532300,04:45-04:50,95.00,6.00,94.00,5.00,303.00,429.05,202.03,292.06,94.50,5.50,1.00,1.00,12035.11,12668.76,12599.82,12530.11,94,5,5,94,81816.18,81854.14,,
2026-05-12T04:48:31+08:00,btc-updown-5m-1778532300,https://polymarket.com/zh/event/btc-updown-5m-1778532300,04:45-04:50,96.00,5.00,95.00,4.00,341.47,382.67,351.67,172.75,95.50,4.50,1.00,1.00,11665.10,12234.81,12752.33,12160.10,95,4,4,95,81816.18,81855.36,,
2026-05-12T04:48:33+08:00,btc-updown-5m-1778532300,https://polymarket.com/zh/event/btc-updown-5m-1778532300,04:45-04:50,99.00,2.00,98.00,1.00,6452.97,1553.94,1796.31,6487.99,98.50,1.50,1.00,1.00,11965.11,6452.97,6487.99,11965.11,98,1,1,98,81816.18,81884.94,,
2026-05-12T04:48:35+08:00,btc-updown-5m-1778532300,https://polymarket.com/zh/event/btc-updown-5m-1778532300,04:45-04:50,99.00,2.00,98.00,1.00,6440.99,772.52,811.52,6431.93,98.50,1.50,1.00,1.00,10965.11,6440.99,6431.93,10965.11,98,1,1,98,81816.18,81879.70,,
2026-05-12T04:48:37+08:00,btc-updown-5m-1778532300,https://polymarket.com/zh/event/btc-updown-5m-1778532300,04:45-04:50,99.00,2.00,98.00,1.00,6354.96,201.00,99.30,6089.36,98.50,1.50,1.00,1.00,11484.11,6354.96,6089.36,10964.12,98,1,1,98,81816.18,81878.89,,
2026-05-12T04:48:39+08:00,btc-updown-5m-1778532300,https://polymarket.com/zh/event/btc-updown-5m-1778532300,04:45-04:50,99.00,2.00,98.00,1.00,6091.76,320.88,315.88,6111.76,98.50,1.50,1.00,1.00,11443.10,6091.76,6111.76,10938.10,98,1,1,98,81816.18,81881.28,,
2026-05-12T04:48:41+08:00,btc-updown-5m-1778532300,https://polymarket.com/zh/event/btc-updown-5m-1778532300,04:45-04:50,99.00,2.00,98.00,1.00,6559.25,298.20,333.20,6578.23,98.50,1.50,1.00,1.00,10989.10,6559.25,6578.23,11489.10,98,1,1,98,81816.18,81881.20,,
2026-05-12T04:48:43+08:00,btc-updown-5m-1778532300,https://polymarket.com/zh/event/btc-updown-5m-1778532300,04:45-04:50,99.00,2.00,98.00,1.00,6069.49,1009.88,994.88,6099.49,98.50,1.50,1.00,1.00,11437.10,6069.49,6099.49,11437.10,98,1,1,98,81816.18,81888.77,,
2026-05-12T04:48:45+08:00,btc-updown-5m-1778532300,https://polymarket.com/zh/event/btc-updown-5m-1778532300,04:45-04:50,99.00,2.00,98.00,1.00,6092.75,355.19,188.89,6070.75,98.50,1.50,1.00,1.00,11007.11,6092.75,6070.75,11002.11,98,1,1,98,81816.18,81888.30,,
2026-05-12T04:48:47+08:00,btc-updown-5m-1778532300,https://polymarket.com/zh/event/btc-updown-5m-1778532300,04:45-04:50,99.00,2.00,98.00,1.00,5188.44,551.59,514.59,5173.22,98.50,1.50,1.00,1.00,10582.10,5188.44,5173.22,11146.10,98,1,1,98,81816.18,81902.12,,
2026-05-12T04:48:49+08:00,btc-updown-5m-1778532300,https://polymarket.com/zh/event/btc-updown-5m-1778532300,04:45-04:50,99.00,2.00,98.00,1.00,5103.55,1031.89,1036.89,5118.55,98.50,1.50,1.00,1.00,11089.10,5103.55,5118.55,10589.10,98,1,1,98,81816.18,81903.39,,
2026-05-12T04:48:51+08:00,btc-updown-5m-1778532300,https://polymarket.com/zh/event/btc-updown-5m-1778532300,04:45-04:50,98.00,3.00,97.00,2.00,1362.02,1581.47,1545.62,1159.70,97.50,2.50,1.00,1.00,10589.10,5547.57,5345.25,11084.10,97,2,2,97,81816.18,81903.40,,
2026-05-12T04:48:53+08:00,btc-updown-5m-1778532300,https://polymarket.com/zh/event/btc-updown-5m-1778532300,04:45-04:50,99.00,2.00,98.00,1.00,2908.44,767.29,826.29,2903.35,98.50,1.50,1.00,1.00,11175.10,2908.44,2903.35,10650.10,98,1,1,98,81816.18,81903.40,,
2026-05-12T04:48:56+08:00,btc-updown-5m-1778532300,https://polymarket.com/zh/event/btc-updown-5m-1778532300,04:45-04:50,99.00,2.00,98.00,1.00,2122.65,796.23,827.23,2107.65,98.50,1.50,1.00,1.00,10369.10,2122.65,2107.65,10369.10,98,1,1,98,81816.18,81903.40,,
2026-05-12T04:48:57+08:00,btc-updown-5m-1778532300,https://polymarket.com/zh/event/btc-updown-5m-1778532300,04:45-04:50,99.00,2.00,98.00,1.00,2115.41,769.19,779.19,2084.39,98.50,1.50,1.00,1.00,10879.10,2115.41,2084.39,10374.10,98,1,1,98,81816.18,81903.40,,
2026-05-12T04:48:59+08:00,btc-updown-5m-1778532300,https://polymarket.com/zh/event/btc-updown-5m-1778532300,04:45-04:50,99.00,2.00,98.00,1.00,1394.15,791.41,791.41,1394.15,98.50,1.50,1.00,1.00,10371.10,1394.15,1394.15,10366.10,98,1,1,98,81816.18,81901.68,,
2026-05-12T04:49:01+08:00,btc-updown-5m-1778532300,https://polymarket.com/zh/event/btc-updown-5m-1778532300,04:45-04:50,,1.00,99.00,,,7003.84,6848.79,,,,,,9611.08,,,9606.08,99,0,0,99,81816.18,81902.91,,
2026-05-12T04:49:03+08:00,btc-updown-5m-1778532300,https://polymarket.com/zh/event/btc-updown-5m-1778532300,04:45-04:50,,1.00,99.00,,,13623.72,13623.72,,,,,,9658.08,,,9653.08,99,0,0,99,81816.18,81903.40,,
2026-05-12T04:49:05+08:00,btc-updown-5m-1778532300,https://polymarket.com/zh/event/btc-updown-5m-1778532300,04:45-04:50,,1.00,99.00,,,13529.33,13529.28,,,,,,9606.08,,,9611.09,99,0,0,99,81816.18,81908.00,,
2026-05-12T04:49:07+08:00,btc-updown-5m-1778532300,https://polymarket.com/zh/event/btc-updown-5m-1778532300,04:45-04:50,,1.00,99.00,,,13076.25,13076.25,,,,,,9606.08,,,9601.08,99,0,0,99,81816.18,81909.74,,
2026-05-12T04:49:09+08:00,btc-updown-5m-1778532300,https://polymarket.com/zh/event/btc-updown-5m-1778532300,04:45-04:50,,1.00,99.00,,,13992.46,13992.46,,,,,,9658.08,,,9653.08,99,0,0,99,81816.18,81909.98,,
2026-05-12T04:49:11+08:00,btc-updown-5m-1778532300,https://polymarket.com/zh/event/btc-updown-5m-1778532300,04:45-04:50,,1.00,99.00,,,12480.30,12375.30,,,,,,10106.08,,,10101.08,99,0,0,99,81816.18,81909.98,,
2026-05-12T04:49:13+08:00,btc-updown-5m-1778532300,https://polymarket.com/zh/event/btc-updown-5m-1778532300,04:45-04:50,,1.00,99.00,,,12730.29,12730.29,,,,,,9658.08,,,9653.08,99,0,0,99,81816.18,81907.55,,
2026-05-12T04:49:15+08:00,btc-updown-5m-1778532300,https://polymarket.com/zh/event/btc-updown-5m-1778532300,04:45-04:50,,1.00,99.00,,,14709.94,12634.94,,,,,,9606.08,,,9601.08,99,0,0,99,81816.18,81907.55,,
2026-05-12T04:49:17+08:00,btc-updown-5m-1778532300,https://polymarket.com/zh/event/btc-updown-5m-1778532300,04:45-04:50,,1.00,99.00,,,17630.58,17630.58,,,,,,10096.08,,,9596.09,99,0,0,99,81816.18,81909.98,,
2026-05-12T04:49:19+08:00,btc-updown-5m-1778532300,https://polymarket.com/zh/event/btc-updown-5m-1778532300,04:45-04:50,,1.00,99.00,,,24220.39,24220.39,,,,,,10148.08,,,9648.08,99,0,0,99,81816.18,81919.07,,
2026-05-12T04:49:21+08:00,btc-updown-5m-1778532300,https://polymarket.com/zh/event/btc-updown-5m-1778532300,04:45-04:50,,1.00,99.00,,,21617.04,21647.04,,,,,,10091.08,,,9596.08,99,0,0,99,81816.18,81913.02,,
2026-05-12T04:49:23+08:00,btc-updown-5m-1778532300,https://polymarket.com/zh/event/btc-updown-5m-1778532300,04:45-04:50,,1.00,99.00,,,9427.45,9432.45,,,,,,10148.08,,,9648.09,99,0,0,99,81816.18,81879.69,,
2026-05-12T04:49:25+08:00,btc-updown-5m-1778532300,https://polymarket.com/zh/event/btc-updown-5m-1778532300,04:45-04:50,,1.00,99.00,,,10722.49,10722.49,,,,,,9648.08,,,10148.08,99,0,0,99,81816.18,81886.88,,
2026-05-12T04:49:27+08:00,btc-updown-5m-1778532300,https://polymarket.com/zh/event/btc-updown-5m-1778532300,04:45-04:50,,1.00,99.00,,,9651.75,9621.45,,,,,,9596.09,,,9596.08,99,0,0,99,81816.18,81887.53,,
2026-05-12T04:49:29+08:00,btc-updown-5m-1778532300,https://polymarket.com/zh/event/btc-updown-5m-1778532300,04:45-04:50,,1.00,99.00,,,13210.25,13217.75,,,,,,9648.08,,,10148.08,99,0,0,99,81816.18,81887.53,,
2026-05-12T04:49:31+08:00,btc-updown-5m-1778532300,https://polymarket.com/zh/event/btc-updown-5m-1778532300,04:45-04:50,,1.00,99.00,,,15082.33,15082.33,,,,,,9500.08,,,10005.08,99,0,0,99,81816.18,81888.77,,
2026-05-12T04:49:33+08:00,btc-updown-5m-1778532300,https://polymarket.com/zh/event/btc-updown-5m-1778532300,04:45-04:50,,1.00,99.00,,,15095.97,15098.35,,,,,,9515.09,,,9515.08,99,0,0,99,81816.18,81891.65,,
2026-05-12T04:49:35+08:00,btc-updown-5m-1778532300,https://polymarket.com/zh/event/btc-updown-5m-1778532300,04:45-04:50,,1.00,99.00,,,15196.52,15159.55,,,,,,9763.48,,,9763.48,81,0,0,82,81816.18,81891.79,,
2026-05-12T04:49:37+08:00,btc-updown-5m-1778532300,https://polymarket.com/zh/event/btc-updown-5m-1778532300,04:45-04:50,,1.00,99.00,,,23317.54,23317.54,,,,,,9706.48,,,9211.49,82,0,0,82,81816.18,81891.79,,
2026-05-12T04:49:39+08:00,btc-updown-5m-1778532300,https://polymarket.com/zh/event/btc-updown-5m-1778532300,04:45-04:50,,1.00,99.00,,,23348.57,23348.57,,,,,,9263.48,,,9758.48,82,0,0,82,81816.18,81891.80,,
2026-05-12T04:49:41+08:00,btc-updown-5m-1778532300,https://polymarket.com/zh/event/btc-updown-5m-1778532300,04:45-04:50,,1.00,99.00,,,23563.57,23563.57,,,,,,8406.48,,,8911.48,82,0,0,82,81816.18,81893.46,,
2026-05-12T04:49:43+08:00,btc-updown-5m-1778532300,https://polymarket.com/zh/event/btc-updown-5m-1778532300,04:45-04:50,,1.00,99.00,,,23568.96,23568.96,,,,,,8406.48,,,8911.48,81,0,0,82,81816.18,81893.69,,
2026-05-12T04:49:45+08:00,btc-updown-5m-1778532300,https://polymarket.com/zh/event/btc-updown-5m-1778532300,04:45-04:50,,1.00,99.00,,,23795.34,23798.42,,,,,,8458.48,,,8958.48,83,0,0,82,81816.18,81892.86,,
2026-05-12T04:49:47+08:00,btc-updown-5m-1778532300,https://polymarket.com/zh/event/btc-updown-5m-1778532300,04:45-04:50,,1.00,99.00,,,24306.33,24306.33,,,,,,8326.48,,,8821.48,83,0,0,82,81816.18,81892.87,,
2026-05-12T04:49:49+08:00,btc-updown-5m-1778532300,https://polymarket.com/zh/event/btc-updown-5m-1778532300,04:45-04:50,,1.00,99.00,,,25924.89,25929.89,,,,,,8378.48,,,8873.48,81,0,0,81,81816.18,81893.69,,
2026-05-12T04:49:51+08:00,btc-updown-5m-1778532300,https://polymarket.com/zh/event/btc-updown-5m-1778532300,04:45-04:50,,1.00,99.00,,,26827.43,26827.43,,,,,,6195.48,,,6195.49,82,0,0,81,81816.18,81893.69,,
2026-05-12T04:49:54+08:00,btc-updown-5m-1778532300,https://polymarket.com/zh/event/btc-updown-5m-1778532300,04:45-04:50,,1.00,99.00,,,27315.44,27315.44,,,,,,5834.48,,,5834.48,82,0,0,81,81816.18,81893.69,,
2026-05-12T04:49:56+08:00,btc-updown-5m-1778532300,https://polymarket.com/zh/event/btc-updown-5m-1778532300,04:45-04:50,,1.00,99.00,,,29804.17,29774.17,,,,,,5426.48,,,5426.48,82,0,0,82,81816.18,81893.69,,
2026-05-12T04:49:58+08:00,btc-updown-5m-1778532300,https://polymarket.com/zh/event/btc-updown-5m-1778532300,04:45-04:50,,1.00,99.00,,,33754.33,32290.74,,,,,,5374.48,,,5874.48,83,0,0,83,81816.18,81893.70,,
2026-05-12T04:49:59+08:00,btc-updown-5m-1778532300,https://polymarket.com/zh/event/btc-updown-5m-1778532300,04:45-04:50,,1.00,99.00,,,145356.78,141985.81,,,,,,11431.48,,,11921.47,86,0,0,86,81816.18,81893.70,,
2026-05-12T04:50:02+08:00,btc-updown-5m-1778532600,https://polymarket.com/zh/event/btc-updown-5m-1778532600,04:50-04:55,43.00,58.00,42.00,57.00,261.13,17.11,28.80,152.13,42.50,57.50,1.00,1.00,69720.84,69526.72,69526.77,69720.84,42,57,57,42,81882.02,81882.02,,
2026-05-12T04:50:04+08:00,btc-updown-5m-1778532600,https://polymarket.com/zh/event/btc-updown-5m-1778532600,04:50-04:55,44.00,57.00,43.00,56.00,112.51,266.48,252.48,112.51,43.50,56.50,1.00,1.00,70479.84,70225.79,70220.73,70479.84,43,56,56,43,81882.02,81882.01,,
2026-05-12T04:50:06+08:00,btc-updown-5m-1778532600,https://polymarket.com/zh/event/btc-updown-5m-1778532600,04:50-04:55,44.00,57.00,43.00,56.00,133.40,389.71,369.71,83.40,43.50,56.50,1.00,1.00,70569.84,70415.79,70415.79,70569.84,43,56,56,43,81882.02,81882.01,,
2026-05-12T04:50:08+08:00,btc-updown-5m-1778532600,https://polymarket.com/zh/event/btc-updown-5m-1778532600,04:50-04:55,45.00,56.00,44.00,55.00,303.80,205.76,190.79,320.80,44.50,55.50,1.00,1.00,70642.84,70488.73,70503.80,70642.84,44,55,55,44,81882.02,81884.86,,
2026-05-12T04:50:10+08:00,btc-updown-5m-1778532600,https://polymarket.com/zh/event/btc-updown-5m-1778532600,04:50-04:55,45.00,56.00,44.00,55.00,323.80,253.55,268.55,331.80,44.50,55.50,1.00,1.00,70695.62,70551.57,70551.57,70695.62,44,55,55,44,81882.02,81884.86,,
2026-05-12T04:50:12+08:00,btc-updown-5m-1778532600,https://polymarket.com/zh/event/btc-updown-5m-1778532600,04:50-04:55,45.00,56.00,44.00,55.00,195.30,561.38,514.23,145.30,44.50,55.50,1.00,1.00,70601.62,70452.51,70457.57,70601.62,44,55,55,44,81882.02,81887.36,,
2026-05-12T04:50:14+08:00,btc-updown-5m-1778532600,https://polymarket.com/zh/event/btc-updown-5m-1778532600,04:50-04:55,45.00,56.00,44.00,55.00,195.30,469.82,469.82,186.41,44.50,55.50,1.00,1.00,70602.49,70462.52,70462.52,70602.49,44,55,55,44,81882.02,81887.36,,
2026-05-12T04:50:16+08:00,btc-updown-5m-1778532600,https://polymarket.com/zh/event/btc-updown-5m-1778532600,04:50-04:55,45.00,56.00,44.00,55.00,20.11,805.79,805.79,20.11,44.50,55.50,1.00,1.00,70619.52,70478.59,70478.59,70619.52,44,55,55,44,81882.02,81887.36,,
2026-05-12T04:50:18+08:00,btc-updown-5m-1778532600,https://polymarket.com/zh/event/btc-updown-5m-1778532600,04:50-04:55,46.00,55.00,45.00,54.00,113.38,786.82,372.05,50.00,45.50,54.50,1.00,1.00,70625.52,70464.51,70474.57,70620.52,45,54,54,45,81882.02,81887.36,,
2026-05-12T04:50:20+08:00,btc-updown-5m-1778532600,https://polymarket.com/zh/event/btc-updown-5m-1778532600,04:50-04:55,47.00,54.00,46.00,53.00,85.67,813.20,846.20,85.67,46.50,53.50,1.00,1.00,70631.39,70474.51,70479.52,70631.39,46,53,53,46,81882.02,81887.38,,
2026-05-12T04:50:22+08:00,btc-updown-5m-1778532600,https://polymarket.com/zh/event/btc-updown-5m-1778532600,04:50-04:55,47.00,54.00,46.00,53.00,82.77,828.46,892.18,25.00,46.50,53.50,1.00,1.00,64411.39,64249.57,64258.45,64411.39,46,53,53,46,81882.02,81888.70,,
2026-05-12T04:50:24+08:00,btc-updown-5m-1778532600,https://polymarket.com/zh/event/btc-updown-5m-1778532600,04:50-04:55,48.00,53.00,47.00,52.00,291.05,341.13,431.09,289.66,47.50,52.50,1.00,1.00,64406.39,64399.76,64515.82,64401.39,47,52,52,47,81882.02,81888.78,,
2026-05-12T04:50:26+08:00,btc-updown-5m-1778532600,https://polymarket.com/zh/event/btc-updown-5m-1778532600,04:50-04:55,48.00,53.00,47.00,52.00,189.84,606.23,760.15,229.84,47.50,52.50,1.00,1.00,64608.99,64534.70,64534.65,64603.99,47,52,52,47,81882.02,81889.99,,
2026-05-12T04:50:28+08:00,btc-updown-5m-1778532600,https://polymarket.com/zh/event/btc-updown-5m-1778532600,04:50-04:55,48.00,53.00,47.00,52.00,135.89,668.61,654.94,99.64,47.50,52.50,1.00,1.00,64648.69,64562.10,64567.05,64643.69,47,52,52,47,81882.02,81889.99,,
2026-05-12T04:50:30+08:00,btc-updown-5m-1778532600,https://polymarket.com/zh/event/btc-updown-5m-1778532600,04:50-04:55,48.00,53.00,47.00,52.00,265.37,349.74,269.74,322.89,47.50,52.50,1.00,1.00,63532.59,63562.05,63567.11,63537.59,47,52,52,47,81882.02,81889.99,,
2026-05-12T04:50:32+08:00,btc-updown-5m-1778532600,https://polymarket.com/zh/event/btc-updown-5m-1778532600,04:50-04:55,48.00,53.00,47.00,52.00,290.09,322.96,312.96,280.09,47.50,52.50,1.00,1.00,55274.99,55297.11,55292.05,55274.99,47,52,52,47,81882.02,81888.58,,
2026-05-12T04:50:34+08:00,btc-updown-5m-1778532600,https://polymarket.com/zh/event/btc-updown-5m-1778532600,04:50-04:55,48.00,53.00,47.00,52.00,36.58,665.99,760.99,36.58,47.50,52.50,1.00,1.00,55280.54,55297.71,55287.65,55285.54,47,52,52,47,81882.02,81888.59,,
2026-05-12T04:50:36+08:00,btc-updown-5m-1778532600,https://polymarket.com/zh/event/btc-updown-5m-1778532600,04:50-04:55,48.00,53.00,47.00,52.00,16.08,647.58,588.58,16.08,47.50,52.50,1.00,1.00,55285.54,55287.65,55292.71,55285.54,47,52,52,47,81882.02,81888.59,,
2026-05-12T04:50:38+08:00,btc-updown-5m-1778532600,https://polymarket.com/zh/event/btc-updown-5m-1778532600,04:50-04:55,49.00,52.00,48.00,51.00,382.70,303.29,308.29,367.70,48.50,51.50,1.00,1.00,55290.54,55287.65,55292.65,55280.54,48,51,51,48,81882.02,81888.59,,
2026-05-12T04:50:40+08:00,btc-updown-5m-1778532600,https://polymarket.com/zh/event/btc-updown-5m-1778532600,04:50-04:55,49.00,59.00,48.00,56.00,518.48,112.56,151.71,93.78,48.50,57.50,1.00,3.00,55280.54,55307.66,55307.72,55280.54,48,51,55,41,81882.02,81888.58,,
2026-05-12T04:50:42+08:00,btc-updown-5m-1778532600,https://polymarket.com/zh/event/btc-updown-5m-1778532600,04:50-04:55,50.00,51.00,49.00,50.00,113.78,5.00,28.00,126.00,49.50,50.50,1.00,1.00,55285.54,58230.66,58230.66,55291.54,49,50,50,49,81882.02,81887.99,,
2026-05-12T04:50:44+08:00,btc-updown-5m-1778532600,https://polymarket.com/zh/event/btc-updown-5m-1778532600,04:50-04:55,50.00,51.00,49.00,50.00,73.83,370.48,375.48,73.83,49.50,50.50,1.00,1.00,55494.87,58433.99,58439.00,55494.87,49,50,50,49,81882.02,81887.99,,
2026-05-12T04:50:46+08:00,btc-updown-5m-1778532600,https://polymarket.com/zh/event/btc-updown-5m-1778532600,04:50-04:55,50.00,51.00,49.00,50.00,662.89,239.80,209.80,672.08,49.50,50.50,1.00,1.00,43261.54,46205.66,46205.71,43261.54,49,50,50,49,81882.02,81887.99,,
2026-05-12T04:50:48+08:00,btc-updown-5m-1778532600,https://polymarket.com/zh/event/btc-updown-5m-1778532600,04:50-04:55,50.00,51.00,49.00,50.00,905.14,45.80,35.78,889.40,49.50,50.50,1.00,1.00,43266.54,45761.65,45771.71,43261.54,49,50,50,49,81882.02,81887.89,,
2026-05-12T04:50:50+08:00,btc-updown-5m-1778532600,https://polymarket.com/zh/event/btc-updown-5m-1778532600,04:50-04:55,49.00,59.00,43.00,51.00,6.00,33.53,10.86,6.00,46.00,55.00,6.00,8.00,43332.54,43277.72,43277.72,43332.54,43,51,51,41,81882.02,81856.61,,
2026-05-12T04:50:52+08:00,btc-updown-5m-1778532600,https://polymarket.com/zh/event/btc-updown-5m-1778532600,04:50-04:55,42.00,62.00,39.00,58.00,172.06,32.15,17.15,172.06,40.50,60.00,3.00,4.00,43337.54,43272.72,43272.72,43337.54,39,56,56,38,81882.02,81854.03,,
2026-05-12T04:50:54+08:00,btc-updown-5m-1778532600,https://polymarket.com/zh/event/btc-updown-5m-1778532600,04:50-04:55,28.00,73.00,27.00,72.00,11.42,341.08,321.08,11.42,27.50,72.50,1.00,1.00,43456.54,43257.66,43257.66,43461.54,27,71,71,27,81882.02,81855.25,,
2026-05-12T04:50:56+08:00,btc-updown-5m-1778532600,https://polymarket.com/zh/event/btc-updown-5m-1778532600,04:50-04:55,29.00,72.00,28.00,71.00,436.02,87.75,155.55,595.02,28.50,71.50,1.00,1.00,43566.54,43262.67,43262.67,43566.54,28,71,71,28,81882.02,81855.24,,
2026-05-12T04:50:58+08:00,btc-updown-5m-1778532600,https://polymarket.com/zh/event/btc-updown-5m-1778532600,04:50-04:55,29.00,72.00,28.00,71.00,807.51,51.13,56.13,804.31,28.50,71.50,1.00,1.00,43594.54,43257.71,43262.72,43594.54,28,71,71,28,81882.02,81855.25,,
2026-05-12T04:51:00+08:00,btc-updown-5m-1778532600,https://polymarket.com/zh/event/btc-updown-5m-1778532600,04:50-04:55,29.00,74.00,26.00,71.00,968.85,246.80,287.00,959.85,27.50,72.50,3.00,3.00,43291.54,43247.65,43252.66,43291.54,26,71,71,26,81882.02,81842.02,,
2026-05-12T04:51:01+08:00,btc-updown-5m-1778532600,https://polymarket.com/zh/event/btc-updown-5m-1778532600,04:50-04:55,22.00,79.00,21.00,78.00,39.00,180.93,136.93,39.00,21.50,78.50,1.00,1.00,23463.54,22748.72,22648.72,23463.54,21,78,78,21,81882.02,81841.84,,
2026-05-12T04:51:03+08:00,btc-updown-5m-1778532600,https://polymarket.com/zh/event/btc-updown-5m-1778532600,04:50-04:55,22.00,79.00,21.00,78.00,810.94,32.85,42.97,788.94,21.50,78.50,1.00,1.00,22872.54,21893.66,21433.71,22412.54,21,78,78,21,81882.02,81841.84,,
2026-05-12T04:51:06+08:00,btc-updown-5m-1778532600,https://polymarket.com/zh/event/btc-updown-5m-1778532600,04:50-04:55,20.00,81.00,19.00,80.00,613.63,224.66,267.03,607.57,19.50,80.50,1.00,1.00,22265.69,21256.65,21261.71,22265.69,19,80,80,19,81882.02,81841.84,,
2026-05-12T04:51:08+08:00,btc-updown-5m-1778532600,https://polymarket.com/zh/event/btc-updown-5m-1778532600,04:50-04:55,20.00,81.00,19.00,80.00,404.44,220.04,220.04,399.44,19.50,80.50,1.00,1.00,21007.69,19953.66,19953.66,21007.69,19,80,80,19,81882.02,81841.84,,
2026-05-12T04:51:10+08:00,btc-updown-5m-1778532600,https://polymarket.com/zh/event/btc-updown-5m-1778532600,04:50-04:55,21.00,80.00,20.00,79.00,190.66,524.28,568.47,190.66,20.50,79.50,1.00,1.00,20982.69,19948.65,19953.71,20962.69,20,79,79,20,81882.02,81843.08,,
2026-05-12T04:51:12+08:00,btc-updown-5m-1778532600,https://polymarket.com/zh/event/btc-updown-5m-1778532600,04:50-04:55,21.00,80.00,20.00,79.00,615.59,141.99,148.59,607.59,20.50,79.50,1.00,1.00,20987.69,19958.71,19948.65,20987.69,20,79,79,20,81882.02,81844.11,,
2026-05-12T04:51:14+08:00,btc-updown-5m-1778532600,https://polymarket.com/zh/event/btc-updown-5m-1778532600,04:50-04:55,21.00,80.00,20.00,79.00,251.34,446.77,450.77,176.34,20.50,79.50,1.00,1.00,21172.84,19948.66,19948.65,21172.84,20,79,79,20,81882.02,81844.08,,
2026-05-12T04:51:16+08:00,btc-updown-5m-1778532600,https://polymarket.com/zh/event/btc-updown-5m-1778532600,04:50-04:55,21.00,80.00,20.00,79.00,150.02,394.13,386.13,120.02,20.50,79.50,1.00,1.00,21050.84,20109.99,20109.99,21050.84,20,79,79,20,81882.02,81843.98,,
2026-05-12T04:51:17+08:00,btc-updown-5m-1778532600,https://polymarket.com/zh/event/btc-updown-5m-1778532600,04:50-04:55,21.00,80.00,20.00,79.00,108.02,387.53,366.69,85.02,20.50,79.50,1.00,1.00,21464.09,20110.05,20109.99,21459.09,20,79,79,20,81882.02,81843.99,,
2026-05-12T04:51:19+08:00,btc-updown-5m-1778532600,https://polymarket.com/zh/event/btc-updown-5m-1778532600,04:50-04:55,21.00,80.00,20.00,79.00,140.25,309.06,302.18,195.25,20.50,79.50,1.00,1.00,21551.09,20110.05,20109.99,21546.09,20,79,79,20,81882.02,81843.98,,
2026-05-12T04:51:21+08:00,btc-updown-5m-1778532600,https://polymarket.com/zh/event/btc-updown-5m-1778532600,04:50-04:55,21.00,80.00,20.00,79.00,248.02,237.92,151.29,156.21,20.50,79.50,1.00,1.00,21571.09,20110.05,20109.99,21566.09,20,79,79,20,81882.02,81844.00,,
2026-05-12T04:51:23+08:00,btc-updown-5m-1778532600,https://polymarket.com/zh/event/btc-updown-5m-1778532600,04:50-04:55,21.00,80.00,20.00,79.00,304.23,70.42,65.42,299.46,20.50,79.50,1.00,1.00,21558.69,20120.06,20115.00,21558.69,20,79,79,20,81882.02,81844.00,,
2026-05-12T04:51:25+08:00,btc-updown-5m-1778532600,https://polymarket.com/zh/event/btc-updown-5m-1778532600,04:50-04:55,21.00,80.00,20.00,79.00,198.76,159.88,144.88,198.76,20.50,79.50,1.00,1.00,21558.69,20110.05,20120.06,21558.69,20,79,79,20,81882.02,81843.99,,
2026-05-12T04:51:27+08:00,btc-updown-5m-1778532600,https://polymarket.com/zh/event/btc-updown-5m-1778532600,04:50-04:55,22.00,79.00,21.00,78.00,195.02,86.38,141.38,289.02,21.50,78.50,1.00,1.00,21489.26,20104.99,20109.99,21484.26,21,78,78,21,81882.02,81845.24,,
2026-05-12T04:51:29+08:00,btc-updown-5m-1778532600,https://polymarket.com/zh/event/btc-updown-5m-1778532600,04:50-04:55,25.00,76.00,24.00,75.00,4.10,464.46,584.90,35.00,24.50,75.50,1.00,1.00,21762.26,20120.06,20110.05,21863.26,24,75,75,24,81882.02,81850.01,,
2026-05-12T04:51:31+08:00,btc-updown-5m-1778532600,https://polymarket.com/zh/event/btc-updown-5m-1778532600,04:50-04:55,27.00,74.00,26.00,73.00,423.47,352.34,100.25,384.47,26.50,73.50,1.00,1.00,21253.26,19697.05,19702.00,21248.26,26,73,73,26,81882.02,81852.87,,
2026-05-12T04:51:33+08:00,btc-updown-5m-1778532600,https://polymarket.com/zh/event/btc-updown-5m-1778532600,04:50-04:55,27.00,74.00,26.00,73.00,64.70,936.51,681.96,30.00,26.50,73.50,1.00,1.00,21152.26,19691.99,19691.99,21349.26,26,73,73,26,81882.02,81858.48,,
2026-05-12T04:51:35+08:00,btc-updown-5m-1778532600,https://polymarket.com/zh/event/btc-updown-5m-1778532600,04:50-04:55,34.00,67.00,33.00,66.00,158.15,721.48,736.48,153.15,33.50,66.50,1.00,1.00,21390.26,19701.99,19712.05,21385.26,33,66,66,33,81882.02,81861.50,,
2026-05-12T04:51:37+08:00,btc-updown-5m-1778532600,https://polymarket.com/zh/event/btc-updown-5m-1778532600,04:50-04:55,34.00,66.00,33.00,65.00,8.57,17.73,1137.17,22.56,33.50,65.50,1.00,1.00,21188.26,19712.06,19712.06,21188.26,33,66,65,34,81882.02,81866.53,,
2026-05-12T04:51:39+08:00,btc-updown-5m-1778532600,https://polymarket.com/zh/event/btc-updown-5m-1778532600,04:50-04:55,34.00,67.00,33.00,66.00,81.92,743.21,863.23,96.92,33.50,66.50,1.00,1.00,21390.26,19701.99,19706.99,21385.26,33,66,66,33,81882.02,81865.96,,
2026-05-12T04:51:41+08:00,btc-updown-5m-1778532600,https://polymarket.com/zh/event/btc-updown-5m-1778532600,04:50-04:55,34.00,67.00,33.00,66.00,86.88,636.22,541.25,86.88,33.50,66.50,1.00,1.00,21390.26,19701.99,19717.05,21385.26,33,66,66,33,81882.02,81865.97,,
2026-05-12T04:51:43+08:00,btc-updown-5m-1778532600,https://polymarket.com/zh/event/btc-updown-5m-1778532600,04:50-04:55,34.00,67.00,33.00,66.00,87.60,470.77,552.31,87.60,33.50,66.50,1.00,1.00,21491.95,19701.99,19706.99,21486.95,33,66,66,33,81882.02,81865.96,,
2026-05-12T04:51:45+08:00,btc-updown-5m-1778532600,https://polymarket.com/zh/event/btc-updown-5m-1778532600,04:50-04:55,34.00,67.00,33.00,66.00,169.65,419.13,429.13,149.65,33.50,66.50,1.00,1.00,21391.95,19601.99,19612.05,21386.95,33,66,66,33,81882.02,81865.96,,
2026-05-12T04:51:47+08:00,btc-updown-5m-1778532600,https://polymarket.com/zh/event/btc-updown-5m-1778532600,04:50-04:55,34.00,67.00,33.00,66.00,193.27,445.90,412.84,168.27,33.50,66.50,1.00,1.00,21285.95,19601.99,19612.05,21280.95,33,66,66,33,81882.02,81865.97,,
2026-05-12T04:51:49+08:00,btc-updown-5m-1778532600,https://polymarket.com/zh/event/btc-updown-5m-1778532600,04:50-04:55,34.00,67.00,33.00,66.00,248.11,239.04,264.98,248.13,33.50,66.50,1.00,1.00,21290.95,19601.99,19606.99,21285.95,33,66,66,33,81882.02,81869.35,,
2026-05-12T04:51:51+08:00,btc-updown-5m-1778532600,https://polymarket.com/zh/event/btc-updown-5m-1778532600,04:50-04:55,34.00,67.00,33.00,66.00,873.22,30.00,20.00,1192.82,33.50,66.50,1.00,1.00,21285.95,19606.99,19601.99,21290.95,33,66,66,33,81882.02,81869.34,,
2026-05-12T04:51:53+08:00,btc-updown-5m-1778532600,https://polymarket.com/zh/event/btc-updown-5m-1778532600,04:50-04:55,24.00,77.00,23.00,76.00,779.08,106.93,132.00,807.14,23.50,76.50,1.00,1.00,21431.95,19607.05,19601.99,21501.95,23,76,76,23,81882.02,81856.05,,
2026-05-12T04:51:55+08:00,btc-updown-5m-1778532600,https://polymarket.com/zh/event/btc-updown-5m-1778532600,04:50-04:55,24.00,77.00,23.00,76.00,408.87,692.83,655.87,418.87,23.50,76.50,1.00,1.00,21401.95,19606.99,19601.99,21406.95,23,76,76,23,81882.02,81860.01,,
2026-05-12T04:51:57+08:00,btc-updown-5m-1778532600,https://polymarket.com/zh/event/btc-updown-5m-1778532600,04:50-04:55,25.00,76.00,24.00,75.00,449.38,489.24,484.24,459.38,24.50,75.50,1.00,1.00,21299.95,19606.99,19601.99,21203.95,24,75,75,24,81882.02,81860.02,,
2026-05-12T04:51:59+08:00,btc-updown-5m-1778532600,https://polymarket.com/zh/event/btc-updown-5m-1778532600,04:50-04:55,25.00,76.00,24.00,75.00,330.55,470.29,468.29,340.55,24.50,75.50,1.00,1.00,21006.95,19612.05,19607.05,21011.95,24,75,75,24,81882.02,81860.01,,
2026-05-12T04:52:01+08:00,btc-updown-5m-1778532600,https://polymarket.com/zh/event/btc-updown-5m-1778532600,04:50-04:55,25.00,76.00,24.00,75.00,195.09,529.97,474.29,195.09,24.50,75.50,1.00,1.00,20910.95,19570.99,19553.05,20905.95,24,75,75,24,81882.02,81860.01,,
2026-05-12T04:52:03+08:00,btc-updown-5m-1778532600,https://polymarket.com/zh/event/btc-updown-5m-1778532600,04:50-04:55,25.00,76.00,24.00,75.00,341.78,134.55,129.52,373.78,24.50,75.50,1.00,1.00,20898.45,19497.55,19497.55,20898.45,24,75,75,24,81882.02,81860.01,,
2026-05-12T04:52:05+08:00,btc-updown-5m-1778532600,https://polymarket.com/zh/event/btc-updown-5m-1778532600,04:50-04:55,25.00,76.00,24.00,75.00,450.09,95.46,70.02,456.69,24.50,75.50,1.00,1.00,17863.45,16452.50,16447.49,17863.45,24,75,75,24,81882.02,81860.01,,
2026-05-12T04:52:07+08:00,btc-updown-5m-1778532600,https://polymarket.com/zh/event/btc-updown-5m-1778532600,04:50-04:55,25.00,76.00,24.00,75.00,350.18,120.02,132.29,330.18,24.50,75.50,1.00,1.00,17863.45,16472.49,16467.49,17868.45,24,75,75,24,81882.02,81860.01,,
2026-05-12T04:52:09+08:00,btc-updown-5m-1778532600,https://polymarket.com/zh/event/btc-updown-5m-1778532600,04:50-04:55,25.00,76.00,24.00,75.00,365.18,207.46,127.46,370.18,24.50,75.50,1.00,1.00,17863.45,16472.50,16467.49,17863.45,24,75,75,24,81882.02,81862.56,,
2026-05-12T04:52:11+08:00,btc-updown-5m-1778532600,https://polymarket.com/zh/event/btc-updown-5m-1778532600,04:50-04:55,25.00,76.00,24.00,75.00,407.16,150.06,155.02,492.16,24.50,75.50,1.00,1.00,17848.45,16442.49,16437.49,17853.45,24,75,75,24,81882.02,81863.57,,
2026-05-12T04:52:13+08:00,btc-updown-5m-1778532600,https://polymarket.com/zh/event/btc-updown-5m-1778532600,04:50-04:55,25.00,76.00,24.00,75.00,338.16,332.74,90.11,150.16,24.50,75.50,1.00,1.00,17848.45,16442.55,16442.55,17848.45,24,75,75,24,81882.02,81863.58,,
2026-05-12T04:52:15+08:00,btc-updown-5m-1778532600,https://polymarket.com/zh/event/btc-updown-5m-1778532600,04:50-04:55,30.00,71.00,29.00,70.00,99.00,818.74,270.85,84.00,29.50,70.50,1.00,1.00,17838.45,16442.49,16442.49,17843.45,29,70,70,29,81882.02,81867.56,,
2026-05-12T04:52:17+08:00,btc-updown-5m-1778532600,https://polymarket.com/zh/event/btc-updown-5m-1778532600,04:50-04:55,30.00,71.00,29.00,70.00,306.72,686.19,707.19,286.72,29.50,70.50,1.00,1.00,17838.45,16442.55,16442.55,17838.45,29,70,70,29,81882.02,81867.56,,
2026-05-12T04:52:19+08:00,btc-updown-5m-1778532600,https://polymarket.com/zh/event/btc-updown-5m-1778532600,04:50-04:55,30.00,71.00,29.00,70.00,436.72,481.90,471.95,417.29,29.50,70.50,1.00,1.00,17770.45,16389.55,16374.49,17775.45,29,70,70,29,81882.02,81868.79,,
2026-05-12T04:52:21+08:00,btc-updown-5m-1778532600,https://polymarket.com/zh/event/btc-updown-5m-1778532600,04:50-04:55,30.00,71.00,29.00,70.00,334.34,500.95,496.18,319.34,29.50,70.50,1.00,1.00,17755.45,16369.55,16364.55,17760.45,29,70,70,29,81882.02,81868.79,,
2026-05-12T04:52:23+08:00,btc-updown-5m-1778532600,https://polymarket.com/zh/event/btc-updown-5m-1778532600,04:50-04:55,27.00,75.00,26.00,73.00,15.00,230.78,12.27,234.59,26.50,74.00,1.00,2.00,17770.45,16384.49,16384.49,17770.45,26,73,73,25,81882.02,81869.25,,
2026-05-12T04:52:25+08:00,btc-updown-5m-1778532600,https://polymarket.com/zh/event/btc-updown-5m-1778532600,04:50-04:55,26.00,75.00,25.00,74.00,650.69,237.89,237.89,601.69,25.50,74.50,1.00,1.00,17467.20,16379.49,16379.49,17467.20,25,74,74,25,81882.02,81861.51,,
2026-05-12T04:52:27+08:00,btc-updown-5m-1778532600,https://polymarket.com/zh/event/btc-updown-5m-1778532600,04:50-04:55,26.00,75.00,25.00,74.00,785.79,197.84,187.84,859.79,25.50,74.50,1.00,1.00,17467.20,16389.55,16379.49,17472.20,25,74,74,25,81882.02,81860.15,,
2026-05-12T04:52:29+08:00,btc-updown-5m-1778532600,https://polymarket.com/zh/event/btc-updown-5m-1778532600,04:50-04:55,24.00,78.00,23.00,77.00,853.87,53.35,24.00,207.24,23.50,77.50,1.00,1.00,17437.20,16389.55,16379.49,17442.20,23,76,77,22,81882.02,81861.33,,
2026-05-12T04:52:31+08:00,btc-updown-5m-1778532600,https://polymarket.com/zh/event/btc-updown-5m-1778532600,04:50-04:55,23.00,78.00,22.00,77.00,464.40,161.24,65.79,483.39,22.50,77.50,1.00,1.00,17199.42,16234.49,16234.55,17204.42,22,77,77,22,81882.02,81862.10,,
2026-05-12T04:52:33+08:00,btc-updown-5m-1778532600,https://polymarket.com/zh/event/btc-updown-5m-1778532600,04:50-04:55,23.00,78.00,22.00,77.00,627.06,12.45,17.45,675.11,22.50,77.50,1.00,1.00,16047.42,15806.71,15801.71,16052.42,22,77,77,22,81882.02,81862.86,,
2026-05-12T04:52:35+08:00,btc-updown-5m-1778532600,https://polymarket.com/zh/event/btc-updown-5m-1778532600,04:50-04:55,23.00,78.00,22.00,77.00,418.33,35.07,35.07,422.19,22.50,77.50,1.00,1.00,15867.42,15801.71,15806.77,15867.42,22,77,77,22,81882.02,81862.07,,
2026-05-12T04:52:37+08:00,btc-updown-5m-1778532600,https://polymarket.com/zh/event/btc-updown-5m-1778532600,04:50-04:55,23.00,78.00,22.00,77.00,701.20,30.02,10.02,761.80,22.50,77.50,1.00,1.00,15994.42,15801.71,15801.71,15994.42,22,77,77,22,81882.02,81862.06,,
2026-05-12T04:52:39+08:00,btc-updown-5m-1778532600,https://polymarket.com/zh/event/btc-updown-5m-1778532600,04:50-04:55,23.00,78.00,22.00,77.00,754.61,17.02,17.02,780.61,22.50,77.50,1.00,1.00,15949.42,15811.77,15811.77,15949.42,22,77,77,22,81882.02,81862.06,,
2026-05-12T04:52:41+08:00,btc-updown-5m-1778532600,https://polymarket.com/zh/event/btc-updown-5m-1778532600,04:50-04:55,23.00,78.00,22.00,77.00,625.56,2.48,2.48,526.58,22.50,77.50,1.00,1.00,15877.42,15811.77,15811.77,15877.42,22,77,77,22,81882.02,81862.07,,
2026-05-12T04:52:43+08:00,btc-updown-5m-1778532600,https://polymarket.com/zh/event/btc-updown-5m-1778532600,04:50-04:55,23.00,78.00,22.00,77.00,525.91,11.73,30.73,509.91,22.50,77.50,1.00,1.00,16125.75,15816.77,15816.77,16125.75,22,77,77,22,81882.02,81862.06,,
2026-05-12T04:52:45+08:00,btc-updown-5m-1778532600,https://polymarket.com/zh/event/btc-updown-5m-1778532600,04:50-04:55,23.00,78.00,22.00,77.00,638.06,15.02,30.00,731.04,22.50,77.50,1.00,1.00,16130.75,15806.77,15806.71,16125.75,22,77,77,22,81882.02,81862.07,,
2026-05-12T04:52:47+08:00,btc-updown-5m-1778532600,https://polymarket.com/zh/event/btc-updown-5m-1778532600,04:50-04:55,23.00,78.00,22.00,77.00,540.44,50.02,45.02,535.44,22.50,77.50,1.00,1.00,16130.75,15806.71,15806.71,15898.75,22,77,77,22,81882.02,81862.06,,
2026-05-12T04:52:49+08:00,btc-updown-5m-1778532600,https://polymarket.com/zh/event/btc-updown-5m-1778532600,04:50-04:55,23.00,78.00,22.00,77.00,553.46,54.93,86.22,586.61,22.50,77.50,1.00,1.00,15213.75,15801.71,15806.77,15213.75,22,77,77,22,81882.02,81862.05,,
2026-05-12T04:52:51+08:00,btc-updown-5m-1778532600,https://polymarket.com/zh/event/btc-updown-5m-1778532600,04:50-04:55,22.00,79.00,21.00,78.00,615.57,31.20,31.20,682.03,21.50,78.50,1.00,1.00,15218.75,15806.71,15811.77,15218.75,21,78,78,21,81882.02,81862.04,,
2026-05-12T04:52:53+08:00,btc-updown-5m-1778532600,https://polymarket.com/zh/event/btc-updown-5m-1778532600,04:50-04:55,21.00,80.00,20.00,79.00,430.22,155.18,170.18,466.41,20.50,79.50,1.00,1.00,15218.75,15806.71,15806.71,15218.75,20,79,79,20,81882.02,81862.04,,
2026-05-12T04:52:55+08:00,btc-updown-5m-1778532600,https://polymarket.com/zh/event/btc-updown-5m-1778532600,04:50-04:55,21.00,88.00,14.00,79.00,1091.56,108.72,39.34,1091.79,17.50,83.50,7.00,9.00,15228.75,15757.69,15757.69,15208.75,14,79,79,12,81882.02,81850.47,,
2026-05-12T04:52:57+08:00,btc-updown-5m-1778532600,https://polymarket.com/zh/event/btc-updown-5m-1778532600,04:50-04:55,11.00,90.00,10.00,89.00,115.01,63.24,174.06,55.10,10.50,89.50,1.00,1.00,15106.01,15757.75,15747.75,15617.42,10,87,88,10,81882.02,81850.39,,
2026-05-12T04:52:59+08:00,btc-updown-5m-1778532600,https://polymarket.com/zh/event/btc-updown-5m-1778532600,04:50-04:55,11.00,90.00,10.00,89.00,110.17,116.08,97.20,110.17,10.50,89.50,1.00,1.00,15272.42,15742.69,16151.53,15272.42,10,89,89,10,81882.02,81849.02,,
2026-05-12T04:53:01+08:00,btc-updown-5m-1778532600,https://polymarket.com/zh/event/btc-updown-5m-1778532600,04:50-04:55,11.00,90.00,10.00,89.00,388.52,407.07,337.78,323.09,10.50,89.50,1.00,1.00,13305.42,14006.53,14006.53,13895.42,10,89,89,10,81882.02,81849.02,,
2026-05-12T04:53:03+08:00,btc-updown-5m-1778532600,https://polymarket.com/zh/event/btc-updown-5m-1778532600,04:50-04:55,11.00,90.00,10.00,89.00,184.49,345.46,345.46,205.92,10.50,89.50,1.00,1.00,13977.81,13981.59,13981.59,13977.81,10,89,89,10,81882.02,81849.02,,
2026-05-12T04:53:05+08:00,btc-updown-5m-1778532600,https://polymarket.com/zh/event/btc-updown-5m-1778532600,04:50-04:55,14.00,83.00,12.00,81.00,15.05,159.00,300.00,3.01,13.00,82.00,2.00,2.00,13550.42,13981.59,13991.53,13680.42,11,85,81,15,81882.02,81859.98,,
2026-05-12T04:53:07+08:00,btc-updown-5m-1778532600,https://polymarket.com/zh/event/btc-updown-5m-1778532600,04:50-04:55,15.00,86.00,14.00,85.00,391.84,160.63,154.99,303.64,14.50,85.50,1.00,1.00,12765.05,13875.53,13875.53,12771.05,14,85,85,14,81882.02,81862.00,,
2026-05-12T04:53:09+08:00,btc-updown-5m-1778532600,https://polymarket.com/zh/event/btc-updown-5m-1778532600,04:50-04:55,17.00,84.00,16.00,83.00,388.56,497.21,459.16,234.41,16.50,83.50,1.00,1.00,12848.49,13875.53,13875.53,12853.49,16,83,83,16,81882.02,81860.02,,
2026-05-12T04:53:11+08:00,btc-updown-5m-1778532600,https://polymarket.com/zh/event/btc-updown-5m-1778532600,04:50-04:55,17.00,84.00,16.00,83.00,771.77,152.27,200.52,762.32,16.50,83.50,1.00,1.00,12647.49,13165.53,13165.53,12253.49,16,83,83,16,81882.02,81857.17,,
2026-05-12T04:53:13+08:00,btc-updown-5m-1778532600,https://polymarket.com/zh/event/btc-updown-5m-1778532600,04:50-04:55,17.00,84.00,16.00,83.00,676.01,134.75,129.75,686.01,16.50,83.50,1.00,1.00,12065.15,13165.53,13165.53,12065.15,16,83,83,16,81882.02,81858.08,,
2026-05-12T04:53:15+08:00,btc-updown-5m-1778532600,https://polymarket.com/zh/event/btc-updown-5m-1778532600,04:50-04:55,17.00,84.00,16.00,83.00,849.89,31.27,31.27,831.89,16.50,83.50,1.00,1.00,12345.15,13165.53,13175.59,12345.15,16,83,83,16,81882.02,81858.07,,
2026-05-12T04:53:17+08:00,btc-updown-5m-1778532600,https://polymarket.com/zh/event/btc-updown-5m-1778532600,04:50-04:55,17.00,84.00,16.00,83.00,777.56,18.29,18.29,759.19,16.50,83.50,1.00,1.00,12745.15,13165.53,13170.59,12928.15,16,83,83,16,81882.02,81858.08,,
2026-05-12T04:53:19+08:00,btc-updown-5m-1778532600,https://polymarket.com/zh/event/btc-updown-5m-1778532600,04:50-04:55,17.00,84.00,16.00,83.00,675.56,109.56,139.56,695.56,16.50,83.50,1.00,1.00,13299.15,13171.37,13176.43,13299.15,16,83,83,16,81882.02,81858.01,,
2026-05-12T04:53:21+08:00,btc-updown-5m-1778532600,https://polymarket.com/zh/event/btc-updown-5m-1778532600,04:50-04:55,17.00,85.00,16.00,84.00,784.01,62.12,42.03,380.42,16.50,84.50,1.00,1.00,13294.15,13166.37,13166.37,13299.15,16,83,84,15,81882.02,81858.01,,
2026-05-12T04:53:23+08:00,btc-updown-5m-1778532600,https://polymarket.com/zh/event/btc-updown-5m-1778532600,04:50-04:55,16.00,85.00,15.00,84.00,627.43,21.96,35.07,612.43,15.50,84.50,1.00,1.00,13294.15,13166.37,13171.43,13177.58,15,84,84,15,81882.02,81858.01,,
2026-05-12T04:53:25+08:00,btc-updown-5m-1778532600,https://polymarket.com/zh/event/btc-updown-5m-1778532600,04:50-04:55,14.00,87.00,13.00,86.00,332.00,10.02,38.12,477.03,13.50,86.50,1.00,1.00,12805.38,13162.50,13152.44,12905.32,13,86,86,13,81882.02,81858.00,,
2026-05-12T04:53:27+08:00,btc-updown-5m-1778532600,https://polymarket.com/zh/event/btc-updown-5m-1778532600,04:50-04:55,13.00,88.00,12.00,87.00,263.02,110.00,143.72,300.03,12.50,87.50,1.00,1.00,12147.38,13157.44,13157.44,11778.38,12,87,87,12,81882.02,81856.80,,
2026-05-12T04:53:29+08:00,btc-updown-5m-1778532600,https://polymarket.com/zh/event/btc-updown-5m-1778532600,04:50-04:55,9.00,92.00,8.00,91.00,334.67,256.93,281.93,381.77,8.50,91.50,1.00,1.00,12732.38,13157.44,13157.44,12803.38,8,91,91,8,81882.02,81856.80,,
2026-05-12T04:53:31+08:00,btc-updown-5m-1778532600,https://polymarket.com/zh/event/btc-updown-5m-1778532600,04:50-04:55,7.00,94.00,6.00,93.00,82.25,229.15,197.60,67.25,6.50,93.50,1.00,1.00,12735.98,12782.44,12782.44,12727.97,6,93,93,6,81882.02,81849.72,,
2026-05-12T04:53:33+08:00,btc-updown-5m-1778532600,https://polymarket.com/zh/event/btc-updown-5m-1778532600,04:50-04:55,7.00,94.00,6.00,93.00,122.97,163.05,161.56,127.97,6.50,93.50,1.00,1.00,12685.06,12787.50,12787.50,12594.06,6,93,93,6,81882.02,81852.69,,
2026-05-12T04:53:35+08:00,btc-updown-5m-1778532600,https://polymarket.com/zh/event/btc-updown-5m-1778532600,04:50-04:55,5.00,96.00,4.00,95.00,405.28,121.77,212.84,628.23,4.50,95.50,1.00,1.00,10580.52,12782.44,12782.44,10589.45,4,95,95,4,81882.02,81846.38,,
2026-05-12T04:53:37+08:00,btc-updown-5m-1778532600,https://polymarket.com/zh/event/btc-updown-5m-1778532600,04:50-04:55,4.00,97.00,3.00,96.00,525.93,880.53,890.44,530.93,3.50,96.50,1.00,1.00,11511.14,12882.44,12892.50,11501.23,3,96,96,3,81882.02,81844.43,,
2026-05-12T04:53:39+08:00,btc-updown-5m-1778532600,https://polymarket.com/zh/event/btc-updown-5m-1778532600,04:50-04:55,4.00,97.00,3.00,96.00,628.00,1394.61,1311.85,648.00,3.50,96.50,1.00,1.00,11977.81,12882.44,12892.50,12110.57,3,96,96,3,81882.02,81850.17,,
2026-05-12T04:53:41+08:00,btc-updown-5m-1778532600,https://polymarket.com/zh/event/btc-updown-5m-1778532600,04:50-04:55,4.00,97.00,3.00,96.00,520.78,264.97,593.25,495.98,3.50,96.50,1.00,1.00,11287.53,12882.44,12892.44,10959.25,3,96,96,3,81882.02,81850.35,,
2026-05-12T04:53:43+08:00,btc-updown-5m-1778532600,https://polymarket.com/zh/event/btc-updown-5m-1778532600,04:50-04:55,4.00,97.00,3.00,96.00,606.16,251.93,266.93,591.16,3.50,96.50,1.00,1.00,11240.48,12887.44,12892.50,10947.21,3,96,96,3,81882.02,81850.35,,
2026-05-12T04:53:45+08:00,btc-updown-5m-1778532600,https://polymarket.com/zh/event/btc-updown-5m-1778532600,04:50-04:55,4.00,97.00,3.00,96.00,564.50,116.28,221.28,643.82,3.50,96.50,1.00,1.00,10666.56,12897.50,12892.44,11399.83,3,96,96,3,81882.02,81848.84,,
2026-05-12T04:53:47+08:00,btc-updown-5m-1778532600,https://polymarket.com/zh/event/btc-updown-5m-1778532600,04:50-04:55,4.00,97.00,3.00,96.00,591.25,160.00,188.64,631.42,3.50,96.50,1.00,1.00,11061.19,12487.44,12487.44,11032.55,3,96,96,3,81882.02,81849.41,,
2026-05-12T04:53:49+08:00,btc-updown-5m-1778532600,https://polymarket.com/zh/event/btc-updown-5m-1778532600,04:50-04:55,4.00,97.00,3.00,96.00,652.36,75.00,65.00,701.78,3.50,96.50,1.00,1.00,10563.11,12492.50,12482.44,10553.11,3,96,96,3,81882.02,81849.03,,
2026-05-12T04:53:51+08:00,btc-updown-5m-1778532600,https://polymarket.com/zh/event/btc-updown-5m-1778532600,04:50-04:55,3.00,98.00,2.00,97.00,539.91,2038.13,2018.13,534.91,2.50,97.50,1.00,1.00,10251.53,12297.44,12297.50,10261.53,2,97,97,2,81882.02,81849.02,,
2026-05-12T04:53:53+08:00,btc-updown-5m-1778532600,https://polymarket.com/zh/event/btc-updown-5m-1778532600,04:50-04:55,3.00,98.00,2.00,97.00,572.29,1643.77,1663.77,550.62,2.50,97.50,1.00,1.00,10136.02,12302.45,12292.44,10116.02,2,97,97,2,81882.02,81849.03,,
2026-05-12T04:53:56+08:00,btc-updown-5m-1778532600,https://polymarket.com/zh/event/btc-updown-5m-1778532600,04:50-04:55,3.00,98.00,2.00,97.00,334.12,1396.11,1546.11,320.78,2.50,97.50,1.00,1.00,9898.36,12062.44,12072.45,9738.36,2,97,97,2,81882.02,81850.00,,
2026-05-12T04:53:58+08:00,btc-updown-5m-1778532600,https://polymarket.com/zh/event/btc-updown-5m-1778532600,04:50-04:55,3.00,98.00,2.00,97.00,245.44,1448.07,1468.07,250.44,2.50,97.50,1.00,1.00,9567.47,12047.44,12052.44,9547.47,2,97,97,2,81882.02,81849.99,,
2026-05-12T04:54:00+08:00,btc-updown-5m-1778532600,https://polymarket.com/zh/event/btc-updown-5m-1778532600,04:50-04:55,3.00,98.00,2.00,97.00,287.96,1403.92,1400.44,302.96,2.50,97.50,1.00,1.00,9420.84,12047.44,11892.50,9438.72,2,97,97,2,81882.02,81849.99,,
2026-05-12T04:54:02+08:00,btc-updown-5m-1778532600,https://polymarket.com/zh/event/btc-updown-5m-1778532600,04:50-04:55,6.00,95.00,5.00,94.00,170.04,322.18,322.18,170.04,5.50,94.50,1.00,1.00,10399.38,11250.42,11250.42,10349.38,5,94,94,5,81882.02,81860.01,,
2026-05-12T04:54:04+08:00,btc-updown-5m-1778532600,https://polymarket.com/zh/event/btc-updown-5m-1778532600,04:50-04:55,6.00,95.00,5.00,94.00,296.77,346.28,381.28,142.77,5.50,94.50,1.00,1.00,9614.37,11209.48,11209.48,9564.37,5,94,94,5,81882.02,81860.01,,
2026-05-12T04:54:06+08:00,btc-updown-5m-1778532600,https://polymarket.com/zh/event/btc-updown-5m-1778532600,04:50-04:55,5.00,96.00,4.00,95.00,819.72,126.60,126.60,461.35,4.50,95.50,1.00,1.00,9088.56,11199.42,11199.42,9454.20,4,95,95,4,81882.02,81859.19,,
2026-05-12T04:54:08+08:00,btc-updown-5m-1778532600,https://polymarket.com/zh/event/btc-updown-5m-1778532600,04:50-04:55,5.00,96.00,4.00,95.00,453.78,327.70,337.70,458.78,4.50,95.50,1.00,1.00,9789.31,11194.42,11194.43,9779.31,4,95,95,4,81882.02,81860.01,,
2026-05-12T04:54:10+08:00,btc-updown-5m-1778532600,https://polymarket.com/zh/event/btc-updown-5m-1778532600,04:50-04:55,3.00,98.00,2.00,97.00,1027.34,165.00,435.74,1099.89,2.50,97.50,1.00,1.00,8536.14,11189.42,11194.42,8265.40,2,97,97,2,81882.02,81852.00,,
2026-05-12T04:54:12+08:00,btc-updown-5m-1778532600,https://polymarket.com/zh/event/btc-updown-5m-1778532600,04:50-04:55,2.00,99.00,1.00,98.00,1478.72,8599.83,8599.83,1493.72,1.50,98.50,1.00,1.00,8599.83,11194.48,11194.42,8599.83,1,98,98,1,81882.02,81845.00,,
2026-05-12T04:54:14+08:00,btc-updown-5m-1778532600,https://polymarket.com/zh/event/btc-updown-5m-1778532600,04:50-04:55,2.00,99.00,1.00,98.00,1526.72,7862.24,7872.24,1540.23,1.50,98.50,1.00,1.00,7872.24,11194.43,11194.42,7862.24,1,98,98,1,81882.02,81846.30,,
2026-05-12T04:54:16+08:00,btc-updown-5m-1778532600,https://polymarket.com/zh/event/btc-updown-5m-1778532600,04:50-04:55,2.00,99.00,1.00,98.00,1320.25,5002.39,4987.39,1397.75,1.50,98.50,1.00,1.00,4987.39,11194.48,11194.42,5002.39,1,98,98,1,81882.02,81846.54,,
2026-05-12T04:54:18+08:00,btc-updown-5m-1778532600,https://polymarket.com/zh/event/btc-updown-5m-1778532600,04:50-04:55,2.00,99.00,1.00,98.00,1309.69,4529.92,4529.92,1243.19,1.50,98.50,1.00,1.00,4529.92,11194.42,11194.42,4529.92,1,98,98,1,81882.02,81845.39,,
2026-05-12T04:54:20+08:00,btc-updown-5m-1778532600,https://polymarket.com/zh/event/btc-updown-5m-1778532600,04:50-04:55,2.00,99.00,1.00,98.00,1379.49,4635.69,4645.69,1384.49,1.50,98.50,1.00,1.00,4645.69,11194.48,11194.42,4635.69,1,98,98,1,81882.02,81846.20,,
2026-05-12T04:54:22+08:00,btc-updown-5m-1778532600,https://polymarket.com/zh/event/btc-updown-5m-1778532600,04:50-04:55,2.00,99.00,1.00,98.00,2108.23,3682.15,3717.15,2108.23,1.50,98.50,1.00,1.00,3717.15,10694.48,10699.48,3682.15,1,98,98,1,81882.02,81842.00,,
2026-05-12T04:54:24+08:00,btc-updown-5m-1778532600,https://polymarket.com/zh/event/btc-updown-5m-1778532600,04:50-04:55,1.00,,,99.00,5964.40,,,6114.40,,,,,,10210.64,10210.58,,0,99,99,0,81882.02,81837.10,,
2026-05-12T04:54:26+08:00,btc-updown-5m-1778532600,https://polymarket.com/zh/event/btc-updown-5m-1778532600,04:50-04:55,1.00,,,99.00,6574.39,,,6574.39,,,,,,10199.58,10209.64,,0,99,99,0,81882.02,81837.09,,
2026-05-12T04:54:28+08:00,btc-updown-5m-1778532600,https://polymarket.com/zh/event/btc-updown-5m-1778532600,04:50-04:55,1.00,,,99.00,6338.78,,,6338.78,,,,,,10204.64,10209.64,,0,99,99,0,81882.02,81837.09,,
2026-05-12T04:54:30+08:00,btc-updown-5m-1778532600,https://polymarket.com/zh/event/btc-updown-5m-1778532600,04:50-04:55,1.00,,,99.00,6331.03,,,6331.03,,,,,,10204.64,9804.58,,0,99,99,0,81882.02,81837.09,,
2026-05-12T04:54:32+08:00,btc-updown-5m-1778532600,https://polymarket.com/zh/event/btc-updown-5m-1778532600,04:50-04:55,1.00,,,99.00,6666.84,,,6661.84,,,,,,9319.58,9324.58,,0,99,99,0,81882.02,81837.11,,
2026-05-12T04:54:34+08:00,btc-updown-5m-1778532600,https://polymarket.com/zh/event/btc-updown-5m-1778532600,04:50-04:55,1.00,,,99.00,6921.96,,,6921.96,,,,,,9329.58,9334.64,,0,99,99,0,81882.02,81840.15,,
2026-05-12T04:54:36+08:00,btc-updown-5m-1778532600,https://polymarket.com/zh/event/btc-updown-5m-1778532600,04:50-04:55,1.00,,,99.00,7035.66,,,7135.66,,,,,,9025.98,9030.98,,0,72,72,0,81882.02,81843.99,,
2026-05-12T04:54:38+08:00,btc-updown-5m-1778532600,https://polymarket.com/zh/event/btc-updown-5m-1778532600,04:50-04:55,1.00,,,99.00,7267.15,,,7267.15,,,,,,9031.04,9030.99,,0,71,71,0,81882.02,81837.09,,
2026-05-12T04:54:40+08:00,btc-updown-5m-1778532600,https://polymarket.com/zh/event/btc-updown-5m-1778532600,04:50-04:55,1.00,,,99.00,10783.20,,,10783.20,,,,,,9031.04,9031.04,,0,71,71,0,81882.02,81834.25,,
2026-05-12T04:54:42+08:00,btc-updown-5m-1778532600,https://polymarket.com/zh/event/btc-updown-5m-1778532600,04:50-04:55,1.00,,,99.00,11091.30,,,11091.30,,,,,,9031.04,9035.99,,0,71,71,0,81882.02,81834.24,,
2026-05-12T04:54:44+08:00,btc-updown-5m-1778532600,https://polymarket.com/zh/event/btc-updown-5m-1778532600,04:50-04:55,1.00,,,99.00,13369.79,,,13379.79,,,,,,9025.98,9035.98,,0,71,71,0,81882.02,81830.91,,
2026-05-12T04:54:46+08:00,btc-updown-5m-1778532600,https://polymarket.com/zh/event/btc-updown-5m-1778532600,04:50-04:55,1.00,,,99.00,13776.25,,,13876.25,,,,,,8338.98,8343.98,,0,70,70,0,81882.02,81830.88,,
2026-05-12T04:54:48+08:00,btc-updown-5m-1778532600,https://polymarket.com/zh/event/btc-updown-5m-1778532600,04:50-04:55,1.00,,,99.00,15676.16,,,15676.16,,,,,,8338.98,8344.04,,0,70,69,0,81882.02,81830.87,,
2026-05-12T04:54:50+08:00,btc-updown-5m-1778532600,https://polymarket.com/zh/event/btc-updown-5m-1778532600,04:50-04:55,1.00,,,99.00,16350.16,,,16350.16,,,,,,5838.98,5848.98,,0,65,65,0,81882.02,81830.16,,
2026-05-12T04:54:52+08:00,btc-updown-5m-1778532600,https://polymarket.com/zh/event/btc-updown-5m-1778532600,04:50-04:55,1.00,,,99.00,18178.56,,,18178.56,,,,,,6207.98,6207.98,,0,64,64,0,81882.02,81830.16,,
2026-05-12T04:54:54+08:00,btc-updown-5m-1778532600,https://polymarket.com/zh/event/btc-updown-5m-1778532600,04:50-04:55,1.00,,,99.00,19028.51,,,19199.56,,,,,,6208.04,6207.99,,0,65,65,0,81882.02,81830.15,,
2026-05-12T04:54:56+08:00,btc-updown-5m-1778532600,https://polymarket.com/zh/event/btc-updown-5m-1778532600,04:50-04:55,1.00,,,99.00,20669.19,,,20882.56,,,,,,5742.98,5747.98,,0,65,65,0,81882.02,81830.15,,
2026-05-12T04:54:58+08:00,btc-updown-5m-1778532600,https://polymarket.com/zh/event/btc-updown-5m-1778532600,04:50-04:55,1.00,,,99.00,43884.14,,,44432.45,,,,,,5852.98,5857.98,,0,68,68,0,81882.02,81830.15,,
2026-05-12T04:55:00+08:00,btc-updown-5m-1778532900,https://polymarket.com/zh/event/btc-updown-5m-1778532900,04:55-05:00,51.00,50.00,50.00,49.00,5.00,302.31,92.17,17.73,50.50,49.50,1.00,1.00,90332.59,90170.71,90185.73,90357.61,50,49,49,50,81830.16,81830.15,,
2026-05-12T04:55:02+08:00,btc-updown-5m-1778532900,https://polymarket.com/zh/event/btc-updown-5m-1778532900,04:55-05:00,50.00,51.00,49.00,50.00,133.32,387.07,256.07,105.32,49.50,50.50,1.00,1.00,69657.21,69383.73,69512.73,69796.21,49,50,50,49,81830.16,81831.95,,
2026-05-12T04:55:04+08:00,btc-updown-5m-1778532900,https://polymarket.com/zh/event/btc-updown-5m-1778532900,04:55-05:00,51.00,50.00,50.00,49.00,15.00,556.19,609.19,20.00,50.50,49.50,1.00,1.00,70491.95,69877.73,69872.73,70496.95,50,49,49,50,81830.16,81831.99,,
2026-05-12T04:55:06+08:00,btc-updown-5m-1778532900,https://polymarket.com/zh/event/btc-updown-5m-1778532900,04:55-05:00,51.00,50.00,50.00,49.00,22.58,867.05,904.29,22.58,50.50,49.50,1.00,1.00,71086.95,70047.73,70047.73,70596.95,50,49,49,50,81830.16,81831.99,,
2026-05-12T04:55:08+08:00,btc-updown-5m-1778532900,https://polymarket.com/zh/event/btc-updown-5m-1778532900,04:55-05:00,53.00,48.00,52.00,47.00,91.04,737.22,680.71,71.04,52.50,47.50,1.00,1.00,70611.96,70087.73,70087.73,70611.96,52,47,47,52,81830.16,81831.99,,
2026-05-12T04:55:10+08:00,btc-updown-5m-1778532900,https://polymarket.com/zh/event/btc-updown-5m-1778532900,04:55-05:00,56.00,45.00,55.00,42.00,1.86,175.60,3.24,77.81,55.50,43.50,1.00,3.00,70671.96,70135.73,70145.73,70714.97,55,43,42,55,81830.16,81837.26,,
2026-05-12T04:55:12+08:00,btc-updown-5m-1778532900,https://polymarket.com/zh/event/btc-updown-5m-1778532900,04:55-05:00,56.00,45.00,55.00,44.00,29.78,1180.70,1172.70,27.99,55.50,44.50,1.00,1.00,71242.73,70323.51,70323.51,70747.74,55,44,44,55,81830.16,81837.27,,
2026-05-12T04:55:14+08:00,btc-updown-5m-1778532900,https://polymarket.com/zh/event/btc-updown-5m-1778532900,04:55-05:00,57.00,44.00,56.00,43.00,29.51,1028.88,691.31,9.51,56.50,43.50,1.00,1.00,71253.74,70318.51,70323.51,70748.74,56,43,43,56,81830.16,81837.26,,
2026-05-12T04:55:16+08:00,btc-updown-5m-1778532900,https://polymarket.com/zh/event/btc-updown-5m-1778532900,04:55-05:00,57.00,44.00,56.00,43.00,25.02,831.83,755.36,65.02,56.50,43.50,1.00,1.00,70754.73,70330.51,70335.51,70749.73,56,43,43,56,81830.16,81837.26,,
2026-05-12T04:55:18+08:00,btc-updown-5m-1778532900,https://polymarket.com/zh/event/btc-updown-5m-1778532900,04:55-05:00,57.00,44.00,56.00,43.00,741.57,4.68,62.08,867.36,56.50,43.50,1.00,1.00,70749.73,70335.51,70330.51,70754.73,56,43,43,56,81830.16,81837.26,,
2026-05-12T04:55:20+08:00,btc-updown-5m-1778532900,https://polymarket.com/zh/event/btc-updown-5m-1778532900,04:55-05:00,55.00,47.00,53.00,45.00,895.05,41.16,106.16,895.05,54.00,46.00,2.00,2.00,71259.74,70330.51,70335.51,71254.74,53,45,45,53,81830.16,81834.52,,
2026-05-12T04:55:22+08:00,btc-updown-5m-1778532900,https://polymarket.com/zh/event/btc-updown-5m-1778532900,04:55-05:00,49.00,52.00,48.00,51.00,1039.10,83.02,73.02,1099.10,48.50,51.50,1.00,1.00,64535.04,64111.93,64116.93,64530.04,48,51,51,48,81830.16,81828.14,,
2026-05-12T04:55:24+08:00,btc-updown-5m-1778532900,https://polymarket.com/zh/event/btc-updown-5m-1778532900,04:55-05:00,49.00,52.00,48.00,51.00,718.25,85.02,35.02,696.25,48.50,51.50,1.00,1.00,64535.04,64111.88,64111.87,64530.04,48,51,51,48,81830.16,81828.14,,
2026-05-12T04:55:26+08:00,btc-updown-5m-1778532900,https://polymarket.com/zh/event/btc-updown-5m-1778532900,04:55-05:00,49.00,52.00,48.00,51.00,757.99,75.02,75.02,665.99,48.50,51.50,1.00,1.00,64535.04,64111.93,64111.87,64530.04,48,51,51,48,81830.16,81828.14,,
2026-05-12T04:55:28+08:00,btc-updown-5m-1778532900,https://polymarket.com/zh/event/btc-updown-5m-1778532900,04:55-05:00,49.00,52.00,48.00,51.00,66.79,942.19,997.37,66.79,48.50,51.50,1.00,1.00,64530.04,64111.88,64111.87,64530.04,48,51,51,48,81830.16,81828.14,,
2026-05-12T04:55:30+08:00,btc-updown-5m-1778532900,https://polymarket.com/zh/event/btc-updown-5m-1778532900,04:55-05:00,58.00,43.00,57.00,42.00,34.55,726.62,750.13,34.55,57.50,42.50,1.00,1.00,64530.04,64106.87,64111.87,65030.05,57,42,42,57,81830.16,81842.00,,
2026-05-12T04:55:32+08:00,btc-updown-5m-1778532900,https://polymarket.com/zh/event/btc-updown-5m-1778532900,04:55-05:00,58.00,43.00,57.00,42.00,449.51,571.57,492.57,369.51,57.50,42.50,1.00,1.00,56255.04,55836.87,55836.87,56255.04,57,42,42,57,81830.16,81840.07,,
2026-05-12T04:55:34+08:00,btc-updown-5m-1778532900,https://polymarket.com/zh/event/btc-updown-5m-1778532900,04:55-05:00,58.00,43.00,57.00,42.00,232.43,425.05,425.18,247.43,57.50,42.50,1.00,1.00,55155.05,54836.87,54836.87,55650.04,57,42,42,57,81830.16,81843.96,,
2026-05-12T04:55:36+08:00,btc-updown-5m-1778532900,https://polymarket.com/zh/event/btc-updown-5m-1778532900,04:55-05:00,58.00,43.00,57.00,42.00,204.25,329.53,372.99,224.25,57.50,42.50,1.00,1.00,55650.05,54836.87,54836.87,55650.04,57,42,42,57,81830.16,81843.95,,
2026-05-12T04:55:38+08:00,btc-updown-5m-1778532900,https://polymarket.com/zh/event/btc-updown-5m-1778532900,04:55-05:00,58.00,43.00,57.00,42.00,963.21,54.62,39.62,924.17,57.50,42.50,1.00,1.00,55650.04,54836.87,54836.87,55650.04,57,42,42,57,81830.16,81841.08,,
2026-05-12T04:55:40+08:00,btc-updown-5m-1778532900,https://polymarket.com/zh/event/btc-updown-5m-1778532900,04:55-05:00,58.00,43.00,57.00,42.00,1167.68,7.67,7.67,1056.68,57.50,42.50,1.00,1.00,55150.04,54836.87,54836.87,55650.04,57,42,42,57,81830.16,81840.46,,
2026-05-12T04:55:42+08:00,btc-updown-5m-1778532900,https://polymarket.com/zh/event/btc-updown-5m-1778532900,04:55-05:00,57.00,44.00,56.00,43.00,731.20,10.00,20.00,717.20,56.50,43.50,1.00,1.00,55660.04,54842.56,54842.56,55165.05,56,43,43,56,81830.16,81840.46,,
2026-05-12T04:55:44+08:00,btc-updown-5m-1778532900,https://polymarket.com/zh/event/btc-updown-5m-1778532900,04:55-05:00,56.00,45.00,55.00,44.00,28.02,446.35,362.58,50.02,55.50,44.50,1.00,1.00,55665.05,54842.56,54842.56,55660.04,55,44,44,55,81830.16,81840.47,,
2026-05-12T04:55:46+08:00,btc-updown-5m-1778532900,https://polymarket.com/zh/event/btc-updown-5m-1778532900,04:55-05:00,56.00,45.00,55.00,44.00,196.60,370.06,386.35,181.60,55.50,44.50,1.00,1.00,43135.04,42828.31,42828.31,43635.04,55,44,44,55,81830.16,81838.85,,
2026-05-12T04:55:48+08:00,btc-updown-5m-1778532900,https://polymarket.com/zh/event/btc-updown-5m-1778532900,04:55-05:00,59.00,42.00,58.00,41.00,672.90,36.02,36.02,692.92,58.50,41.50,1.00,1.00,43135.04,42828.31,42828.31,43135.04,58,41,41,58,81830.16,81838.83,,
2026-05-12T04:55:50+08:00,btc-updown-5m-1778532900,https://polymarket.com/zh/event/btc-updown-5m-1778532900,04:55-05:00,58.00,43.00,57.00,42.00,291.44,172.12,103.12,229.44,57.50,42.50,1.00,1.00,43240.04,42923.31,42923.31,43235.04,57,42,42,57,81830.16,81838.26,,
2026-05-12T04:55:52+08:00,btc-updown-5m-1778532900,https://polymarket.com/zh/event/btc-updown-5m-1778532900,04:55-05:00,58.00,44.00,56.00,43.00,870.28,6.76,11.76,105.85,57.00,43.50,2.00,1.00,43835.04,42923.31,42923.31,43335.04,56,42,43,56,81830.16,81838.06,,
2026-05-12T04:55:54+08:00,btc-updown-5m-1778532900,https://polymarket.com/zh/event/btc-updown-5m-1778532900,04:55-05:00,49.00,52.00,48.00,51.00,916.43,134.80,143.32,892.43,48.50,51.50,1.00,1.00,43435.04,43023.31,43023.31,43435.04,48,51,51,48,81830.16,81827.38,,
2026-05-12T04:55:56+08:00,btc-updown-5m-1778532900,https://polymarket.com/zh/event/btc-updown-5m-1778532900,04:55-05:00,49.00,52.00,48.00,51.00,770.22,136.22,67.94,740.76,48.50,51.50,1.00,1.00,43435.04,43133.38,43128.32,43435.04,48,51,51,48,81830.16,81827.92,,
2026-05-12T04:55:59+08:00,btc-updown-5m-1778532900,https://polymarket.com/zh/event/btc-updown-5m-1778532900,04:55-05:00,49.00,52.00,48.00,51.00,761.18,151.73,151.73,768.18,48.50,51.50,1.00,1.00,43462.54,43123.31,43128.37,43462.54,48,51,51,48,81830.16,81827.91,,
2026-05-12T04:56:01+08:00,btc-updown-5m-1778532900,https://polymarket.com/zh/event/btc-updown-5m-1778532900,04:55-05:00,47.00,54.00,46.00,53.00,600.29,236.05,261.05,597.32,46.50,53.50,1.00,1.00,44362.54,44023.31,24378.37,44362.54,46,53,53,46,81830.16,81827.91,,
2026-05-12T04:56:03+08:00,btc-updown-5m-1778532900,https://polymarket.com/zh/event/btc-updown-5m-1778532900,04:55-05:00,47.00,54.00,46.00,53.00,743.23,101.13,101.13,722.23,46.50,53.50,1.00,1.00,24707.04,24373.31,24373.31,24707.04,46,53,53,46,81830.16,81827.28,,
2026-05-12T04:56:05+08:00,btc-updown-5m-1778532900,https://polymarket.com/zh/event/btc-updown-5m-1778532900,04:55-05:00,45.00,56.00,44.00,55.00,314.30,306.42,278.56,580.45,44.50,55.50,1.00,1.00,24407.54,24073.32,24073.32,24407.54,44,55,55,44,81830.16,81827.29,,
2026-05-12T04:56:07+08:00,btc-updown-5m-1778532900,https://polymarket.com/zh/event/btc-updown-5m-1778532900,04:55-05:00,45.00,56.00,44.00,55.00,441.97,348.10,462.10,689.71,44.50,55.50,1.00,1.00,21987.54,21648.37,21643.31,21987.54,44,55,55,44,81830.16,81828.99,,
2026-05-12T04:56:09+08:00,btc-updown-5m-1778532900,https://polymarket.com/zh/event/btc-updown-5m-1778532900,04:55-05:00,45.00,56.00,44.00,55.00,601.90,140.91,136.51,658.90,44.50,55.50,1.00,1.00,21982.54,21643.31,21648.32,21982.54,44,55,55,44,81830.16,81828.99,,
2026-05-12T04:56:11+08:00,btc-updown-5m-1778532900,https://polymarket.com/zh/event/btc-updown-5m-1778532900,04:55-05:00,45.00,56.00,44.00,55.00,567.98,44.91,44.91,612.98,44.50,55.50,1.00,1.00,21982.54,21648.32,21648.32,21982.54,44,55,55,44,81830.16,81827.29,,
2026-05-12T04:56:13+08:00,btc-updown-5m-1778532900,https://polymarket.com/zh/event/btc-updown-5m-1778532900,04:55-05:00,45.00,56.00,44.00,55.00,488.07,46.68,46.68,512.07,44.50,55.50,1.00,1.00,21977.54,21648.32,21648.32,21977.54,44,55,55,44,81830.16,81827.29,,
2026-05-12T04:56:15+08:00,btc-updown-5m-1778532900,https://polymarket.com/zh/event/btc-updown-5m-1778532900,04:55-05:00,44.00,58.00,43.00,56.00,392.17,205.52,25.00,430.08,43.50,57.00,1.00,2.00,21877.54,21648.32,21648.38,21877.54,43,56,56,42,81830.16,81827.30,,
2026-05-12T04:56:17+08:00,btc-updown-5m-1778532900,https://polymarket.com/zh/event/btc-updown-5m-1778532900,04:55-05:00,44.00,57.00,43.00,56.00,491.07,42.19,42.19,552.07,43.50,56.50,1.00,1.00,21992.54,21638.31,21643.37,21992.54,43,56,56,43,81830.16,81827.29,,
2026-05-12T04:56:18+08:00,btc-updown-5m-1778532900,https://polymarket.com/zh/event/btc-updown-5m-1778532900,04:55-05:00,43.00,58.00,42.00,57.00,197.27,307.65,381.89,224.19,42.50,57.50,1.00,1.00,21987.54,21648.32,21638.31,21992.54,42,57,57,42,81830.16,81827.29,,
2026-05-12T04:56:20+08:00,btc-updown-5m-1778532900,https://polymarket.com/zh/event/btc-updown-5m-1778532900,04:55-05:00,43.00,58.00,42.00,57.00,251.60,231.60,211.65,261.60,42.50,57.50,1.00,1.00,21987.54,21648.37,21643.37,21992.54,42,57,57,42,81830.16,81827.84,,
2026-05-12T04:56:22+08:00,btc-updown-5m-1778532900,https://polymarket.com/zh/event/btc-updown-5m-1778532900,04:55-05:00,42.00,59.00,41.00,58.00,336.23,460.93,412.05,278.03,41.50,58.50,1.00,1.00,21987.54,21643.31,21638.31,21992.54,41,58,58,41,81830.16,81827.86,,
2026-05-12T04:56:24+08:00,btc-updown-5m-1778532900,https://polymarket.com/zh/event/btc-updown-5m-1778532900,04:55-05:00,42.00,59.00,41.00,58.00,35.09,851.60,1007.99,35.09,41.50,58.50,1.00,1.00,22040.04,21648.37,21643.37,22045.04,41,58,58,41,81830.16,81827.86,,
2026-05-12T04:56:26+08:00,btc-updown-5m-1778532900,https://polymarket.com/zh/event/btc-updown-5m-1778532900,04:55-05:00,43.00,58.00,42.00,57.00,34.83,614.37,599.37,37.50,42.50,57.50,1.00,1.00,22040.04,21653.37,21643.31,22045.04,42,57,57,42,81830.16,81827.85,,
2026-05-12T04:56:29+08:00,btc-updown-5m-1778532900,https://polymarket.com/zh/event/btc-updown-5m-1778532900,04:55-05:00,43.00,58.00,42.00,57.00,203.61,253.88,278.88,183.61,42.50,57.50,1.00,1.00,22040.04,21648.31,21648.31,22040.04,42,57,57,42,81830.16,81827.29,,
2026-05-12T04:56:31+08:00,btc-updown-5m-1778532900,https://polymarket.com/zh/event/btc-updown-5m-1778532900,04:55-05:00,45.00,56.00,44.00,55.00,251.77,554.67,530.67,251.77,44.50,55.50,1.00,1.00,22045.04,21643.31,21648.37,22045.04,44,55,55,44,81830.16,81827.30,,
2026-05-12T04:56:33+08:00,btc-updown-5m-1778532900,https://polymarket.com/zh/event/btc-updown-5m-1778532900,04:55-05:00,45.00,56.00,44.00,55.00,351.76,579.73,484.73,293.39,44.50,55.50,1.00,1.00,21632.04,21240.38,21235.37,21632.04,44,55,55,44,81830.16,81827.29,,
2026-05-12T04:56:35+08:00,btc-updown-5m-1778532900,https://polymarket.com/zh/event/btc-updown-5m-1778532900,04:55-05:00,45.00,56.00,44.00,55.00,949.09,39.91,14.93,803.08,44.50,55.50,1.00,1.00,21627.04,21135.37,21135.37,21627.04,44,55,55,44,81830.16,81827.30,,
2026-05-12T04:56:37+08:00,btc-updown-5m-1778532900,https://polymarket.com/zh/event/btc-updown-5m-1778532900,04:55-05:00,44.00,57.00,43.00,56.00,188.79,97.21,97.21,173.79,43.50,56.50,1.00,1.00,21542.04,21140.37,21140.37,21542.04,43,56,56,43,81830.16,81827.29,,
2026-05-12T04:56:39+08:00,btc-updown-5m-1778532900,https://polymarket.com/zh/event/btc-updown-5m-1778532900,04:55-05:00,44.00,57.00,43.00,56.00,121.28,219.86,219.99,126.28,43.50,56.50,1.00,1.00,21542.04,21140.37,21140.38,21547.04,43,56,56,43,81830.16,81827.29,,
2026-05-12T04:56:41+08:00,btc-updown-5m-1778532900,https://polymarket.com/zh/event/btc-updown-5m-1778532900,04:55-05:00,44.00,57.00,43.00,56.00,40.02,380.64,257.01,7.72,43.50,56.50,1.00,1.00,21442.04,21140.37,21130.31,21447.04,43,56,56,43,81830.16,81827.30,,
2026-05-12T04:56:42+08:00,btc-updown-5m-1778532900,https://polymarket.com/zh/event/btc-updown-5m-1778532900,04:55-05:00,45.00,56.00,44.00,55.00,15.00,846.44,933.86,24.11,44.50,55.50,1.00,1.00,21542.04,21235.31,21235.37,21547.04,44,55,55,44,81830.16,81827.29,,
2026-05-12T04:56:44+08:00,btc-updown-5m-1778532900,https://polymarket.com/zh/event/btc-updown-5m-1778532900,04:55-05:00,45.00,56.00,44.00,55.00,169.13,671.97,559.24,44.11,44.50,55.50,1.00,1.00,21542.04,21235.31,21230.31,21547.04,44,55,55,44,81830.16,81827.29,,
2026-05-12T04:56:46+08:00,btc-updown-5m-1778532900,https://polymarket.com/zh/event/btc-updown-5m-1778532900,04:55-05:00,46.00,55.00,45.00,54.00,30.02,817.89,775.89,25.00,45.50,54.50,1.00,1.00,21542.04,21235.31,21240.37,21547.04,45,54,54,45,81830.16,81827.28,,
2026-05-12T04:56:48+08:00,btc-updown-5m-1778532900,https://polymarket.com/zh/event/btc-updown-5m-1778532900,04:55-05:00,47.00,54.00,46.00,53.00,296.05,302.59,385.27,282.05,46.50,53.50,1.00,1.00,21547.04,21240.37,21235.32,21552.04,46,53,53,46,81830.16,81827.28,,
2026-05-12T04:56:50+08:00,btc-updown-5m-1778532900,https://polymarket.com/zh/event/btc-updown-5m-1778532900,04:55-05:00,47.00,54.00,46.00,53.00,616.74,5.00,30.00,565.74,46.50,53.50,1.00,1.00,21447.04,21135.31,21140.37,21452.04,46,53,53,46,81830.16,81827.28,,
2026-05-12T04:56:52+08:00,btc-updown-5m-1778532900,https://polymarket.com/zh/event/btc-updown-5m-1778532900,04:55-05:00,46.00,55.00,45.00,54.00,92.48,95.65,211.65,205.48,45.50,54.50,1.00,1.00,21447.04,21135.31,21130.31,21452.04,45,54,54,45,81830.16,81825.18,,
2026-05-12T04:56:54+08:00,btc-updown-5m-1778532900,https://polymarket.com/zh/event/btc-updown-5m-1778532900,04:55-05:00,46.00,55.00,45.00,54.00,484.40,3.20,3.20,609.22,45.50,54.50,1.00,1.00,21447.04,21135.31,21130.31,21452.04,45,54,54,45,81830.16,81825.17,,
2026-05-12T04:56:56+08:00,btc-updown-5m-1778532900,https://polymarket.com/zh/event/btc-updown-5m-1778532900,04:55-05:00,45.00,56.00,44.00,55.00,670.13,37.52,37.52,454.82,44.50,55.50,1.00,1.00,21415.04,21135.31,21135.37,21420.04,44,55,55,44,81830.16,81825.17,,
2026-05-12T04:56:58+08:00,btc-updown-5m-1778532900,https://polymarket.com/zh/event/btc-updown-5m-1778532900,04:55-05:00,43.00,58.00,42.00,57.00,495.60,68.01,68.01,478.27,42.50,57.50,1.00,1.00,21350.04,21135.31,21135.37,21355.04,42,57,57,42,81830.16,81825.15,,
2026-05-12T04:57:01+08:00,btc-updown-5m-1778532900,https://polymarket.com/zh/event/btc-updown-5m-1778532900,04:55-05:00,42.00,59.00,41.00,58.00,74.01,168.26,161.26,141.01,41.50,58.50,1.00,1.00,21355.04,21065.31,21065.31,21355.04,41,58,58,41,81830.16,81825.15,,
2026-05-12T04:57:03+08:00,btc-updown-5m-1778532900,https://polymarket.com/zh/event/btc-updown-5m-1778532900,04:55-05:00,37.00,65.00,35.00,64.00,5.00,9.59,5.02,183.74,36.00,64.50,2.00,1.00,20931.04,21074.38,21063.32,20430.37,30,62,64,29,81830.16,81819.09,,
2026-05-12T04:57:05+08:00,btc-updown-5m-1778532900,https://polymarket.com/zh/event/btc-updown-5m-1778532900,04:55-05:00,22.00,79.00,21.00,78.00,363.71,331.09,320.80,361.73,21.50,78.50,1.00,1.00,20098.87,19066.81,19066.87,20103.87,21,78,78,21,81830.16,81803.71,,
2026-05-12T04:57:07+08:00,btc-updown-5m-1778532900,https://polymarket.com/zh/event/btc-updown-5m-1778532900,04:55-05:00,21.00,80.00,20.00,79.00,268.12,234.27,520.41,711.99,20.50,79.50,1.00,1.00,20809.53,18966.87,18966.87,20676.53,20,79,79,20,81830.16,81803.72,,
2026-05-12T04:57:09+08:00,btc-updown-5m-1778532900,https://polymarket.com/zh/event/btc-updown-5m-1778532900,04:55-05:00,20.00,81.00,19.00,80.00,567.39,104.02,98.69,670.39,19.50,80.50,1.00,1.00,17851.53,15961.81,15971.87,17846.53,19,80,80,19,81830.16,81802.68,,
2026-05-12T04:57:11+08:00,btc-updown-5m-1778532900,https://polymarket.com/zh/event/btc-updown-5m-1778532900,04:55-05:00,19.00,82.00,18.00,81.00,620.97,392.93,422.82,601.97,18.50,81.50,1.00,1.00,18249.53,15961.81,15971.82,18244.53,18,81,81,18,81830.16,81802.68,,
2026-05-12T04:57:13+08:00,btc-updown-5m-1778532900,https://polymarket.com/zh/event/btc-updown-5m-1778532900,04:55-05:00,19.00,82.00,18.00,81.00,765.42,128.49,164.59,907.42,18.50,81.50,1.00,1.00,18125.53,15966.87,15971.82,17820.53,18,81,81,18,81830.16,81802.67,,
2026-05-12T04:57:15+08:00,btc-updown-5m-1778532900,https://polymarket.com/zh/event/btc-updown-5m-1778532900,04:55-05:00,18.00,83.00,17.00,82.00,407.29,475.68,485.68,417.29,17.50,82.50,1.00,1.00,17745.53,15971.88,15966.87,17745.53,17,82,82,17,81830.16,81803.40,,
2026-05-12T04:57:17+08:00,btc-updown-5m-1778532900,https://polymarket.com/zh/event/btc-updown-5m-1778532900,04:55-05:00,19.00,82.00,18.00,81.00,289.79,348.09,12.90,425.14,18.50,81.50,1.00,1.00,17476.53,15976.88,15966.87,17461.53,18,81,81,18,81830.16,81803.40,,
2026-05-12T04:57:19+08:00,btc-updown-5m-1778532900,https://polymarket.com/zh/event/btc-updown-5m-1778532900,04:55-05:00,19.00,82.00,18.00,81.00,395.75,219.48,219.48,389.43,18.50,81.50,1.00,1.00,17576.53,15961.81,15933.81,17553.53,18,81,81,18,81830.16,81804.64,,
2026-05-12T04:57:21+08:00,btc-updown-5m-1778532900,https://polymarket.com/zh/event/btc-updown-5m-1778532900,04:55-05:00,28.00,73.00,27.00,72.00,99.26,448.85,476.85,99.26,27.50,72.50,1.00,1.00,17129.53,15898.81,15908.87,17124.53,27,72,72,27,81830.16,81812.86,,
2026-05-12T04:57:23+08:00,btc-updown-5m-1778532900,https://polymarket.com/zh/event/btc-updown-5m-1778532900,04:55-05:00,28.00,73.00,27.00,72.00,138.46,345.25,329.25,131.46,27.50,72.50,1.00,1.00,17124.53,15903.81,15913.87,17124.53,27,72,72,27,81830.16,81813.02,,
2026-05-12T04:57:25+08:00,btc-updown-5m-1778532900,https://polymarket.com/zh/event/btc-updown-5m-1778532900,04:55-05:00,27.00,76.00,26.00,73.00,414.73,29.75,2.72,778.17,26.50,74.50,1.00,3.00,17139.53,15898.81,15908.87,17154.53,26,73,73,24,81830.16,81813.03,,
2026-05-12T04:57:27+08:00,btc-updown-5m-1778532900,https://polymarket.com/zh/event/btc-updown-5m-1778532900,04:55-05:00,23.00,78.00,22.00,77.00,674.54,633.79,578.77,724.54,22.50,77.50,1.00,1.00,17119.53,15903.87,15903.81,17114.53,22,77,77,22,81830.16,81808.92,,
2026-05-12T04:57:29+08:00,btc-updown-5m-1778532900,https://polymarket.com/zh/event/btc-updown-5m-1778532900,04:55-05:00,23.00,78.00,22.00,77.00,187.94,641.75,603.30,227.94,22.50,77.50,1.00,1.00,17119.53,15898.81,15903.81,17114.53,22,77,77,22,81830.16,81809.96,,
2026-05-12T04:57:31+08:00,btc-updown-5m-1778532900,https://polymarket.com/zh/event/btc-updown-5m-1778532900,04:55-05:00,24.00,77.00,23.00,76.00,37.41,701.74,762.85,46.16,23.50,76.50,1.00,1.00,16869.53,15753.87,15663.88,16864.53,23,76,76,23,81830.16,81810.00,,
2026-05-12T04:57:33+08:00,btc-updown-5m-1778532900,https://polymarket.com/zh/event/btc-updown-5m-1778532900,04:55-05:00,24.00,77.00,23.00,76.00,157.68,477.93,472.88,157.68,23.50,76.50,1.00,1.00,16029.75,15631.10,15636.10,16024.75,23,76,76,23,81830.16,81810.00,,
2026-05-12T04:57:35+08:00,btc-updown-5m-1778532900,https://polymarket.com/zh/event/btc-updown-5m-1778532900,04:55-05:00,30.00,71.00,29.00,70.00,74.66,357.75,338.75,50.72,29.50,70.50,1.00,1.00,16229.75,15626.04,15626.04,16229.75,29,70,70,29,81830.16,81817.04,,
2026-05-12T04:57:37+08:00,btc-updown-5m-1778532900,https://polymarket.com/zh/event/btc-updown-5m-1778532900,04:55-05:00,30.00,71.00,29.00,70.00,322.69,84.94,131.42,358.69,29.50,70.50,1.00,1.00,16534.75,15626.09,15631.09,16529.75,29,70,70,29,81830.16,81815.62,,
2026-05-12T04:57:39+08:00,btc-updown-5m-1778532900,https://polymarket.com/zh/event/btc-updown-5m-1778532900,04:55-05:00,30.00,71.00,29.00,70.00,79.48,371.70,504.15,90.14,29.50,70.50,1.00,1.00,16124.75,15331.10,15331.04,16524.75,29,70,70,29,81830.16,81816.44,,
2026-05-12T04:57:41+08:00,btc-updown-5m-1778532900,https://polymarket.com/zh/event/btc-updown-5m-1778532900,04:55-05:00,30.00,71.00,29.00,70.00,284.59,53.89,53.89,284.59,29.50,70.50,1.00,1.00,16524.75,15331.04,15331.04,16524.75,29,70,70,29,81830.16,81816.45,,
2026-05-12T04:57:43+08:00,btc-updown-5m-1778532900,https://polymarket.com/zh/event/btc-updown-5m-1778532900,04:55-05:00,29.00,72.00,28.00,71.00,518.43,20.00,33.64,562.98,28.50,71.50,1.00,1.00,16529.75,15321.03,15326.03,16524.75,28,71,71,28,81830.16,81816.47,,
2026-05-12T04:57:45+08:00,btc-updown-5m-1778532900,https://polymarket.com/zh/event/btc-updown-5m-1778532900,04:55-05:00,29.00,72.00,28.00,71.00,388.73,175.77,190.77,350.73,28.50,71.50,1.00,1.00,16529.75,15321.03,15326.03,16524.75,28,71,71,28,81830.16,81816.46,,
2026-05-12T04:57:47+08:00,btc-updown-5m-1778532900,https://polymarket.com/zh/event/btc-updown-5m-1778532900,04:55-05:00,17.00,84.00,16.00,83.00,230.99,368.06,347.32,229.99,16.50,83.50,1.00,1.00,16944.75,15326.04,15326.04,16944.75,16,83,83,16,81830.16,81810.00,,
2026-05-12T04:57:49+08:00,btc-updown-5m-1778532900,https://polymarket.com/zh/event/btc-updown-5m-1778532900,04:55-05:00,17.00,84.00,16.00,83.00,339.95,604.32,192.76,59.02,16.50,83.50,1.00,1.00,16034.10,15351.04,15336.10,16024.10,16,83,83,16,81830.16,81810.01,,
2026-05-12T04:57:51+08:00,btc-updown-5m-1778532900,https://polymarket.com/zh/event/btc-updown-5m-1778532900,04:55-05:00,19.00,82.00,18.00,81.00,93.59,987.60,994.60,93.59,18.50,81.50,1.00,1.00,16051.75,15331.09,15326.04,16056.75,18,81,81,18,81830.16,81810.00,,
2026-05-12T04:57:53+08:00,btc-updown-5m-1778532900,https://polymarket.com/zh/event/btc-updown-5m-1778532900,04:55-05:00,21.00,80.00,20.00,79.00,106.95,476.56,494.98,106.95,20.50,79.50,1.00,1.00,16056.75,15331.09,15321.03,16061.75,20,79,79,20,81830.16,81810.00,,
2026-05-12T04:57:55+08:00,btc-updown-5m-1778532900,https://polymarket.com/zh/event/btc-updown-5m-1778532900,04:55-05:00,21.00,80.00,20.00,79.00,93.71,554.39,463.39,178.96,20.50,79.50,1.00,1.00,16157.75,15331.09,15326.09,16066.75,20,79,79,20,81830.16,81810.00,,
2026-05-12T04:57:57+08:00,btc-updown-5m-1778532900,https://polymarket.com/zh/event/btc-updown-5m-1778532900,04:55-05:00,21.00,80.00,20.00,79.00,210.25,701.23,671.65,150.48,20.50,79.50,1.00,1.00,16152.75,15326.04,15321.03,16157.75,20,79,79,20,81830.16,81810.00,,
2026-05-12T04:57:59+08:00,btc-updown-5m-1778532900,https://polymarket.com/zh/event/btc-updown-5m-1778532900,04:55-05:00,21.00,80.00,20.00,79.00,253.21,610.51,640.51,218.21,20.50,79.50,1.00,1.00,16040.75,15321.03,15331.03,16035.75,20,79,79,20,81830.16,81810.00,,
2026-05-12T04:58:01+08:00,btc-updown-5m-1778532900,https://polymarket.com/zh/event/btc-updown-5m-1778532900,04:55-05:00,21.00,80.00,20.00,79.00,187.50,512.42,465.16,237.50,20.50,79.50,1.00,1.00,14311.75,13101.04,13096.03,14316.75,20,79,79,20,81830.16,81810.00,,
2026-05-12T04:58:03+08:00,btc-updown-5m-1778532900,https://polymarket.com/zh/event/btc-updown-5m-1778532900,04:55-05:00,21.00,80.00,20.00,79.00,554.40,185.02,331.29,600.40,20.50,79.50,1.00,1.00,14376.75,13101.09,13101.03,14371.75,20,79,79,20,81830.16,81810.00,,
2026-05-12T04:58:05+08:00,btc-updown-5m-1778532900,https://polymarket.com/zh/event/btc-updown-5m-1778532900,04:55-05:00,21.00,80.00,20.00,79.00,653.48,190.02,201.62,665.48,20.50,79.50,1.00,1.00,14376.75,13096.03,13106.09,14371.75,20,79,79,20,81830.16,81810.01,,
2026-05-12T04:58:07+08:00,btc-updown-5m-1778532900,https://polymarket.com/zh/event/btc-updown-5m-1778532900,04:55-05:00,21.00,80.00,20.00,79.00,567.06,201.92,236.92,610.79,20.50,79.50,1.00,1.00,14376.75,13101.09,13106.04,14471.75,20,79,79,20,81830.16,81810.00,,
2026-05-12T04:58:09+08:00,btc-updown-5m-1778532900,https://polymarket.com/zh/event/btc-updown-5m-1778532900,04:55-05:00,21.00,80.00,20.00,79.00,519.07,213.52,251.31,594.07,20.50,79.50,1.00,1.00,14181.75,13101.09,13101.04,14181.75,20,79,79,20,81830.16,81810.00,,
2026-05-12T04:58:11+08:00,btc-updown-5m-1778532900,https://polymarket.com/zh/event/btc-updown-5m-1778532900,04:55-05:00,21.00,80.00,20.00,79.00,502.87,247.52,217.52,510.50,20.50,79.50,1.00,1.00,14271.75,13086.03,13091.03,14066.75,20,79,79,20,81830.16,81812.00,,
2026-05-12T04:58:13+08:00,btc-updown-5m-1778532900,https://polymarket.com/zh/event/btc-updown-5m-1778532900,04:55-05:00,26.00,75.00,25.00,74.00,10.51,262.05,213.84,10.51,25.50,74.50,1.00,1.00,13277.75,12391.03,12396.04,13277.75,25,74,74,25,81830.16,81816.59,,
2026-05-12T04:58:15+08:00,btc-updown-5m-1778532900,https://polymarket.com/zh/event/btc-updown-5m-1778532900,04:55-05:00,29.00,72.00,28.00,71.00,733.00,117.93,123.00,715.00,28.50,71.50,1.00,1.00,13776.75,12385.09,12385.03,13771.75,28,71,71,28,81830.16,81817.58,,
2026-05-12T04:58:17+08:00,btc-updown-5m-1778532900,https://polymarket.com/zh/event/btc-updown-5m-1778532900,04:55-05:00,29.00,72.00,28.00,71.00,619.06,295.41,70.00,650.84,28.50,71.50,1.00,1.00,13976.75,12380.03,12385.03,13971.75,28,71,71,28,81830.16,81817.58,,
2026-05-12T04:58:20+08:00,btc-updown-5m-1778532900,https://polymarket.com/zh/event/btc-updown-5m-1778532900,04:55-05:00,29.00,72.00,28.00,71.00,446.67,50.02,50.02,465.67,28.50,71.50,1.00,1.00,13971.75,12390.09,12385.03,13971.75,28,71,71,28,81830.16,81817.58,,
2026-05-12T04:58:22+08:00,btc-updown-5m-1778532900,https://polymarket.com/zh/event/btc-updown-5m-1778532900,04:55-05:00,15.00,86.00,14.00,85.00,714.32,172.00,172.00,664.32,14.50,85.50,1.00,1.00,13621.51,12385.09,12375.03,13858.51,14,85,85,14,81830.16,81804.66,,
2026-05-12T04:58:24+08:00,btc-updown-5m-1778532900,https://polymarket.com/zh/event/btc-updown-5m-1778532900,04:55-05:00,15.00,86.00,14.00,85.00,656.83,72.94,92.94,654.83,14.50,85.50,1.00,1.00,13873.56,12380.03,12375.03,13594.61,14,85,85,14,81830.16,81804.71,,
2026-05-12T04:58:26+08:00,btc-updown-5m-1778532900,https://polymarket.com/zh/event/btc-updown-5m-1778532900,04:55-05:00,15.00,86.00,14.00,85.00,196.14,245.01,314.01,395.14,14.50,85.50,1.00,1.00,13729.19,12380.03,12375.03,13734.19,14,85,85,14,81830.16,81807.57,,
2026-05-12T04:58:28+08:00,btc-updown-5m-1778532900,https://polymarket.com/zh/event/btc-updown-5m-1778532900,04:55-05:00,15.00,86.00,14.00,85.00,544.41,151.85,145.05,488.24,14.50,85.50,1.00,1.00,13834.19,12385.09,12385.09,13844.19,14,85,85,14,81830.16,81805.30,,
2026-05-12T04:58:30+08:00,btc-updown-5m-1778532900,https://polymarket.com/zh/event/btc-updown-5m-1778532900,04:55-05:00,15.00,86.00,14.00,85.00,388.46,142.64,147.64,360.46,14.50,85.50,1.00,1.00,14259.19,12380.03,12375.03,14271.19,14,85,85,14,81830.16,81805.19,,
2026-05-12T04:58:32+08:00,btc-updown-5m-1778532900,https://polymarket.com/zh/event/btc-updown-5m-1778532900,04:55-05:00,14.00,87.00,13.00,86.00,579.60,141.50,149.55,695.61,13.50,86.50,1.00,1.00,13951.21,11995.03,11995.04,13956.21,13,86,86,13,81830.16,81803.95,,
2026-05-12T04:58:34+08:00,btc-updown-5m-1778532900,https://polymarket.com/zh/event/btc-updown-5m-1778532900,04:55-05:00,12.00,89.00,11.00,88.00,20.00,212.35,164.42,337.27,11.50,88.50,1.00,1.00,13836.40,12000.09,12000.10,13424.74,11,88,88,11,81830.16,81801.86,,
2026-05-12T04:58:36+08:00,btc-updown-5m-1778532900,https://polymarket.com/zh/event/btc-updown-5m-1778532900,04:55-05:00,12.00,89.00,11.00,88.00,521.65,138.98,138.98,489.65,11.50,88.50,1.00,1.00,13133.74,11994.40,11989.34,13133.74,11,88,88,11,81830.16,81803.35,,
2026-05-12T04:58:38+08:00,btc-updown-5m-1778532900,https://polymarket.com/zh/event/btc-updown-5m-1778532900,04:55-05:00,12.00,89.00,11.00,88.00,345.31,175.58,126.03,244.31,11.50,88.50,1.00,1.00,13093.74,11989.34,11989.40,13095.25,11,88,88,11,81830.16,81806.08,,
2026-05-12T04:58:40+08:00,btc-updown-5m-1778532900,https://polymarket.com/zh/event/btc-updown-5m-1778532900,04:55-05:00,8.00,93.00,7.00,92.00,174.00,107.06,166.27,686.70,7.50,92.50,1.00,1.00,12593.72,11989.34,11889.35,12464.72,7,92,92,7,81830.16,81806.52,,
2026-05-12T04:58:42+08:00,btc-updown-5m-1778532900,https://polymarket.com/zh/event/btc-updown-5m-1778532900,04:55-05:00,8.00,93.00,7.00,92.00,496.86,158.08,128.46,147.00,7.50,92.50,1.00,1.00,11999.36,12010.53,12005.53,12179.39,7,92,92,7,81830.16,81803.80,,
2026-05-12T04:58:44+08:00,btc-updown-5m-1778532900,https://polymarket.com/zh/event/btc-updown-5m-1778532900,04:55-05:00,8.00,93.00,7.00,92.00,336.32,204.59,204.59,84.00,7.50,92.50,1.00,1.00,12635.59,12005.48,12005.53,12935.59,7,92,92,7,81830.16,81802.80,,
2026-05-12T04:58:46+08:00,btc-updown-5m-1778532900,https://polymarket.com/zh/event/btc-updown-5m-1778532900,04:55-05:00,9.00,92.00,8.00,91.00,640.08,32.95,43.91,657.86,8.50,91.50,1.00,1.00,12727.22,11605.53,11605.47,12722.22,8,91,91,8,81830.16,81802.79,,
2026-05-12T04:58:48+08:00,btc-updown-5m-1778532900,https://polymarket.com/zh/event/btc-updown-5m-1778532900,04:55-05:00,8.00,93.00,7.00,92.00,168.20,44.00,95.00,253.49,7.50,92.50,1.00,1.00,12812.64,11600.47,11605.53,12612.67,7,92,92,7,81830.16,81802.79,,
2026-05-12T04:58:50+08:00,btc-updown-5m-1778532900,https://polymarket.com/zh/event/btc-updown-5m-1778532900,04:55-05:00,7.00,94.00,6.00,93.00,203.02,315.55,236.25,218.02,6.50,93.50,1.00,1.00,12723.36,11600.47,11600.47,12658.20,6,93,93,6,81830.16,81802.79,,
2026-05-12T04:58:52+08:00,btc-updown-5m-1778532900,https://polymarket.com/zh/event/btc-updown-5m-1778532900,04:55-05:00,5.00,96.00,4.00,95.00,65.77,458.65,912.65,85.77,4.50,95.50,1.00,1.00,10363.88,11615.47,11615.47,7283.88,4,95,95,4,81830.16,81802.78,,
2026-05-12T04:58:54+08:00,btc-updown-5m-1778532900,https://polymarket.com/zh/event/btc-updown-5m-1778532900,04:55-05:00,3.00,98.00,2.00,97.00,309.28,1528.65,1333.96,519.43,2.50,97.50,1.00,1.00,7083.08,11515.47,11305.47,7277.77,2,97,97,2,81830.16,81790.00,,
2026-05-12T04:58:56+08:00,btc-updown-5m-1778532900,https://polymarket.com/zh/event/btc-updown-5m-1778532900,04:55-05:00,3.00,98.00,2.00,97.00,203.50,1578.26,1499.26,198.50,2.50,97.50,1.00,1.00,7600.38,11085.47,11085.47,7729.38,2,97,97,2,81830.16,81791.83,,
2026-05-12T04:58:58+08:00,btc-updown-5m-1778532900,https://polymarket.com/zh/event/btc-updown-5m-1778532900,04:55-05:00,3.00,98.00,2.00,97.00,267.80,1671.86,1658.91,377.80,2.50,97.50,1.00,1.00,7830.03,11090.47,11085.47,7842.98,2,97,97,2,81830.16,81791.83,,
2026-05-12T04:59:00+08:00,btc-updown-5m-1778532900,https://polymarket.com/zh/event/btc-updown-5m-1778532900,04:55-05:00,3.00,98.00,2.00,97.00,86.66,1794.76,1778.12,76.66,2.50,97.50,1.00,1.00,7929.24,11090.47,10710.53,7835.88,2,97,97,2,81830.16,81791.83,,
2026-05-12T04:59:02+08:00,btc-updown-5m-1778532900,https://polymarket.com/zh/event/btc-updown-5m-1778532900,04:55-05:00,6.00,95.00,5.00,94.00,185.61,366.04,448.08,185.61,5.50,94.50,1.00,1.00,8312.18,10482.11,10482.11,8701.14,5,74,74,5,81830.16,81799.83,,
2026-05-12T04:59:04+08:00,btc-updown-5m-1778532900,https://polymarket.com/zh/event/btc-updown-5m-1778532900,04:55-05:00,6.00,95.00,5.00,94.00,418.06,51.85,56.85,356.20,5.50,94.50,1.00,1.00,8176.64,10482.11,10492.17,8166.64,5,73,73,5,81830.16,81799.98,,
2026-05-12T04:59:06+08:00,btc-updown-5m-1778532900,https://polymarket.com/zh/event/btc-updown-5m-1778532900,04:55-05:00,6.00,95.00,5.00,94.00,533.88,100.11,128.68,410.34,5.50,94.50,1.00,1.00,8442.42,10482.11,10487.11,8408.85,5,73,73,5,81830.16,81799.98,,
2026-05-12T04:59:08+08:00,btc-updown-5m-1778532900,https://polymarket.com/zh/event/btc-updown-5m-1778532900,04:55-05:00,6.00,95.00,5.00,94.00,410.82,207.33,235.76,443.84,5.50,94.50,1.00,1.00,7896.04,10467.11,10467.11,8022.97,5,73,73,5,81830.16,81799.98,,
2026-05-12T04:59:10+08:00,btc-updown-5m-1778532900,https://polymarket.com/zh/event/btc-updown-5m-1778532900,04:55-05:00,6.00,95.00,5.00,94.00,559.01,69.05,74.05,564.01,5.50,94.50,1.00,1.00,7843.46,10472.17,10462.11,7443.46,5,71,71,5,81830.16,81799.98,,
2026-05-12T04:59:12+08:00,btc-updown-5m-1778532900,https://polymarket.com/zh/event/btc-updown-5m-1778532900,04:55-05:00,5.00,96.00,4.00,95.00,385.18,35.00,106.00,349.47,4.50,95.50,1.00,1.00,6324.84,10462.11,10467.17,6420.90,4,73,73,4,81830.16,81799.98,,
2026-05-12T04:59:14+08:00,btc-updown-5m-1778532900,https://polymarket.com/zh/event/btc-updown-5m-1778532900,04:55-05:00,3.00,98.00,2.00,97.00,263.71,510.52,495.14,258.71,2.50,97.50,1.00,1.00,6826.89,10437.11,10442.11,6842.27,2,74,74,2,81830.16,81799.98,,
2026-05-12T04:59:16+08:00,btc-updown-5m-1778532900,https://polymarket.com/zh/event/btc-updown-5m-1778532900,04:55-05:00,3.00,98.00,2.00,97.00,120.67,365.49,345.49,99.17,2.50,97.50,1.00,1.00,6778.24,10442.17,10388.11,6798.24,2,72,72,2,81830.16,81799.98,,
2026-05-12T04:59:18+08:00,btc-updown-5m-1778532900,https://polymarket.com/zh/event/btc-updown-5m-1778532900,04:55-05:00,3.00,98.00,2.00,97.00,97.34,201.61,186.61,102.34,2.50,97.50,1.00,1.00,6614.61,10383.11,10388.11,6629.61,2,73,72,2,81830.16,81799.98,,
2026-05-12T04:59:20+08:00,btc-updown-5m-1778532900,https://polymarket.com/zh/event/btc-updown-5m-1778532900,04:55-05:00,3.00,98.00,2.00,97.00,166.91,105.14,111.07,200.93,2.50,97.50,1.00,1.00,6539.07,10436.17,10436.11,6533.14,2,73,72,2,81830.16,81799.98,,
2026-05-12T04:59:22+08:00,btc-updown-5m-1778532900,https://polymarket.com/zh/event/btc-updown-5m-1778532900,04:55-05:00,2.00,99.00,1.00,98.00,1701.64,6650.70,6665.70,1691.64,1.50,98.50,1.00,1.00,6665.70,10382.17,10382.11,6650.70,1,73,74,1,81830.16,81799.98,,
2026-05-12T04:59:24+08:00,btc-updown-5m-1778532900,https://polymarket.com/zh/event/btc-updown-5m-1778532900,04:55-05:00,2.00,99.00,1.00,98.00,1664.21,6372.45,6397.45,1669.21,1.50,98.50,1.00,1.00,6397.45,10376.17,10376.11,6372.45,1,77,77,1,81830.16,81794.97,,
2026-05-12T04:59:26+08:00,btc-updown-5m-1778532900,https://polymarket.com/zh/event/btc-updown-5m-1778532900,04:55-05:00,2.00,99.00,1.00,98.00,2692.49,4709.33,4719.33,2687.49,1.50,98.50,1.00,1.00,4719.33,9930.17,9930.11,4709.33,1,78,78,1,81830.16,81798.22,,
2026-05-12T04:59:28+08:00,btc-updown-5m-1778532900,https://polymarket.com/zh/event/btc-updown-5m-1778532900,04:55-05:00,2.00,99.00,1.00,98.00,2833.38,4117.66,4112.66,2833.38,1.50,98.50,1.00,1.00,4112.66,9826.11,9831.17,4117.66,1,74,74,1,81830.16,81798.50,,
2026-05-12T04:59:30+08:00,btc-updown-5m-1778532900,https://polymarket.com/zh/event/btc-updown-5m-1778532900,04:55-05:00,2.00,99.00,1.00,98.00,3297.71,2835.86,3247.86,3257.71,1.50,98.50,1.00,1.00,3247.86,9850.11,9455.11,2835.86,1,74,74,1,81830.16,81798.50,,
2026-05-12T04:59:32+08:00,btc-updown-5m-1778532900,https://polymarket.com/zh/event/btc-updown-5m-1778532900,04:55-05:00,2.00,99.00,1.00,98.00,3487.21,1845.49,1863.49,3525.21,1.50,98.50,1.00,1.00,1863.49,8916.11,8911.11,1845.49,1,67,66,1,81830.16,81798.50,,
2026-05-12T04:59:34+08:00,btc-updown-5m-1778532900,https://polymarket.com/zh/event/btc-updown-5m-1778532900,04:55-05:00,2.00,99.00,1.00,98.00,3354.02,1359.79,1379.79,3259.02,1.50,98.50,1.00,1.00,1379.79,8911.17,8906.11,1359.79,1,64,65,1,81830.16,81803.93,,
2026-05-12T04:59:36+08:00,btc-updown-5m-1778532900,https://polymarket.com/zh/event/btc-updown-5m-1778532900,04:55-05:00,2.00,99.00,1.00,98.00,3236.80,1227.48,886.00,3229.00,1.50,98.50,1.00,1.00,886.00,8965.11,8965.17,1227.48,1,67,64,1,81830.16,81803.93,,
2026-05-12T04:59:38+08:00,btc-updown-5m-1778532900,https://polymarket.com/zh/event/btc-updown-5m-1778532900,04:55-05:00,2.00,99.00,1.00,98.00,1519.12,866.93,861.93,1524.12,1.50,98.50,1.00,1.00,861.93,9045.17,9030.11,866.93,1,65,64,1,81830.16,81806.96,,
2026-05-12T04:59:40+08:00,btc-updown-5m-1778532900,https://polymarket.com/zh/event/btc-updown-5m-1778532900,04:55-05:00,2.00,99.00,1.00,98.00,1265.38,760.78,755.78,1270.38,1.50,98.50,1.00,1.00,755.78,9340.11,9389.11,760.78,1,65,65,1,81830.16,81809.40,,
2026-05-12T04:59:42+08:00,btc-updown-5m-1778532900,https://polymarket.com/zh/event/btc-updown-5m-1778532900,04:55-05:00,2.00,99.00,1.00,98.00,1296.81,574.91,559.91,1306.81,1.50,98.50,1.00,1.00,559.91,9395.11,9390.11,574.91,1,66,66,1,81830.16,81809.41,,
2026-05-12T04:59:44+08:00,btc-updown-5m-1778532900,https://polymarket.com/zh/event/btc-updown-5m-1778532900,04:55-05:00,1.00,,,99.00,5245.32,,,6716.41,,,,,,9238.11,9238.11,,0,65,65,0,81830.16,81809.87,,
2026-05-12T04:59:46+08:00,btc-updown-5m-1778532900,https://polymarket.com/zh/event/btc-updown-5m-1778532900,04:55-05:00,1.00,,,99.00,9080.89,,,9260.89,,,,,,8080.45,8085.45,,0,63,63,0,81830.16,81809.41,,
2026-05-12T04:59:48+08:00,btc-updown-5m-1778532900,https://polymarket.com/zh/event/btc-updown-5m-1778532900,04:55-05:00,1.00,,,99.00,9124.38,,,9234.37,,,,,,8051.51,8056.51,,0,62,64,0,81830.16,81809.97,,
2026-05-12T04:59:50+08:00,btc-updown-5m-1778532900,https://polymarket.com/zh/event/btc-updown-5m-1778532900,04:55-05:00,1.00,,,99.00,6635.56,,,6656.94,,,,,,5546.45,5551.45,,0,58,58,0,81830.16,81809.49,,
2026-05-12T04:59:52+08:00,btc-updown-5m-1778532900,https://polymarket.com/zh/event/btc-updown-5m-1778532900,04:55-05:00,1.00,,,99.00,6840.86,,,6844.79,,,,,,5964.45,5969.45,,0,58,58,0,81830.16,81809.48,,
2026-05-12T04:59:54+08:00,btc-updown-5m-1778532900,https://polymarket.com/zh/event/btc-updown-5m-1778532900,04:55-05:00,1.00,,,99.00,7103.81,,,7113.80,,,,,,5915.45,5915.51,,0,59,59,0,81830.16,81811.00,,
2026-05-12T04:59:56+08:00,btc-updown-5m-1778532900,https://polymarket.com/zh/event/btc-updown-5m-1778532900,04:55-05:00,1.00,,,99.00,7629.84,,,8634.84,,,,,,5549.45,5544.45,,0,60,60,0,81830.16,81812.20,,
2026-05-12T04:59:58+08:00,btc-updown-5m-1778532900,https://polymarket.com/zh/event/btc-updown-5m-1778532900,04:55-05:00,0.90,,0.10,99.90,460.00,,250.99,156.00,0.50,,0.80,,250.99,5464.44,5410.50,,1,65,65,0,81830.16,81812.20,,
2026-05-12T05:00:00+08:00,btc-updown-5m-1778532900,https://polymarket.com/zh/event/btc-updown-5m-1778532900,04:55-05:00,0.10,,,99.90,37472.89,,,37462.89,,,,,,6450.50,6471.44,,0,75,73,0,81830.16,81812.20,,
2026-05-12T05:00:02+08:00,btc-updown-5m-1778533200,https://polymarket.com/zh/event/btc-updown-5m-1778533200,05:00-05:05,51.00,50.00,50.00,49.00,70.96,205.33,84.33,81.10,50.50,49.50,1.00,1.00,69875.03,69412.20,69637.20,69670.03,50,49,49,50,,81812.21,,
2026-05-12T05:00:04+08:00,btc-updown-5m-1778533200,https://polymarket.com/zh/event/btc-updown-5m-1778533200,05:00-05:05,51.00,50.00,50.00,49.00,324.44,38.99,38.99,317.44,50.50,49.50,1.00,1.00,70658.11,69962.20,69962.20,70153.11,50,49,49,50,,81812.20,,
2026-05-12T05:00:06+08:00,btc-updown-5m-1778533200,https://polymarket.com/zh/event/btc-updown-5m-1778533200,05:00-05:05,51.00,50.00,50.00,49.00,669.62,13.86,193.86,701.62,50.50,49.50,1.00,1.00,70713.11,70127.20,70127.20,70713.11,50,49,49,50,,81812.20,,
2026-05-12T05:00:08+08:00,btc-updown-5m-1778533200,https://polymarket.com/zh/event/btc-updown-5m-1778533200,05:00-05:05,50.00,51.00,49.00,50.00,916.15,75.04,75.04,921.15,49.50,50.50,1.00,1.00,70248.11,70167.20,70167.20,70248.11,49,50,50,49,,81809.41,,
2026-05-12T05:00:10+08:00,btc-updown-5m-1778533200,https://polymarket.com/zh/event/btc-updown-5m-1778533200,05:00-05:05,50.00,51.00,49.00,50.00,579.04,65.27,72.24,733.82,49.50,50.50,1.00,1.00,70288.11,70221.69,70231.69,70293.11,49,50,50,49,,81809.42,,
2026-05-12T05:00:12+08:00,btc-updown-5m-1778533200,https://polymarket.com/zh/event/btc-updown-5m-1778533200,05:00-05:05,50.00,51.00,49.00,50.00,561.84,288.07,278.07,580.29,49.50,50.50,1.00,1.00,70232.89,70136.47,70131.41,70232.89,49,50,50,49,,81809.41,,
2026-05-12T05:00:14+08:00,btc-updown-5m-1778533200,https://polymarket.com/zh/event/btc-updown-5m-1778533200,05:00-05:05,50.00,51.00,49.00,50.00,266.70,987.83,870.83,242.90,49.50,50.50,1.00,1.00,70265.89,70174.41,70179.47,70275.89,49,50,50,49,,81809.92,,
2026-05-12T05:00:16+08:00,btc-updown-5m-1778533200,https://polymarket.com/zh/event/btc-updown-5m-1778533200,05:00-05:05,52.00,49.00,51.00,48.00,57.98,904.58,869.58,57.98,51.50,48.50,1.00,1.00,70781.89,70174.41,70174.41,70781.89,51,48,48,51,,81812.21,,
2026-05-12T05:00:18+08:00,btc-updown-5m-1778533200,https://polymarket.com/zh/event/btc-updown-5m-1778533200,05:00-05:05,56.00,45.00,55.00,44.00,31.13,1285.87,1212.43,34.34,55.50,44.50,1.00,1.00,70381.89,70280.41,70280.41,70381.89,55,44,44,55,,81813.01,,
2026-05-12T05:00:20+08:00,btc-updown-5m-1778533200,https://polymarket.com/zh/event/btc-updown-5m-1778533200,05:00-05:05,56.00,45.00,55.00,44.00,20.69,957.35,971.33,20.69,55.50,44.50,1.00,1.00,70388.89,70287.41,70287.41,70388.89,55,44,44,55,,81813.01,,
2026-05-12T05:00:22+08:00,btc-updown-5m-1778533200,https://polymarket.com/zh/event/btc-updown-5m-1778533200,05:00-05:05,56.00,45.00,55.00,44.00,16.06,862.36,957.18,26.04,55.50,44.50,1.00,1.00,64674.44,64062.41,64062.41,64174.44,55,44,44,55,,81813.01,,
2026-05-12T05:00:24+08:00,btc-updown-5m-1778533200,https://polymarket.com/zh/event/btc-updown-5m-1778533200,05:00-05:05,59.00,42.00,58.00,41.00,104.09,875.80,796.32,66.81,58.50,41.50,1.00,1.00,64074.44,63962.41,64262.41,64574.44,58,41,41,58,,81816.06,,
2026-05-12T05:00:26+08:00,btc-updown-5m-1778533200,https://polymarket.com/zh/event/btc-updown-5m-1778533200,05:00-05:05,62.00,39.00,61.00,38.00,277.69,426.65,489.65,266.50,61.50,38.50,1.00,1.00,64674.44,64462.41,64462.41,64174.44,61,38,38,61,,81818.89,,
2026-05-12T05:00:29+08:00,btc-updown-5m-1778533200,https://polymarket.com/zh/event/btc-updown-5m-1778533200,05:00-05:05,62.00,39.00,61.00,38.00,332.85,320.43,316.00,337.91,61.50,38.50,1.00,1.00,64174.44,64462.41,64462.41,64674.44,61,38,38,61,,81818.89,,
2026-05-12T05:00:31+08:00,btc-updown-5m-1778533200,https://polymarket.com/zh/event/btc-updown-5m-1778533200,05:00-05:05,62.00,39.00,61.00,38.00,1055.82,70.91,122.20,1037.07,61.50,38.50,1.00,1.00,64169.44,64468.10,56193.10,55894.44,61,38,38,61,,81818.89,,
2026-05-12T05:00:33+08:00,btc-updown-5m-1778533200,https://polymarket.com/zh/event/btc-updown-5m-1778533200,05:00-05:05,60.00,41.00,59.00,40.00,213.50,285.14,359.14,325.16,59.50,40.50,1.00,1.00,56412.60,56193.10,56193.10,55912.60,59,40,40,59,,81818.89,,
2026-05-12T05:00:35+08:00,btc-updown-5m-1778533200,https://polymarket.com/zh/event/btc-updown-5m-1778533200,05:00-05:05,59.00,42.00,58.00,41.00,209.57,483.58,464.07,144.58,58.50,41.50,1.00,1.00,56422.60,56193.10,56093.10,56422.60,58,41,41,58,,81818.91,,
2026-05-12T05:00:37+08:00,btc-updown-5m-1778533200,https://polymarket.com/zh/event/btc-updown-5m-1778533200,05:00-05:05,63.00,38.00,62.00,37.00,77.22,1222.16,1228.21,77.22,62.50,37.50,1.00,1.00,56322.60,56204.88,56104.88,55822.60,62,37,37,62,,81819.09,,
2026-05-12T05:00:39+08:00,btc-updown-5m-1778533200,https://polymarket.com/zh/event/btc-updown-5m-1778533200,05:00-05:05,64.00,37.00,62.00,36.00,89.00,254.58,1280.26,108.99,63.00,36.50,2.00,1.00,55822.60,56204.88,56204.88,56322.60,62,36,36,63,,81820.31,,
2026-05-12T05:00:41+08:00,btc-updown-5m-1778533200,https://polymarket.com/zh/event/btc-updown-5m-1778533200,05:00-05:05,64.00,37.00,63.00,36.00,121.21,1076.29,1046.25,101.21,63.50,36.50,1.00,1.00,55832.60,56204.88,56204.88,56332.60,63,36,36,63,,81820.33,,
2026-05-12T05:00:43+08:00,btc-updown-5m-1778533200,https://polymarket.com/zh/event/btc-updown-5m-1778533200,05:00-05:05,64.00,37.00,63.00,36.00,10.02,976.77,1164.72,5.00,63.50,36.50,1.00,1.00,55832.60,56204.88,56204.88,55832.60,63,36,36,63,,81824.42,,
2026-05-12T05:00:45+08:00,btc-updown-5m-1778533200,https://polymarket.com/zh/event/btc-updown-5m-1778533200,05:00-05:05,70.00,32.00,68.00,31.00,43.73,522.17,381.23,15.08,69.00,31.50,2.00,1.00,55832.60,56104.88,56114.88,55832.60,68,30,31,68,,81825.86,,
2026-05-12T05:00:47+08:00,btc-updown-5m-1778533200,https://polymarket.com/zh/event/btc-updown-5m-1778533200,05:00-05:05,69.00,32.00,68.00,31.00,726.87,34.75,44.75,770.51,68.50,31.50,1.00,1.00,44307.60,44094.88,44094.88,43807.60,68,31,31,68,,81825.85,,
2026-05-12T05:00:49+08:00,btc-updown-5m-1778533200,https://polymarket.com/zh/event/btc-updown-5m-1778533200,05:00-05:05,67.00,34.00,66.00,33.00,644.96,430.98,322.98,500.68,66.50,33.50,1.00,1.00,44287.60,44094.88,44094.88,43787.60,66,33,33,66,,81825.86,,
2026-05-12T05:00:51+08:00,btc-updown-5m-1778533200,https://polymarket.com/zh/event/btc-updown-5m-1778533200,05:00-05:05,67.00,34.00,66.00,33.00,551.02,355.33,350.71,516.33,66.50,33.50,1.00,1.00,43787.60,44074.88,44074.88,44287.60,66,33,33,66,,81825.85,,
2026-05-12T05:00:53+08:00,btc-updown-5m-1778533200,https://polymarket.com/zh/event/btc-updown-5m-1778533200,05:00-05:05,67.00,34.00,66.00,33.00,373.81,513.76,542.76,373.81,66.50,33.50,1.00,1.00,43787.60,44174.88,44174.88,43787.60,66,33,33,66,,81825.85,,
2026-05-12T05:00:55+08:00,btc-updown-5m-1778533200,https://polymarket.com/zh/event/btc-updown-5m-1778533200,05:00-05:05,67.00,34.00,66.00,33.00,427.31,448.33,377.33,402.31,66.50,33.50,1.00,1.00,43787.60,44174.88,44174.88,43787.60,66,33,33,66,,81825.85,,
2026-05-12T05:00:57+08:00,btc-updown-5m-1778533200,https://polymarket.com/zh/event/btc-updown-5m-1778533200,05:00-05:05,68.00,33.00,67.00,32.00,901.32,38.09,38.09,757.09,67.50,32.50,1.00,1.00,44287.60,44074.88,44074.88,43787.60,67,32,32,67,,81825.85,,
2026-05-12T05:00:59+08:00,btc-updown-5m-1778533200,https://polymarket.com/zh/event/btc-updown-5m-1778533200,05:00-05:05,68.00,33.00,67.00,32.00,763.67,130.22,155.22,977.52,67.50,32.50,1.00,1.00,44287.60,44075.88,44070.88,43787.60,67,32,32,67,,81825.85,,
2026-05-12T05:01:01+08:00,btc-updown-5m-1778533200,https://polymarket.com/zh/event/btc-updown-5m-1778533200,05:00-05:05,68.00,33.00,67.00,32.00,686.18,198.95,176.99,651.18,67.50,32.50,1.00,1.00,25543.60,25183.88,25183.88,25063.60,67,32,32,67,,81825.85,,
2026-05-12T05:01:03+08:00,btc-updown-5m-1778533200,https://polymarket.com/zh/event/btc-updown-5m-1778533200,05:00-05:05,68.00,33.00,67.00,32.00,125.29,82.00,249.56,162.80,67.50,32.50,1.00,1.00,24874.60,24514.88,24514.88,24374.60,67,32,32,67,,81825.85,,
2026-05-12T05:01:05+08:00,btc-updown-5m-1778533200,https://polymarket.com/zh/event/btc-updown-5m-1778533200,05:00-05:05,68.00,33.00,67.00,32.00,208.85,21.36,15.00,208.85,67.50,32.50,1.00,1.00,23552.60,23187.88,23187.88,23552.60,67,32,32,67,,81825.85,,
2026-05-12T05:01:07+08:00,btc-updown-5m-1778533200,https://polymarket.com/zh/event/btc-updown-5m-1778533200,05:00-05:05,68.00,33.00,67.00,32.00,399.30,22.02,49.02,507.30,67.50,32.50,1.00,1.00,22333.60,22468.88,22468.88,22833.60,67,32,32,67,,81825.85,,
2026-05-12T05:01:09+08:00,btc-updown-5m-1778533200,https://polymarket.com/zh/event/btc-updown-5m-1778533200,05:00-05:05,68.00,33.00,67.00,32.00,405.06,24.46,24.46,548.06,67.50,32.50,1.00,1.00,22333.60,22318.88,22318.88,22338.60,67,32,32,67,,81825.85,,
2026-05-12T05:01:11+08:00,btc-updown-5m-1778533200,https://polymarket.com/zh/event/btc-updown-5m-1778533200,05:00-05:05,68.00,34.00,67.00,33.00,346.13,256.79,2.10,117.97,67.50,33.50,1.00,1.00,22333.60,22318.88,22318.88,22838.60,67,32,33,66,,81825.85,,
2026-05-12T05:01:13+08:00,btc-updown-5m-1778533200,https://polymarket.com/zh/event/btc-updown-5m-1778533200,05:00-05:05,68.00,33.00,67.00,32.00,325.75,93.08,108.08,215.75,67.50,32.50,1.00,1.00,22833.60,22318.88,22318.88,22333.60,67,32,32,67,,81825.85,,
2026-05-12T05:01:15+08:00,btc-updown-5m-1778533200,https://polymarket.com/zh/event/btc-updown-5m-1778533200,05:00-05:05,68.00,33.00,67.00,32.00,133.85,186.22,245.22,118.85,67.50,32.50,1.00,1.00,22833.60,22318.88,22318.88,22328.60,67,32,32,67,,81825.85,,
2026-05-12T05:01:17+08:00,btc-updown-5m-1778533200,https://polymarket.com/zh/event/btc-updown-5m-1778533200,05:00-05:05,68.00,33.00,67.00,32.00,514.31,20.00,35.00,711.69,67.50,32.50,1.00,1.00,22886.60,22371.88,22371.88,22381.60,67,32,32,67,,81825.85,,
2026-05-12T05:01:19+08:00,btc-updown-5m-1778533200,https://polymarket.com/zh/event/btc-updown-5m-1778533200,05:00-05:05,65.00,36.00,64.00,35.00,767.73,176.61,176.28,775.56,64.50,35.50,1.00,1.00,22886.60,22270.88,22371.88,22386.60,64,35,35,64,,81825.85,,
2026-05-12T05:01:21+08:00,btc-updown-5m-1778533200,https://polymarket.com/zh/event/btc-updown-5m-1778533200,05:00-05:05,65.00,36.00,64.00,35.00,371.71,203.50,198.48,378.71,64.50,35.50,1.00,1.00,22886.60,22376.88,22371.88,22886.60,64,35,35,64,,81825.87,,
2026-05-12T05:01:23+08:00,btc-updown-5m-1778533200,https://polymarket.com/zh/event/btc-updown-5m-1778533200,05:00-05:05,64.00,37.00,63.00,36.00,517.21,156.13,143.13,485.10,63.50,36.50,1.00,1.00,22386.60,22270.88,22270.88,22886.60,63,36,36,63,,81825.86,,
2026-05-12T05:01:25+08:00,btc-updown-5m-1778533200,https://polymarket.com/zh/event/btc-updown-5m-1778533200,05:00-05:05,64.00,37.00,63.00,36.00,307.34,336.10,408.03,152.34,63.50,36.50,1.00,1.00,22886.60,22263.88,22268.88,22386.60,63,36,36,63,,81825.86,,
2026-05-12T05:01:27+08:00,btc-updown-5m-1778533200,https://polymarket.com/zh/event/btc-updown-5m-1778533200,05:00-05:05,64.00,37.00,63.00,36.00,534.63,76.80,106.54,565.25,63.50,36.50,1.00,1.00,22886.60,22268.88,22167.88,22386.60,63,36,36,63,,81825.86,,
2026-05-12T05:01:29+08:00,btc-updown-5m-1778533200,https://polymarket.com/zh/event/btc-updown-5m-1778533200,05:00-05:05,64.00,37.00,63.00,36.00,209.45,138.69,151.40,246.45,63.50,36.50,1.00,1.00,22886.60,22167.88,22174.88,22386.60,63,36,36,63,,81825.86,,
2026-05-12T05:01:31+08:00,btc-updown-5m-1778533200,https://polymarket.com/zh/event/btc-updown-5m-1778533200,05:00-05:05,64.00,37.00,63.00,36.00,35.00,672.13,635.13,9.92,63.50,36.50,1.00,1.00,21973.60,21761.88,21761.88,21978.60,63,36,36,63,,81825.87,,
2026-05-12T05:01:33+08:00,btc-updown-5m-1778533200,https://polymarket.com/zh/event/btc-updown-5m-1778533200,05:00-05:05,66.00,35.00,65.00,34.00,129.83,475.19,512.17,129.83,65.50,34.50,1.00,1.00,21973.60,21761.88,21761.88,22473.60,65,34,34,65,,81825.88,,
2026-05-12T05:01:35+08:00,btc-updown-5m-1778533200,https://polymarket.com/zh/event/btc-updown-5m-1778533200,05:00-05:05,66.00,35.00,65.00,34.00,54.00,318.74,331.75,54.00,65.50,34.50,1.00,1.00,22478.60,21761.88,21761.88,21978.60,65,34,34,65,,81825.88,,
2026-05-12T05:01:37+08:00,btc-updown-5m-1778533200,https://polymarket.com/zh/event/btc-updown-5m-1778533200,05:00-05:05,66.00,35.00,65.00,34.00,25.88,581.44,575.76,15.88,65.50,34.50,1.00,1.00,21973.60,21756.88,21761.88,22483.60,65,34,34,65,,81825.90,,
2026-05-12T05:01:39+08:00,btc-updown-5m-1778533200,https://polymarket.com/zh/event/btc-updown-5m-1778533200,05:00-05:05,65.00,36.00,64.00,35.00,15.00,15.65,20.70,110.18,64.50,35.50,1.00,1.00,21978.60,21761.88,21761.88,21978.60,64,35,35,64,,81825.90,,
2026-05-12T05:01:41+08:00,btc-updown-5m-1778533200,https://polymarket.com/zh/event/btc-updown-5m-1778533200,05:00-05:05,65.00,36.00,64.00,35.00,121.72,446.12,469.96,121.72,64.50,35.50,1.00,1.00,22473.60,21766.88,21761.88,21978.60,64,35,35,64,,81825.90,,
2026-05-12T05:01:43+08:00,btc-updown-5m-1778533200,https://polymarket.com/zh/event/btc-updown-5m-1778533200,05:00-05:05,65.00,36.00,64.00,35.00,276.72,166.00,151.00,337.78,64.50,35.50,1.00,1.00,21978.60,21761.88,21761.88,21973.60,64,35,35,64,,81825.90,,
2026-05-12T05:01:45+08:00,btc-updown-5m-1778533200,https://polymarket.com/zh/event/btc-updown-5m-1778533200,05:00-05:05,65.00,36.00,64.00,35.00,228.62,111.52,116.52,218.62,64.50,35.50,1.00,1.00,21978.60,22371.87,22371.87,21978.60,64,35,35,64,,81825.90,,
2026-05-12T05:01:47+08:00,btc-updown-5m-1778533200,https://polymarket.com/zh/event/btc-updown-5m-1778533200,05:00-05:05,65.00,36.00,64.00,35.00,196.66,229.07,213.72,197.94,64.50,35.50,1.00,1.00,22478.60,22419.71,22424.71,21973.60,64,35,35,64,,81825.91,,
2026-05-12T05:01:49+08:00,btc-updown-5m-1778533200,https://polymarket.com/zh/event/btc-updown-5m-1778533200,05:00-05:05,65.00,36.00,64.00,35.00,181.40,220.79,215.76,161.40,64.50,35.50,1.00,1.00,21873.60,22324.71,22324.71,21873.60,64,35,35,64,,81828.85,,
2026-05-12T05:01:51+08:00,btc-updown-5m-1778533200,https://polymarket.com/zh/event/btc-updown-5m-1778533200,05:00-05:05,66.00,35.00,65.00,34.00,218.26,161.20,191.35,171.26,65.50,34.50,1.00,1.00,22373.60,22324.71,22319.71,21878.60,65,34,34,65,,81828.84,,
2026-05-12T05:01:53+08:00,btc-updown-5m-1778533200,https://polymarket.com/zh/event/btc-updown-5m-1778533200,05:00-05:05,66.00,35.00,65.00,34.00,121.33,250.35,214.35,76.33,65.50,34.50,1.00,1.00,21873.60,22324.71,22324.71,21873.60,65,34,34,65,,81828.85,,
2026-05-12T05:01:55+08:00,btc-updown-5m-1778533200,https://polymarket.com/zh/event/btc-updown-5m-1778533200,05:00-05:05,67.00,34.00,66.00,33.00,33.97,452.56,450.56,33.97,66.50,33.50,1.00,1.00,21873.60,22324.71,22324.71,21873.60,66,33,33,66,,81828.84,,
2026-05-12T05:01:57+08:00,btc-updown-5m-1778533200,https://polymarket.com/zh/event/btc-updown-5m-1778533200,05:00-05:05,67.00,34.00,66.00,33.00,99.00,390.09,344.04,37.47,66.50,33.50,1.00,1.00,21903.01,22324.71,22324.71,21903.01,66,33,33,66,,81828.84,,
2026-05-12T05:01:59+08:00,btc-updown-5m-1778533200,https://polymarket.com/zh/event/btc-updown-5m-1778533200,05:00-05:05,67.00,34.00,66.00,33.00,82.87,581.91,506.12,43.15,66.50,33.50,1.00,1.00,21806.01,22324.71,22319.71,21811.01,66,33,33,66,,81828.84,,
2026-05-12T05:02:01+08:00,btc-updown-5m-1778533200,https://polymarket.com/zh/event/btc-updown-5m-1778533200,05:00-05:05,67.00,34.00,66.00,33.00,9.01,818.74,773.80,9.01,66.50,33.50,1.00,1.00,22306.01,22227.71,22222.71,21811.01,66,33,33,66,,81828.84,,
2026-05-12T05:02:03+08:00,btc-updown-5m-1778533200,https://polymarket.com/zh/event/btc-updown-5m-1778533200,05:00-05:05,68.00,33.00,67.00,32.00,33.99,711.83,801.63,33.99,67.50,32.50,1.00,1.00,22293.51,22227.71,22222.71,22298.51,67,32,32,67,,81828.84,,
2026-05-12T05:02:05+08:00,btc-updown-5m-1778533200,https://polymarket.com/zh/event/btc-updown-5m-1778533200,05:00-05:05,69.00,32.00,68.00,31.00,219.94,369.85,349.85,234.94,68.50,31.50,1.00,1.00,18773.51,19210.21,19215.21,18768.51,68,31,31,68,,81828.84,,
2026-05-12T05:02:07+08:00,btc-updown-5m-1778533200,https://polymarket.com/zh/event/btc-updown-5m-1778533200,05:00-05:05,69.00,32.00,68.00,31.00,142.69,349.72,354.72,152.69,68.50,31.50,1.00,1.00,19243.51,19155.21,19160.21,18738.51,68,31,31,68,,81828.85,,
2026-05-12T05:02:09+08:00,btc-updown-5m-1778533200,https://polymarket.com/zh/event/btc-updown-5m-1778533200,05:00-05:05,70.00,31.00,69.00,30.00,22.85,795.63,753.22,17.85,69.50,30.50,1.00,1.00,18743.51,19130.21,19135.21,18738.51,69,30,30,69,,81828.84,,
2026-05-12T05:02:11+08:00,btc-updown-5m-1778533200,https://polymarket.com/zh/event/btc-updown-5m-1778533200,05:00-05:05,71.00,30.00,70.00,29.00,47.89,324.40,325.40,47.89,70.50,29.50,1.00,1.00,19243.51,19130.21,19135.21,19238.51,70,29,29,70,,81828.84,,
2026-05-12T05:02:13+08:00,btc-updown-5m-1778533200,https://polymarket.com/zh/event/btc-updown-5m-1778533200,05:00-05:05,70.00,31.00,69.00,30.00,269.64,442.10,455.10,239.64,69.50,30.50,1.00,1.00,18738.51,19135.21,19135.21,19238.51,69,30,30,69,,81828.84,,
2026-05-12T05:02:15+08:00,btc-updown-5m-1778533200,https://polymarket.com/zh/event/btc-updown-5m-1778533200,05:00-05:05,70.00,31.00,69.00,30.00,202.54,328.64,415.64,217.54,69.50,30.50,1.00,1.00,19238.51,19135.21,19130.21,18743.51,69,30,30,69,,81828.84,,
2026-05-12T05:02:17+08:00,btc-updown-5m-1778533200,https://polymarket.com/zh/event/btc-updown-5m-1778533200,05:00-05:05,70.00,31.00,69.00,30.00,231.24,390.88,385.88,246.24,69.50,30.50,1.00,1.00,18738.51,19135.21,19130.21,18743.51,69,30,30,69,,81828.85,,
2026-05-12T05:02:19+08:00,btc-updown-5m-1778533200,https://polymarket.com/zh/event/btc-updown-5m-1778533200,05:00-05:05,70.00,31.00,69.00,30.00,260.83,373.64,388.65,250.83,69.50,30.50,1.00,1.00,19205.51,19102.21,19097.21,18710.51,69,30,30,69,,81831.53,,
2026-05-12T05:02:21+08:00,btc-updown-5m-1778533200,https://polymarket.com/zh/event/btc-updown-5m-1778533200,05:00-05:05,70.00,31.00,69.00,30.00,60.02,464.43,443.49,60.02,69.50,30.50,1.00,1.00,19175.51,19052.21,19047.21,18675.51,69,30,30,69,,81831.52,,
2026-05-12T05:02:23+08:00,btc-updown-5m-1778533200,https://polymarket.com/zh/event/btc-updown-5m-1778533200,05:00-05:05,70.00,31.00,69.00,30.00,252.24,355.71,335.71,262.24,69.50,30.50,1.00,1.00,18675.51,19047.21,19047.21,18675.51,69,30,30,69,,81831.52,,
2026-05-12T05:02:25+08:00,btc-updown-5m-1778533200,https://polymarket.com/zh/event/btc-updown-5m-1778533200,05:00-05:05,72.00,29.00,69.00,28.00,58.16,157.02,797.42,206.59,70.50,28.50,3.00,1.00,19175.51,19047.21,19042.21,18680.51,69,28,28,71,,81831.52,,
2026-05-12T05:02:28+08:00,btc-updown-5m-1778533200,https://polymarket.com/zh/event/btc-updown-5m-1778533200,05:00-05:05,71.00,29.00,70.00,28.00,63.95,197.52,316.60,59.57,70.50,28.50,1.00,1.00,19180.51,19042.21,19047.21,18675.51,70,29,28,71,,81831.52,,
2026-05-12T05:02:30+08:00,btc-updown-5m-1778533200,https://polymarket.com/zh/event/btc-updown-5m-1778533200,05:00-05:05,73.00,28.00,72.00,27.00,11.37,571.74,579.21,11.37,72.50,27.50,1.00,1.00,18680.51,19042.21,19022.21,18525.51,72,27,27,72,,81831.52,,
2026-05-12T05:02:32+08:00,btc-updown-5m-1778533200,https://polymarket.com/zh/event/btc-updown-5m-1778533200,05:00-05:05,73.00,28.00,72.00,27.00,23.88,535.10,479.09,15.02,72.50,27.50,1.00,1.00,19002.73,18854.43,18859.43,18497.73,72,27,27,72,,81831.52,,
2026-05-12T05:02:34+08:00,btc-updown-5m-1778533200,https://polymarket.com/zh/event/btc-updown-5m-1778533200,05:00-05:05,73.00,28.00,72.00,27.00,15.75,300.63,194.63,10.75,72.50,27.50,1.00,1.00,18190.73,18042.43,18047.43,17685.73,72,27,27,72,,81831.51,,
2026-05-12T05:02:36+08:00,btc-updown-5m-1778533200,https://polymarket.com/zh/event/btc-updown-5m-1778533200,05:00-05:05,73.00,28.00,72.00,27.00,101.82,135.02,155.02,164.88,72.50,27.50,1.00,1.00,17290.73,17667.43,17672.43,17785.73,72,27,27,72,,81831.51,,
2026-05-12T05:02:38+08:00,btc-updown-5m-1778533200,https://polymarket.com/zh/event/btc-updown-5m-1778533200,05:00-05:05,79.00,20.00,76.00,19.00,5.02,137.22,15.00,4.35,77.50,19.50,3.00,1.00,17290.73,17415.77,17267.44,17285.73,76,20,19,80,,81831.51,,
2026-05-12T05:02:40+08:00,btc-updown-5m-1778533200,https://polymarket.com/zh/event/btc-updown-5m-1778533200,05:00-05:05,91.00,10.00,90.00,9.00,284.63,546.06,568.56,275.04,90.50,9.50,1.00,1.00,16373.73,17612.42,17612.42,16368.73,90,9,9,90,,81846.35,,
2026-05-12T05:02:42+08:00,btc-updown-5m-1778533200,https://polymarket.com/zh/event/btc-updown-5m-1778533200,05:00-05:05,90.00,11.00,89.00,10.00,476.28,49.23,44.23,503.28,89.50,10.50,1.00,1.00,15373.73,16071.77,16216.77,15368.73,89,10,10,89,,81846.35,,
2026-05-12T05:02:44+08:00,btc-updown-5m-1778533200,https://polymarket.com/zh/event/btc-updown-5m-1778533200,05:00-05:05,89.00,12.00,88.00,11.00,292.36,15.02,15.02,292.58,88.50,11.50,1.00,1.00,15373.73,15777.42,15782.42,15368.73,88,11,11,88,,81846.36,,
2026-05-12T05:02:46+08:00,btc-updown-5m-1778533200,https://polymarket.com/zh/event/btc-updown-5m-1778533200,05:00-05:05,88.00,13.00,87.00,12.00,35.02,309.10,396.68,35.02,87.50,12.50,1.00,1.00,15957.06,16359.77,16289.77,15452.06,87,12,12,87,,81846.35,,
2026-05-12T05:02:48+08:00,btc-updown-5m-1778533200,https://polymarket.com/zh/event/btc-updown-5m-1778533200,05:00-05:05,88.00,13.00,87.00,12.00,618.37,5.00,20.88,648.67,87.50,12.50,1.00,1.00,15957.06,15322.77,15420.42,15452.06,87,12,12,87,,81846.35,,
2026-05-12T05:02:50+08:00,btc-updown-5m-1778533200,https://polymarket.com/zh/event/btc-updown-5m-1778533200,05:00-05:05,86.00,15.00,85.00,14.00,17.95,331.38,486.38,42.95,85.50,14.50,1.00,1.00,15457.06,15487.77,15502.77,15952.06,85,14,14,85,,81846.35,,
2026-05-12T05:02:52+08:00,btc-updown-5m-1778533200,https://polymarket.com/zh/event/btc-updown-5m-1778533200,05:00-05:05,86.00,15.00,85.00,14.00,122.22,225.02,272.02,125.13,85.50,14.50,1.00,1.00,15446.51,15494.42,15499.42,15441.51,85,14,14,85,,81845.13,,
2026-05-12T05:02:54+08:00,btc-updown-5m-1778533200,https://polymarket.com/zh/event/btc-updown-5m-1778533200,05:00-05:05,75.00,26.00,74.00,25.00,191.15,110.00,120.00,588.35,74.50,25.50,1.00,1.00,15446.51,14681.44,14786.44,15393.43,74,25,25,74,,81835.08,,
2026-05-12T05:02:56+08:00,btc-updown-5m-1778533200,https://polymarket.com/zh/event/btc-updown-5m-1778533200,05:00-05:05,75.00,26.00,74.00,25.00,314.20,625.67,83.00,10.00,74.50,25.50,1.00,1.00,15898.43,14626.44,14616.44,15393.43,74,25,25,74,,81835.08,,
2026-05-12T05:02:58+08:00,btc-updown-5m-1778533200,https://polymarket.com/zh/event/btc-updown-5m-1778533200,05:00-05:05,78.00,24.00,77.00,23.00,683.43,15.02,37.25,15.00,77.50,23.50,1.00,1.00,15398.43,14526.44,14576.44,15898.43,77,22,23,76,,81835.08,,
2026-05-12T05:03:00+08:00,btc-updown-5m-1778533200,https://polymarket.com/zh/event/btc-updown-5m-1778533200,05:00-05:05,77.00,24.00,76.00,23.00,393.28,52.58,47.56,428.15,76.50,23.50,1.00,1.00,15398.43,14668.36,14668.36,15898.43,76,23,23,76,,81835.08,,
2026-05-12T05:03:01+08:00,btc-updown-5m-1778533200,https://polymarket.com/zh/event/btc-updown-5m-1778533200,05:00-05:05,77.00,24.00,76.00,23.00,196.94,231.14,231.14,203.94,76.50,23.50,1.00,1.00,13093.43,12593.36,12643.36,13088.43,76,23,23,76,,81835.08,,
2026-05-12T05:03:04+08:00,btc-updown-5m-1778533200,https://polymarket.com/zh/event/btc-updown-5m-1778533200,05:00-05:05,80.00,21.00,79.00,19.00,14.05,313.62,338.27,131.05,79.50,20.00,1.00,2.00,13573.43,12351.65,12451.65,13073.43,79,20,19,79,,81835.08,,
2026-05-12T05:03:06+08:00,btc-updown-5m-1778533200,https://polymarket.com/zh/event/btc-updown-5m-1778533200,05:00-05:05,81.00,20.00,80.00,19.00,52.43,515.84,617.84,62.43,80.50,19.50,1.00,1.00,13078.43,12459.01,12459.01,13078.43,80,19,19,80,,81835.08,,
2026-05-12T05:03:08+08:00,btc-updown-5m-1778533200,https://polymarket.com/zh/event/btc-updown-5m-1778533200,05:00-05:05,81.00,19.00,80.00,18.00,27.02,40.78,656.32,87.02,80.50,18.50,1.00,1.00,13078.43,12459.01,12459.01,13078.43,80,19,18,81,,81835.08,,
2026-05-12T05:03:10+08:00,btc-updown-5m-1778533200,https://polymarket.com/zh/event/btc-updown-5m-1778533200,05:00-05:05,84.00,17.00,83.00,16.00,275.51,389.96,397.96,255.51,83.50,16.50,1.00,1.00,13078.43,12822.32,12802.32,13078.43,83,16,16,83,,81835.08,,
2026-05-12T05:03:12+08:00,btc-updown-5m-1778533200,https://polymarket.com/zh/event/btc-updown-5m-1778533200,05:00-05:05,84.00,17.00,83.00,16.00,77.10,556.68,621.78,77.10,83.50,16.50,1.00,1.00,12368.43,12612.32,12612.32,12868.43,83,16,16,83,,81835.08,,
2026-05-12T05:03:13+08:00,btc-updown-5m-1778533200,https://polymarket.com/zh/event/btc-updown-5m-1778533200,05:00-05:05,84.00,17.00,83.00,16.00,115.75,491.00,478.30,115.75,83.50,16.50,1.00,1.00,12368.43,12603.57,12503.57,12368.43,83,16,16,83,,81835.08,,
2026-05-12T05:03:15+08:00,btc-updown-5m-1778533200,https://polymarket.com/zh/event/btc-updown-5m-1778533200,05:00-05:05,85.00,16.00,84.00,15.00,297.86,338.55,296.05,239.86,84.50,15.50,1.00,1.00,12862.43,13160.14,13160.14,12362.43,84,15,15,84,,81835.11,,
2026-05-12T05:03:17+08:00,btc-updown-5m-1778533200,https://polymarket.com/zh/event/btc-updown-5m-1778533200,05:00-05:05,85.00,16.00,84.00,15.00,153.02,420.55,429.55,167.41,84.50,15.50,1.00,1.00,12362.43,13170.14,13220.14,12862.43,84,15,15,84,,81835.11,,
2026-05-12T05:03:19+08:00,btc-updown-5m-1778533200,https://polymarket.com/zh/event/btc-updown-5m-1778533200,05:00-05:05,85.00,16.00,84.00,15.00,15.00,775.55,684.92,15.00,84.50,15.50,1.00,1.00,12362.43,13180.14,13180.14,12362.43,84,15,15,84,,81835.11,,
2026-05-12T05:03:22+08:00,btc-updown-5m-1778533200,https://polymarket.com/zh/event/btc-updown-5m-1778533200,05:00-05:05,86.00,15.00,85.00,14.00,495.98,159.17,189.17,494.98,85.50,14.50,1.00,1.00,12357.43,13165.14,13165.14,12857.43,85,14,14,85,,81835.20,,
2026-05-12T05:03:24+08:00,btc-updown-5m-1778533200,https://polymarket.com/zh/event/btc-updown-5m-1778533200,05:00-05:05,86.00,15.00,85.00,14.00,281.53,231.00,273.00,341.53,85.50,14.50,1.00,1.00,12352.43,13125.14,13125.14,12357.43,85,14,14,85,,81835.12,,
2026-05-12T05:03:26+08:00,btc-updown-5m-1778533200,https://polymarket.com/zh/event/btc-updown-5m-1778533200,05:00-05:05,86.00,15.00,85.00,14.00,172.28,230.74,278.74,90.02,85.50,14.50,1.00,1.00,12357.43,13032.89,13024.89,12357.43,85,14,14,85,,81835.12,,
2026-05-12T05:03:28+08:00,btc-updown-5m-1778533200,https://polymarket.com/zh/event/btc-updown-5m-1778533200,05:00-05:05,86.00,15.00,85.00,14.00,155.02,230.72,227.72,85.00,85.50,14.50,1.00,1.00,12857.43,12578.89,12578.89,12357.43,85,14,14,85,,81835.11,,
2026-05-12T05:03:30+08:00,btc-updown-5m-1778533200,https://polymarket.com/zh/event/btc-updown-5m-1778533200,05:00-05:05,87.00,14.00,86.00,13.00,81.63,365.97,383.72,31.63,86.50,13.50,1.00,1.00,12857.43,12428.89,12448.89,12357.43,86,13,13,86,,81835.11,,
2026-05-12T05:03:32+08:00,btc-updown-5m-1778533200,https://polymarket.com/zh/event/btc-updown-5m-1778533200,05:00-05:05,88.00,13.00,87.00,12.00,531.00,96.56,89.34,552.00,87.50,12.50,1.00,1.00,11972.43,12832.89,12882.89,11972.43,87,12,12,87,,81835.12,,
2026-05-12T05:03:34+08:00,btc-updown-5m-1778533200,https://polymarket.com/zh/event/btc-updown-5m-1778533200,05:00-05:05,88.00,13.00,87.00,12.00,297.38,150.88,208.43,299.88,87.50,12.50,1.00,1.00,12472.43,12932.89,12932.89,11972.43,87,12,12,87,,81837.70,,
2026-05-12T05:03:36+08:00,btc-updown-5m-1778533200,https://polymarket.com/zh/event/btc-updown-5m-1778533200,05:00-05:05,88.00,13.00,87.00,12.00,414.06,80.60,73.38,443.06,87.50,12.50,1.00,1.00,11972.43,12790.24,12790.24,12472.43,87,12,12,87,,81837.71,,
2026-05-12T05:03:38+08:00,btc-updown-5m-1778533200,https://polymarket.com/zh/event/btc-updown-5m-1778533200,05:00-05:05,88.00,13.00,87.00,12.00,276.59,164.52,134.52,221.59,87.50,12.50,1.00,1.00,12472.43,12794.25,12794.25,11972.43,87,12,12,87,,81837.70,,
2026-05-12T05:03:40+08:00,btc-updown-5m-1778533200,https://polymarket.com/zh/event/btc-updown-5m-1778533200,05:00-05:05,88.00,13.00,87.00,12.00,174.57,248.57,242.60,189.57,87.50,12.50,1.00,1.00,11972.43,12258.14,12258.14,11972.43,87,12,12,87,,81837.71,,
2026-05-12T05:03:42+08:00,btc-updown-5m-1778533200,https://polymarket.com/zh/event/btc-updown-5m-1778533200,05:00-05:05,88.00,13.00,87.00,12.00,62.05,290.77,275.19,10.00,87.50,12.50,1.00,1.00,12677.43,12138.34,12156.68,12172.43,87,12,12,87,,81837.70,,
2026-05-12T05:03:44+08:00,btc-updown-5m-1778533200,https://polymarket.com/zh/event/btc-updown-5m-1778533200,05:00-05:05,89.00,12.00,88.00,11.00,43.41,309.99,326.99,43.41,88.50,11.50,1.00,1.00,12472.43,11851.68,11851.68,12972.43,88,11,11,88,,81837.70,,
2026-05-12T05:03:46+08:00,btc-updown-5m-1778533200,https://polymarket.com/zh/event/btc-updown-5m-1778533200,05:00-05:05,89.00,12.00,88.00,11.00,30.92,439.26,484.69,30.92,88.50,11.50,1.00,1.00,12472.43,12101.68,11701.68,12072.43,88,11,11,88,,81837.70,,
2026-05-12T05:03:48+08:00,btc-updown-5m-1778533200,https://polymarket.com/zh/event/btc-updown-5m-1778533200,05:00-05:05,89.00,12.00,88.00,11.00,26.55,383.31,456.81,24.30,88.50,11.50,1.00,1.00,12572.43,11748.68,11748.68,12072.43,88,11,11,88,,81837.70,,
2026-05-12T05:03:50+08:00,btc-updown-5m-1778533200,https://polymarket.com/zh/event/btc-updown-5m-1778533200,05:00-05:05,90.00,11.00,89.00,10.00,72.34,270.92,287.46,72.34,89.50,10.50,1.00,1.00,12572.43,11826.33,11826.33,11972.43,89,10,10,89,,81837.71,,
2026-05-12T05:03:52+08:00,btc-updown-5m-1778533200,https://polymarket.com/zh/event/btc-updown-5m-1778533200,05:00-05:05,90.00,11.00,89.00,10.00,49.31,347.46,368.78,49.31,89.50,10.50,1.00,1.00,12072.43,11623.68,11623.68,12577.43,89,10,10,89,,81837.70,,
2026-05-12T05:03:54+08:00,btc-updown-5m-1778533200,https://polymarket.com/zh/event/btc-updown-5m-1778533200,05:00-05:05,91.00,10.00,90.00,9.00,10.00,396.20,316.98,10.00,90.50,9.50,1.00,1.00,12577.43,11647.68,11658.14,12572.43,90,9,9,90,,81837.70,,
2026-05-12T05:03:56+08:00,btc-updown-5m-1778533200,https://polymarket.com/zh/event/btc-updown-5m-1778533200,05:00-05:05,93.00,8.00,92.00,7.00,476.77,249.23,199.32,408.77,92.50,7.50,1.00,1.00,11733.43,11044.14,11049.14,11686.43,92,7,7,92,,81837.70,,
2026-05-12T05:03:58+08:00,btc-updown-5m-1778533200,https://polymarket.com/zh/event/btc-updown-5m-1778533200,05:00-05:05,93.00,8.00,92.00,7.00,174.31,309.61,294.56,168.93,92.50,7.50,1.00,1.00,11686.43,10315.63,10315.63,12191.43,92,7,7,92,,81837.70,,
2026-05-12T05:04:00+08:00,btc-updown-5m-1778533200,https://polymarket.com/zh/event/btc-updown-5m-1778533200,05:00-05:05,93.00,8.00,92.00,7.00,329.10,223.79,430.79,444.80,92.50,7.50,1.00,1.00,12186.43,8158.11,8171.85,11566.43,92,7,7,92,,81837.71,,
2026-05-12T05:04:02+08:00,btc-updown-5m-1778533200,https://polymarket.com/zh/event/btc-updown-5m-1778533200,05:00-05:05,90.00,11.00,89.00,10.00,216.62,445.84,426.50,187.27,89.50,10.50,1.00,1.00,10921.41,8153.31,8158.31,10921.41,66,10,10,66,,81835.16,,
2026-05-12T05:04:04+08:00,btc-updown-5m-1778533200,https://polymarket.com/zh/event/btc-updown-5m-1778533200,05:00-05:05,90.00,11.00,89.00,10.00,94.53,519.13,463.67,94.53,89.50,10.50,1.00,1.00,11421.41,8039.31,8039.31,10921.41,66,10,10,66,,81835.11,,
2026-05-12T05:04:06+08:00,btc-updown-5m-1778533200,https://polymarket.com/zh/event/btc-updown-5m-1778533200,05:00-05:05,90.00,11.00,89.00,10.00,141.77,340.59,380.27,121.77,89.50,10.50,1.00,1.00,10916.41,8042.31,8042.31,10916.41,65,10,10,67,,81835.11,,
2026-05-12T05:04:08+08:00,btc-updown-5m-1778533200,https://polymarket.com/zh/event/btc-updown-5m-1778533200,05:00-05:05,90.00,9.00,89.00,7.00,21.72,15.00,383.45,33.35,89.50,8.00,1.00,2.00,11416.41,7842.31,7857.31,10916.41,67,10,7,69,,81835.09,,
2026-05-12T05:04:10+08:00,btc-updown-5m-1778533200,https://polymarket.com/zh/event/btc-updown-5m-1778533200,05:00-05:05,93.00,8.00,92.00,7.00,81.88,358.18,426.05,131.88,92.50,7.50,1.00,1.00,10906.41,7943.98,7949.00,11406.41,67,7,7,67,,81835.08,,
2026-05-12T05:04:12+08:00,btc-updown-5m-1778533200,https://polymarket.com/zh/event/btc-updown-5m-1778533200,05:00-05:05,95.00,6.00,94.00,5.00,89.77,311.06,259.61,89.77,94.50,5.50,1.00,1.00,10899.41,6469.61,6575.97,10899.41,71,5,5,71,,81835.08,,
2026-05-12T05:04:14+08:00,btc-updown-5m-1778533200,https://polymarket.com/zh/event/btc-updown-5m-1778533200,05:00-05:05,96.00,5.00,95.00,4.00,66.36,504.22,388.02,66.36,95.50,4.50,1.00,1.00,10914.41,6519.43,6519.43,10814.41,74,4,4,74,,81835.09,,
2026-05-12T05:04:16+08:00,btc-updown-5m-1778533200,https://polymarket.com/zh/event/btc-updown-5m-1778533200,05:00-05:05,97.00,3.00,96.00,2.00,153.36,330.23,443.90,960.51,96.50,2.50,1.00,1.00,10714.41,6182.99,6106.55,10714.41,73,3,2,74,,81835.08,,
2026-05-12T05:04:18+08:00,btc-updown-5m-1778533200,https://polymarket.com/zh/event/btc-updown-5m-1778533200,05:00-05:05,98.00,3.00,97.00,2.00,910.61,344.01,373.01,905.61,97.50,2.50,1.00,1.00,11224.41,6069.73,6064.73,10714.41,72,2,2,72,,81835.08,,
2026-05-12T05:04:20+08:00,btc-updown-5m-1778533200,https://polymarket.com/zh/event/btc-updown-5m-1778533200,05:00-05:05,98.00,3.00,97.00,2.00,1290.35,174.62,184.62,1255.35,97.50,2.50,1.00,1.00,11230.41,6439.47,6404.47,11225.41,72,2,2,72,,81836.00,,
2026-05-12T05:04:22+08:00,btc-updown-5m-1778533200,https://polymarket.com/zh/event/btc-updown-5m-1778533200,05:00-05:05,98.00,3.00,97.00,2.00,1087.90,151.50,166.50,1232.90,97.50,2.50,1.00,1.00,10725.41,6104.67,6249.67,11225.41,72,2,2,72,,81835.99,,
2026-05-12T05:04:24+08:00,btc-updown-5m-1778533200,https://polymarket.com/zh/event/btc-updown-5m-1778533200,05:00-05:05,99.00,2.00,98.00,1.00,4526.01,3109.14,2396.34,3329.13,98.50,1.50,1.00,1.00,9710.41,4526.01,3329.13,9695.41,77,1,1,78,,81846.36,,
2026-05-12T05:04:26+08:00,btc-updown-5m-1778533200,https://polymarket.com/zh/event/btc-updown-5m-1778533200,05:00-05:05,99.00,2.00,98.00,1.00,2902.32,2596.28,2572.28,2902.32,98.50,1.50,1.00,1.00,9872.07,2902.32,2902.32,9372.07,77,1,1,77,,81849.39,,
2026-05-12T05:04:28+08:00,btc-updown-5m-1778533200,https://polymarket.com/zh/event/btc-updown-5m-1778533200,05:00-05:05,99.00,2.00,98.00,1.00,2110.78,3059.42,2742.42,2090.78,98.50,1.50,1.00,1.00,9248.07,2110.78,2090.78,9253.07,72,1,1,75,,81851.93,,
2026-05-12T05:04:30+08:00,btc-updown-5m-1778533200,https://polymarket.com/zh/event/btc-updown-5m-1778533200,05:00-05:05,,1.00,99.00,,,3354.41,3169.41,,,,,,9275.07,,,9280.07,79,0,0,80,,81858.47,,
2026-05-12T05:04:32+08:00,btc-updown-5m-1778533200,https://polymarket.com/zh/event/btc-updown-5m-1778533200,05:00-05:05,,1.00,99.00,,,6425.72,6325.19,,,,,,8330.07,,,8325.07,67,0,0,68,,81859.71,,
2026-05-12T05:04:34+08:00,btc-updown-5m-1778533200,https://polymarket.com/zh/event/btc-updown-5m-1778533200,05:00-05:05,,1.00,99.00,,,6688.20,6688.20,,,,,,8840.07,,,8335.07,67,0,0,67,,81867.56,,
2026-05-12T05:04:36+08:00,btc-updown-5m-1778533200,https://polymarket.com/zh/event/btc-updown-5m-1778533200,05:00-05:05,,1.00,99.00,,,10311.91,10305.91,,,,,,8888.07,,,8383.07,65,0,0,66,,81876.64,,
2026-05-12T05:04:38+08:00,btc-updown-5m-1778533200,https://polymarket.com/zh/event/btc-updown-5m-1778533200,05:00-05:05,,1.00,99.00,,,12614.28,12614.28,,,,,,8325.07,,,8330.07,65,0,0,65,,81876.64,,
2026-05-12T05:04:40+08:00,btc-updown-5m-1778533200,https://polymarket.com/zh/event/btc-updown-5m-1778533200,05:00-05:05,,1.00,99.00,,,12398.07,12453.62,,,,,,8388.07,,,8883.07,66,0,0,67,,81876.64,,
2026-05-12T05:04:42+08:00,btc-updown-5m-1778533200,https://polymarket.com/zh/event/btc-updown-5m-1778533200,05:00-05:05,,1.00,99.00,,,12104.44,12104.44,,,,,,8883.07,,,8325.07,67,0,0,66,,81874.22,,
2026-05-12T05:04:44+08:00,btc-updown-5m-1778533200,https://polymarket.com/zh/event/btc-updown-5m-1778533200,05:00-05:05,,1.00,99.00,,,12184.11,12184.11,,,,,,8330.07,,,8325.07,68,0,0,67,,81874.09,,
2026-05-12T05:04:46+08:00,btc-updown-5m-1778533200,https://polymarket.com/zh/event/btc-updown-5m-1778533200,05:00-05:05,,1.00,99.00,,,12234.45,12234.45,,,,,,8742.07,,,8237.07,68,0,0,67,,81867.93,,
2026-05-12T05:04:48+08:00,btc-updown-5m-1778533200,https://polymarket.com/zh/event/btc-updown-5m-1778533200,05:00-05:05,,1.00,99.00,,,12164.55,12164.55,,,,,,8189.07,,,8689.07,68,0,0,68,,81867.92,,
2026-05-12T05:04:50+08:00,btc-updown-5m-1778533200,https://polymarket.com/zh/event/btc-updown-5m-1778533200,05:00-05:05,,1.00,99.00,,,13750.88,13750.88,,,,,,6155.41,,,5708.41,64,0,0,64,,81867.92,,
2026-05-12T05:04:52+08:00,btc-updown-5m-1778533200,https://polymarket.com/zh/event/btc-updown-5m-1778533200,05:00-05:05,,1.00,99.00,,,14044.98,14034.98,,,,,,5708.41,,,5703.41,63,0,0,62,,81869.12,,
2026-05-12T05:04:54+08:00,btc-updown-5m-1778533200,https://polymarket.com/zh/event/btc-updown-5m-1778533200,05:00-05:05,,1.00,99.00,,,14921.02,14915.02,,,,,,5655.41,,,5650.41,62,0,0,63,,81869.13,,
2026-05-12T05:04:56+08:00,btc-updown-5m-1778533200,https://polymarket.com/zh/event/btc-updown-5m-1778533200,05:00-05:05,,1.00,99.00,,,13785.67,13815.67,,,,,,5243.41,,,5743.41,61,0,0,62,,81855.00,,
2026-05-12T05:04:58+08:00,btc-updown-5m-1778533200,https://polymarket.com/zh/event/btc-updown-5m-1778533200,05:00-05:05,,1.00,99.00,,,28211.80,27158.57,,,,,,9210.40,,,10115.40,67,0,0,68,,81846.36,,
2026-05-12T05:05:01+08:00,btc-updown-5m-1778533500,https://polymarket.com/zh/event/btc-updown-5m-1778533500,05:05-05:10,47.00,54.00,46.00,53.00,96.82,70.81,36.00,184.00,46.50,53.50,1.00,1.00,70303.52,70215.06,70210.06,70308.52,43,51,53,46,81830.01,81828.28,,
2026-05-12T05:05:03+08:00,btc-updown-5m-1778533500,https://polymarket.com/zh/event/btc-updown-5m-1778533500,05:05-05:10,42.00,58.00,41.00,57.00,5.44,125.17,486.68,48.93,41.50,57.50,1.00,1.00,69889.52,69702.06,69702.06,69994.52,41,58,57,42,81830.01,81831.24,,
2026-05-12T05:05:05+08:00,btc-updown-5m-1778533500,https://polymarket.com/zh/event/btc-updown-5m-1778533500,05:05-05:10,44.00,57.00,43.00,56.00,341.52,200.81,150.81,354.42,43.50,56.50,1.00,1.00,70159.52,70115.14,70120.14,70209.52,43,56,56,43,81830.01,81831.24,,
2026-05-12T05:05:07+08:00,btc-updown-5m-1778533500,https://polymarket.com/zh/event/btc-updown-5m-1778533500,05:05-05:10,47.00,54.00,46.00,53.00,102.94,708.23,668.23,66.94,46.50,53.50,1.00,1.00,70264.52,70225.14,70230.20,70264.52,46,53,53,46,81830.01,81831.25,,
2026-05-12T05:05:09+08:00,btc-updown-5m-1778533500,https://polymarket.com/zh/event/btc-updown-5m-1778533500,05:05-05:10,49.00,52.00,48.00,51.00,418.94,51.15,53.08,431.97,48.50,51.50,1.00,1.00,70264.52,70230.14,70230.14,70264.52,48,51,51,48,81830.01,81831.25,,
2026-05-12T05:05:11+08:00,btc-updown-5m-1778533500,https://polymarket.com/zh/event/btc-updown-5m-1778533500,05:05-05:10,47.00,54.00,46.00,53.00,255.89,353.81,380.57,275.89,46.50,53.50,1.00,1.00,70250.30,70220.98,70215.92,70250.30,46,53,53,46,81830.01,81831.24,,
