ts_iso,slug,market_url,window_text,buy_up_cents,buy_down_cents,sell_up_cents,sell_down_cents,buy_up_size,buy_down_size,sell_up_size,sell_down_size,mid_up_cents,mid_down_cents,spread_up_cents,spread_down_cents,bid_depth_up_5,ask_depth_up_5,bid_depth_down_5,ask_depth_down_5,level_count_bid_up,level_count_ask_up,level_count_bid_down,level_count_ask_down,target_price,final_price,trade_count_1s,trade_volume_1s
2026-07-09T19:32:31+08:00,btc-updown-5m-1783596600,https://polymarket.com/zh/event/btc-updown-5m-1783596600,19:30-19:35,76.00,25.00,75.00,24.00,799.07,179.00,164.00,383.14,75.50,24.50,1.00,1.00,23256.05,24484.31,24409.31,23276.05,75,24,24,75,,62657.77,,
2026-07-09T19:32:33+08:00,btc-updown-5m-1783596600,https://polymarket.com/zh/event/btc-updown-5m-1783596600,19:30-19:35,86.00,15.00,85.00,14.00,209.80,827.27,682.75,214.80,85.50,14.50,1.00,1.00,23346.05,20751.91,20711.91,23826.05,85,14,14,85,,62666.22,,
2026-07-09T19:32:35+08:00,btc-updown-5m-1783596600,https://polymarket.com/zh/event/btc-updown-5m-1783596600,19:30-19:35,80.00,21.00,79.00,17.00,36.96,70.42,80.19,10.28,79.50,19.00,1.00,4.00,23236.06,19820.07,19820.07,23241.06,79,18,16,79,,62657.77,,
2026-07-09T19:32:37+08:00,btc-updown-5m-1783596600,https://polymarket.com/zh/event/btc-updown-5m-1783596600,19:30-19:35,72.00,29.00,71.00,28.00,536.27,44.02,46.10,526.46,71.50,28.50,1.00,1.00,23897.05,25904.31,25909.31,23397.05,71,28,28,71,,62653.94,,
2026-07-09T19:32:39+08:00,btc-updown-5m-1783596600,https://polymarket.com/zh/event/btc-updown-5m-1783596600,19:30-19:35,57.00,45.00,55.00,43.00,30.00,57.77,57.77,30.00,56.00,44.00,2.00,2.00,23412.05,25849.31,25849.31,23412.05,55,39,39,55,,62634.39,,
2026-07-09T19:32:41+08:00,btc-updown-5m-1783596600,https://polymarket.com/zh/event/btc-updown-5m-1783596600,19:30-19:35,47.00,54.00,46.00,53.00,647.08,147.41,162.41,731.04,46.50,53.50,1.00,1.00,23184.05,26405.31,26509.31,23172.38,46,53,53,46,,62634.38,,
2026-07-09T19:32:43+08:00,btc-updown-5m-1783596600,https://polymarket.com/zh/event/btc-updown-5m-1783596600,19:30-19:35,47.00,54.00,46.00,53.00,729.68,52.70,79.74,727.55,46.50,53.50,1.00,1.00,23162.38,26500.31,26504.31,23162.38,46,53,53,46,,62634.38,,
2026-07-09T19:32:45+08:00,btc-updown-5m-1783596600,https://polymarket.com/zh/event/btc-updown-5m-1783596600,19:30-19:35,47.00,54.00,46.00,53.00,1210.75,31.50,61.50,1295.34,46.50,53.50,1.00,1.00,25357.38,26490.31,26484.31,25362.38,46,53,53,46,,62634.39,,
2026-07-09T19:32:47+08:00,btc-updown-5m-1783596600,https://polymarket.com/zh/event/btc-updown-5m-1783596600,19:30-19:35,39.00,64.00,36.00,61.00,30.00,183.64,188.64,30.00,37.50,62.50,3.00,3.00,25018.38,24304.32,24309.32,25018.38,36,61,61,36,,62624.73,,
2026-07-09T19:32:49+08:00,btc-updown-5m-1783596600,https://polymarket.com/zh/event/btc-updown-5m-1783596600,19:30-19:35,32.00,69.00,31.00,68.00,177.70,306.54,153.00,177.70,31.50,68.50,1.00,1.00,25047.38,24209.32,24194.32,25042.38,31,68,68,31,,62621.34,,
2026-07-09T19:32:50+08:00,btc-updown-5m-1783596600,https://polymarket.com/zh/event/btc-updown-5m-1783596600,19:30-19:35,29.00,73.00,28.00,72.00,997.94,93.24,5.00,998.79,28.50,72.50,1.00,1.00,24704.05,24013.31,24005.31,24704.05,28,71,72,27,,62618.08,,
2026-07-09T19:32:52+08:00,btc-updown-5m-1783596600,https://polymarket.com/zh/event/btc-updown-5m-1783596600,19:30-19:35,29.00,72.00,28.00,71.00,159.96,434.33,384.33,164.96,28.50,71.50,1.00,1.00,24900.54,24251.31,24246.31,24900.54,28,71,71,28,,62618.08,,
2026-07-09T19:32:54+08:00,btc-updown-5m-1783596600,https://polymarket.com/zh/event/btc-updown-5m-1783596600,19:30-19:35,32.00,69.00,31.00,68.00,373.96,102.41,326.34,739.57,31.50,68.50,1.00,1.00,24905.54,24240.31,24251.31,24905.54,31,68,68,31,,62620.28,,
2026-07-09T19:32:56+08:00,btc-updown-5m-1783596600,https://polymarket.com/zh/event/btc-updown-5m-1783596600,19:30-19:35,31.00,70.00,30.00,69.00,860.62,57.00,73.88,786.05,30.50,69.50,1.00,1.00,24825.54,24349.33,24349.32,24825.54,30,69,69,30,,62618.08,,
2026-07-09T19:32:58+08:00,btc-updown-5m-1783596600,https://polymarket.com/zh/event/btc-updown-5m-1783596600,19:30-19:35,31.00,70.00,30.00,69.00,234.38,418.66,408.66,234.38,30.50,69.50,1.00,1.00,24840.54,24334.31,24339.31,24825.54,30,69,69,30,,62618.08,,
2026-07-09T19:33:00+08:00,btc-updown-5m-1783596600,https://polymarket.com/zh/event/btc-updown-5m-1783596600,19:30-19:35,31.00,70.00,30.00,69.00,400.49,500.76,510.76,325.97,30.50,69.50,1.00,1.00,24840.54,24354.31,24329.31,24825.54,30,69,69,30,,62618.09,,
2026-07-09T19:33:02+08:00,btc-updown-5m-1783596600,https://polymarket.com/zh/event/btc-updown-5m-1783596600,19:30-19:35,24.00,77.00,23.00,76.00,109.79,714.49,686.94,41.05,23.50,76.50,1.00,1.00,26844.70,24177.32,24157.31,26839.70,23,76,76,23,,62618.00,,
2026-07-09T19:33:04+08:00,btc-updown-5m-1783596600,https://polymarket.com/zh/event/btc-updown-5m-1783596600,19:30-19:35,21.00,80.00,20.00,79.00,588.14,156.99,144.54,226.94,20.50,79.50,1.00,1.00,23849.70,24125.31,24135.32,23849.70,20,79,79,20,,62611.56,,
2026-07-09T19:33:06+08:00,btc-updown-5m-1783596600,https://polymarket.com/zh/event/btc-updown-5m-1783596600,19:30-19:35,19.00,82.00,18.00,81.00,713.15,284.76,284.76,683.62,18.50,81.50,1.00,1.00,24094.70,24100.31,24095.31,24144.70,18,81,81,18,,62608.31,,
2026-07-09T19:33:07+08:00,btc-updown-5m-1783596600,https://polymarket.com/zh/event/btc-updown-5m-1783596600,19:30-19:35,19.00,82.00,18.00,81.00,720.34,40.86,96.39,730.34,18.50,81.50,1.00,1.00,24119.70,24115.31,24115.32,24134.70,18,81,81,18,,62608.31,,
2026-07-09T19:33:09+08:00,btc-updown-5m-1783596600,https://polymarket.com/zh/event/btc-updown-5m-1783596600,19:30-19:35,18.00,83.00,17.00,82.00,528.34,73.64,43.64,560.34,17.50,82.50,1.00,1.00,24336.70,24110.32,24110.32,24286.70,17,82,82,17,,62608.30,,
2026-07-09T19:33:11+08:00,btc-updown-5m-1783596600,https://polymarket.com/zh/event/btc-updown-5m-1783596600,19:30-19:35,16.00,85.00,15.00,84.00,170.40,223.67,245.14,233.94,15.50,84.50,1.00,1.00,25005.04,24120.32,24095.32,25070.04,15,84,84,15,,62608.30,,
2026-07-09T19:33:13+08:00,btc-updown-5m-1783596600,https://polymarket.com/zh/event/btc-updown-5m-1783596600,19:30-19:35,15.00,86.00,14.00,85.00,729.10,219.58,321.23,956.86,14.50,85.50,1.00,1.00,25337.40,23980.31,23985.31,25342.40,14,85,85,14,,62608.30,,
2026-07-09T19:33:15+08:00,btc-updown-5m-1783596600,https://polymarket.com/zh/event/btc-updown-5m-1783596600,19:30-19:35,15.00,86.00,14.00,85.00,199.99,510.21,534.21,240.47,14.50,85.50,1.00,1.00,25920.04,23991.31,24001.31,25935.04,14,85,85,14,,62608.30,,
2026-07-09T19:33:17+08:00,btc-updown-5m-1783596600,https://polymarket.com/zh/event/btc-updown-5m-1783596600,19:30-19:35,15.00,86.00,14.00,85.00,47.66,917.06,973.39,157.66,14.50,85.50,1.00,1.00,25790.04,22698.31,22633.32,25805.04,14,85,85,14,,62608.30,,
2026-07-09T19:33:19+08:00,btc-updown-5m-1783596600,https://polymarket.com/zh/event/btc-updown-5m-1783596600,19:30-19:35,15.00,86.00,14.00,85.00,154.13,960.30,965.30,154.13,14.50,85.50,1.00,1.00,25810.04,22628.31,22633.31,25815.04,14,85,85,14,,62608.30,,
2026-07-09T19:33:21+08:00,btc-updown-5m-1783596600,https://polymarket.com/zh/event/btc-updown-5m-1783596600,19:30-19:35,18.00,83.00,16.00,82.00,133.08,256.40,338.76,378.99,17.00,82.50,2.00,1.00,25700.04,22364.96,22374.96,25705.04,16,82,82,17,,62608.30,,
2026-07-09T19:33:22+08:00,btc-updown-5m-1783596600,https://polymarket.com/zh/event/btc-updown-5m-1783596600,19:30-19:35,26.00,75.00,25.00,74.00,355.78,661.98,633.95,340.78,25.50,74.50,1.00,1.00,24698.70,22396.96,22386.96,24698.70,25,74,74,25,,62618.07,,
2026-07-09T19:33:24+08:00,btc-updown-5m-1783596600,https://polymarket.com/zh/event/btc-updown-5m-1783596600,19:30-19:35,25.00,75.00,24.00,74.00,66.40,342.23,640.55,74.54,24.50,74.50,1.00,1.00,23708.70,22364.96,22434.96,23693.70,24,75,74,25,,62617.97,,
2026-07-09T19:33:26+08:00,btc-updown-5m-1783596600,https://polymarket.com/zh/event/btc-updown-5m-1783596600,19:30-19:35,28.00,73.00,27.00,72.00,486.47,352.99,352.61,453.85,27.50,72.50,1.00,1.00,23613.70,22434.96,22434.97,23598.70,27,72,72,27,,62621.92,,
2026-07-09T19:33:28+08:00,btc-updown-5m-1783596600,https://polymarket.com/zh/event/btc-updown-5m-1783596600,19:30-19:35,29.00,72.00,28.00,71.00,370.90,76.48,153.21,400.90,28.50,71.50,1.00,1.00,24524.70,22449.96,22444.96,24519.70,28,71,71,28,,62622.54,,
2026-07-09T19:33:30+08:00,btc-updown-5m-1783596600,https://polymarket.com/zh/event/btc-updown-5m-1783596600,19:30-19:35,26.00,77.00,23.00,74.00,5.46,72.19,72.19,5.46,24.50,75.50,3.00,3.00,26774.70,22454.98,22459.97,26774.70,22,74,74,22,,62616.90,,
2026-07-09T19:33:32+08:00,btc-updown-5m-1783596600,https://polymarket.com/zh/event/btc-updown-5m-1783596600,19:30-19:35,26.00,78.00,23.00,77.00,287.73,44.72,14.39,214.58,24.50,77.50,3.00,1.00,24450.34,22439.97,22455.97,24517.34,21,74,77,21,,62619.39,,
2026-07-09T19:33:34+08:00,btc-updown-5m-1783596600,https://polymarket.com/zh/event/btc-updown-5m-1783596600,19:30-19:35,20.00,81.00,19.00,80.00,121.34,656.59,639.59,103.87,19.50,80.50,1.00,1.00,25151.51,22455.98,22435.96,25161.51,19,80,80,19,,62616.77,,
2026-07-09T19:33:36+08:00,btc-updown-5m-1783596600,https://polymarket.com/zh/event/btc-updown-5m-1783596600,19:30-19:35,20.00,81.00,19.00,80.00,976.86,154.89,178.59,853.23,19.50,80.50,1.00,1.00,25231.51,22440.96,22450.96,25231.51,19,80,80,19,,62616.77,,
2026-07-09T19:33:38+08:00,btc-updown-5m-1783596600,https://polymarket.com/zh/event/btc-updown-5m-1783596600,19:30-19:35,15.00,86.00,14.00,85.00,520.36,72.00,62.00,530.62,14.50,85.50,1.00,1.00,24657.95,22440.96,22430.96,24608.97,14,85,85,14,,62615.33,,
2026-07-09T19:33:39+08:00,btc-updown-5m-1783596600,https://polymarket.com/zh/event/btc-updown-5m-1783596600,19:30-19:35,14.00,87.00,13.00,86.00,598.18,552.61,390.11,370.73,13.50,86.50,1.00,1.00,25675.78,22435.96,22445.96,26180.78,13,86,86,13,,62614.82,,
2026-07-09T19:33:41+08:00,btc-updown-5m-1783596600,https://polymarket.com/zh/event/btc-updown-5m-1783596600,19:30-19:35,14.00,87.00,13.00,86.00,494.72,370.97,303.84,341.69,13.50,86.50,1.00,1.00,25575.78,22435.96,22435.96,25075.78,13,86,86,13,,62614.82,,
2026-07-09T19:33:43+08:00,btc-updown-5m-1783596600,https://polymarket.com/zh/event/btc-updown-5m-1783596600,19:30-19:35,17.00,84.00,16.00,83.00,635.55,37.90,35.40,1023.16,16.50,83.50,1.00,1.00,24981.34,22440.97,22435.96,25106.34,16,83,83,15,,62614.82,,
2026-07-09T19:33:45+08:00,btc-updown-5m-1783596600,https://polymarket.com/zh/event/btc-updown-5m-1783596600,19:30-19:35,17.00,85.00,16.00,84.00,1028.04,50.92,12.91,785.17,16.50,84.50,1.00,1.00,25745.32,22424.96,22414.96,25640.32,16,83,84,15,,62613.96,,
2026-07-09T19:33:47+08:00,btc-updown-5m-1783596600,https://polymarket.com/zh/event/btc-updown-5m-1783596600,19:30-19:35,14.00,88.00,13.00,87.00,914.65,29.62,19.34,1250.24,13.50,87.50,1.00,1.00,25366.29,22429.97,22424.96,25409.20,13,86,87,12,,62613.96,,
2026-07-09T19:33:49+08:00,btc-updown-5m-1783596600,https://polymarket.com/zh/event/btc-updown-5m-1783596600,19:30-19:35,9.00,93.00,7.00,92.00,1101.82,170.69,174.15,638.91,8.00,92.50,2.00,1.00,17872.76,22398.65,22423.66,18359.10,7,91,92,7,,62608.30,,
2026-07-09T19:33:51+08:00,btc-updown-5m-1783596600,https://polymarket.com/zh/event/btc-updown-5m-1783596600,19:30-19:35,9.00,92.00,8.00,91.00,140.43,1147.62,1163.90,140.43,8.50,91.50,1.00,1.00,19922.70,22398.65,22408.65,19533.70,8,91,91,8,,62605.18,,
2026-07-09T19:33:53+08:00,btc-updown-5m-1783596600,https://polymarket.com/zh/event/btc-updown-5m-1783596600,19:30-19:35,9.00,92.00,8.00,91.00,568.74,152.92,152.92,588.74,8.50,91.50,1.00,1.00,19605.70,22403.65,22408.65,19610.70,8,91,91,8,,62607.99,,
2026-07-09T19:33:55+08:00,btc-updown-5m-1783596600,https://polymarket.com/zh/event/btc-updown-5m-1783596600,19:30-19:35,7.00,94.00,6.00,93.00,579.42,253.48,204.55,524.42,6.50,93.50,1.00,1.00,17856.85,22397.65,22407.65,17893.28,6,93,93,6,,62605.04,,
2026-07-09T19:33:56+08:00,btc-updown-5m-1783596600,https://polymarket.com/zh/event/btc-updown-5m-1783596600,19:30-19:35,6.00,95.00,5.00,94.00,661.77,289.97,294.97,840.44,5.50,94.50,1.00,1.00,13670.78,22401.65,22386.65,13503.78,5,94,94,5,,62595.26,,
2026-07-09T19:33:58+08:00,btc-updown-5m-1783596600,https://polymarket.com/zh/event/btc-updown-5m-1783596600,19:30-19:35,4.00,97.00,3.00,96.00,1056.69,551.65,556.65,925.17,3.50,96.50,1.00,1.00,12381.91,22312.65,22307.65,12376.91,3,96,96,3,,62592.14,,
2026-07-09T19:34:00+08:00,btc-updown-5m-1783596600,https://polymarket.com/zh/event/btc-updown-5m-1783596600,19:30-19:35,2.00,99.00,1.00,98.00,495.75,4983.66,4988.66,500.75,1.50,98.50,1.00,1.00,4988.66,22571.84,22571.85,4983.66,1,98,98,1,,62586.93,,
2026-07-09T19:34:02+08:00,btc-updown-5m-1783596600,https://polymarket.com/zh/event/btc-updown-5m-1783596600,19:30-19:35,3.00,98.00,2.00,97.00,564.92,952.67,939.67,564.92,2.50,97.50,1.00,1.00,5524.43,22533.84,22518.84,5537.43,2,97,97,2,,62585.48,,
2026-07-09T19:34:04+08:00,btc-updown-5m-1783596600,https://polymarket.com/zh/event/btc-updown-5m-1783596600,19:30-19:35,2.00,98.00,1.00,97.00,211.49,31.00,4799.07,1477.96,1.50,97.50,1.00,1.00,4799.07,22538.84,22523.84,4773.91,1,98,97,2,,62588.39,,
2026-07-09T19:34:06+08:00,btc-updown-5m-1783596600,https://polymarket.com/zh/event/btc-updown-5m-1783596600,19:30-19:35,2.00,99.00,1.00,98.00,945.38,3962.24,3965.35,930.09,1.50,98.50,1.00,1.00,3965.35,21993.50,21988.50,3962.24,1,98,98,1,,62590.10,,
2026-07-09T19:34:08+08:00,btc-updown-5m-1783596600,https://polymarket.com/zh/event/btc-updown-5m-1783596600,19:30-19:35,2.00,99.00,1.00,98.00,466.98,3223.19,3233.19,466.98,1.50,98.50,1.00,1.00,3233.19,21998.51,21988.50,3223.19,1,98,98,1,,62592.12,,
2026-07-09T19:34:10+08:00,btc-updown-5m-1783596600,https://polymarket.com/zh/event/btc-updown-5m-1783596600,19:30-19:35,2.00,99.00,1.00,98.00,603.25,2820.09,2816.11,608.25,1.50,98.50,1.00,1.00,2816.11,21988.50,21998.50,2820.09,1,98,98,1,,62592.13,,
2026-07-09T19:34:12+08:00,btc-updown-5m-1783596600,https://polymarket.com/zh/event/btc-updown-5m-1783596600,19:30-19:35,2.00,,,98.00,1303.43,,,1284.06,,,,,,21996.50,22011.50,,0,98,98,0,,62592.12,,
2026-07-09T19:34:13+08:00,btc-updown-5m-1783596600,https://polymarket.com/zh/event/btc-updown-5m-1783596600,19:30-19:35,1.00,,,99.00,5802.36,,,5819.51,,,,,,22001.50,22011.50,,0,99,99,0,,62592.12,,
2026-07-09T19:34:15+08:00,btc-updown-5m-1783596600,https://polymarket.com/zh/event/btc-updown-5m-1783596600,19:30-19:35,1.00,,,99.00,6757.70,,,6757.70,,,,,,21996.50,22001.50,,0,99,99,0,,62582.35,,
2026-07-09T19:34:17+08:00,btc-updown-5m-1783596600,https://polymarket.com/zh/event/btc-updown-5m-1783596600,19:30-19:35,1.00,,,99.00,12243.54,,,12741.04,,,,,,22002.50,22012.50,,0,99,99,0,,62582.34,,
2026-07-09T19:34:19+08:00,btc-updown-5m-1783596600,https://polymarket.com/zh/event/btc-updown-5m-1783596600,19:30-19:35,1.00,,,99.00,12339.23,,,12278.94,,,,,,21930.84,21915.84,,0,99,99,0,,62581.10,,
2026-07-09T19:34:21+08:00,btc-updown-5m-1783596600,https://polymarket.com/zh/event/btc-updown-5m-1783596600,19:30-19:35,1.00,,,99.00,6954.01,,,6954.01,,,,,,21925.84,21925.84,,0,99,99,0,,62587.35,,
2026-07-09T19:34:23+08:00,btc-updown-5m-1783596600,https://polymarket.com/zh/event/btc-updown-5m-1783596600,19:30-19:35,1.00,,,99.00,7387.89,,,7387.89,,,,,,21925.84,21925.84,,0,99,99,0,,62584.02,,
2026-07-09T19:34:25+08:00,btc-updown-5m-1783596600,https://polymarket.com/zh/event/btc-updown-5m-1783596600,19:30-19:35,1.00,,,99.00,7114.55,,,7130.55,,,,,,21855.84,21855.84,,0,99,99,0,,62581.10,,
2026-07-09T19:34:27+08:00,btc-updown-5m-1783596600,https://polymarket.com/zh/event/btc-updown-5m-1783596600,19:30-19:35,1.00,,,99.00,7133.55,,,9633.55,,,,,,21840.84,21845.84,,0,99,99,0,,62587.20,,
2026-07-09T19:34:29+08:00,btc-updown-5m-1783596600,https://polymarket.com/zh/event/btc-updown-5m-1783596600,19:30-19:35,1.00,,,99.00,9579.64,,,9595.64,,,,,,21840.84,21855.84,,0,99,99,0,,62588.76,,
2026-07-09T19:34:30+08:00,btc-updown-5m-1783596600,https://polymarket.com/zh/event/btc-updown-5m-1783596600,19:30-19:35,1.00,,,99.00,6206.38,,,5970.38,,,,,,21629.84,21614.84,,0,99,99,0,,62588.76,,
2026-07-09T19:34:33+08:00,btc-updown-5m-1783596600,https://polymarket.com/zh/event/btc-updown-5m-1783596600,19:30-19:35,1.00,,,99.00,6514.88,,,6583.88,,,,,,21746.50,21771.50,,0,99,99,0,,62595.49,,
2026-07-09T19:34:34+08:00,btc-updown-5m-1783596600,https://polymarket.com/zh/event/btc-updown-5m-1783596600,19:30-19:35,1.00,,,99.00,1506.98,,,1506.98,,,,,,21654.84,21669.84,,0,99,99,0,,62598.63,,
2026-07-09T19:34:36+08:00,btc-updown-5m-1783596600,https://polymarket.com/zh/event/btc-updown-5m-1783596600,19:30-19:35,1.00,,,99.00,1076.55,,,1076.55,,,,,,19959.85,19949.85,,0,99,99,0,,62605.03,,
2026-07-09T19:34:38+08:00,btc-updown-5m-1783596600,https://polymarket.com/zh/event/btc-updown-5m-1783596600,19:30-19:35,1.00,,,99.00,557.68,,,10.68,,,,,,19969.85,19949.85,,0,99,99,0,,62609.10,,
2026-07-09T19:34:40+08:00,btc-updown-5m-1783596600,https://polymarket.com/zh/event/btc-updown-5m-1783596600,19:30-19:35,1.00,,,99.00,35.00,,,35.00,,,,,,20049.86,20024.85,,0,99,99,0,,62606.01,,
2026-07-09T19:34:42+08:00,btc-updown-5m-1783596600,https://polymarket.com/zh/event/btc-updown-5m-1783596600,19:30-19:35,1.00,,,99.00,5055.00,,,4905.00,,,,,,19974.85,19964.85,,0,99,99,0,,62603.12,,
2026-07-09T19:34:47+08:00,btc-updown-5m-1783596600,https://polymarket.com/zh/event/btc-updown-5m-1783596600,19:30-19:35,1.00,,,99.00,12163.12,,,12163.12,,,,,,18800.26,18800.26,,0,99,99,0,,62601.78,,
2026-07-09T19:34:49+08:00,btc-updown-5m-1783596600,https://polymarket.com/zh/event/btc-updown-5m-1783596600,19:30-19:35,1.00,,,99.00,12168.48,,,12168.48,,,,,,18725.26,18730.26,,0,79,79,0,,62592.00,,
2026-07-09T19:34:51+08:00,btc-updown-5m-1783596600,https://polymarket.com/zh/event/btc-updown-5m-1783596600,19:30-19:35,1.00,,,99.00,17061.43,,,17061.43,,,,,,11575.26,11590.26,,0,77,77,0,,62592.00,,
2026-07-09T19:34:53+08:00,btc-updown-5m-1783596600,https://polymarket.com/zh/event/btc-updown-5m-1783596600,19:30-19:35,1.00,,,99.00,17759.65,,,17759.65,,,,,,11595.26,11580.26,,0,78,78,0,,62588.87,,
2026-07-09T19:34:55+08:00,btc-updown-5m-1783596600,https://polymarket.com/zh/event/btc-updown-5m-1783596600,19:30-19:35,1.00,,,99.00,22152.96,,,22265.10,,,,,,12396.92,12381.93,,0,76,76,0,,62588.74,,
2026-07-09T19:34:57+08:00,btc-updown-5m-1783596600,https://polymarket.com/zh/event/btc-updown-5m-1783596600,19:30-19:35,1.00,,,99.00,23147.09,,,23147.09,,,,,,12401.92,12406.92,,0,76,76,0,,62588.74,,
2026-07-09T19:34:59+08:00,btc-updown-5m-1783596600,https://polymarket.com/zh/event/btc-updown-5m-1783596600,19:30-19:35,1.00,,,99.00,36089.73,,,36644.83,,,,,,13195.57,13195.58,,0,86,84,0,,62599.85,,
2026-07-09T19:35:01+08:00,btc-updown-5m-1783596900,https://polymarket.com/zh/event/btc-updown-5m-1783596900,19:35-19:40,55.00,46.00,54.00,45.00,40.12,613.84,568.84,29.93,54.50,45.50,1.00,1.00,17797.98,16691.19,16724.35,17906.13,52,45,45,52,62601.77,62601.77,,
2026-07-09T19:35:03+08:00,btc-updown-5m-1783596900,https://polymarket.com/zh/event/btc-updown-5m-1783596900,19:35-19:40,56.00,45.00,55.00,44.00,611.88,509.30,509.30,593.46,55.50,44.50,1.00,1.00,18717.17,17790.40,17900.40,19067.18,55,44,44,55,62601.77,62604.90,,
2026-07-09T19:35:05+08:00,btc-updown-5m-1783596900,https://polymarket.com/zh/event/btc-updown-5m-1783596900,19:35-19:40,56.00,45.00,55.00,44.00,665.02,567.44,460.73,527.22,55.50,44.50,1.00,1.00,19467.18,18165.40,18155.40,19442.17,55,44,44,55,62601.77,62604.90,,
2026-07-09T19:35:07+08:00,btc-updown-5m-1783596900,https://polymarket.com/zh/event/btc-updown-5m-1783596900,19:35-19:40,56.00,45.00,55.00,44.00,856.42,266.78,536.78,959.56,55.50,44.50,1.00,1.00,19883.17,18341.40,18051.40,19593.18,55,44,44,55,62601.77,62604.90,,
2026-07-09T19:35:09+08:00,btc-updown-5m-1783596900,https://polymarket.com/zh/event/btc-updown-5m-1783596900,19:35-19:40,51.00,50.00,50.00,49.00,58.20,1135.66,1172.66,58.93,50.50,49.50,1.00,1.00,18594.18,18061.40,17051.40,18084.17,50,49,49,50,62601.77,62598.93,,
2026-07-09T19:35:10+08:00,btc-updown-5m-1783596900,https://polymarket.com/zh/event/btc-updown-5m-1783596900,19:35-19:40,51.00,50.00,50.00,49.00,21.74,231.70,1041.86,714.78,50.50,49.50,1.00,1.00,18738.71,17236.10,17226.10,18733.72,50,49,49,50,62601.77,62598.92,,
2026-07-09T19:35:12+08:00,btc-updown-5m-1783596900,https://polymarket.com/zh/event/btc-updown-5m-1783596900,19:35-19:40,43.00,59.00,42.00,57.00,140.77,88.70,62.54,239.90,42.50,58.00,1.00,2.00,18327.72,17369.43,17379.44,18285.71,42,57,57,41,62601.77,62588.74,,
2026-07-09T19:35:14+08:00,btc-updown-5m-1783596900,https://polymarket.com/zh/event/btc-updown-5m-1783596900,19:35-19:40,42.00,60.00,41.00,59.00,322.95,307.16,0.60,1172.80,41.50,59.50,1.00,1.00,19106.64,18185.90,18281.10,19091.64,41,58,59,40,62601.77,62585.61,,
2026-07-09T19:35:16+08:00,btc-updown-5m-1783596900,https://polymarket.com/zh/event/btc-updown-5m-1783596900,19:35-19:40,41.00,60.00,40.00,59.00,1007.98,633.40,729.46,1007.98,40.50,59.50,1.00,1.00,19275.04,18282.31,18277.30,18990.04,40,59,59,40,62601.77,62585.61,,
2026-07-09T19:35:18+08:00,btc-updown-5m-1783596900,https://polymarket.com/zh/event/btc-updown-5m-1783596900,19:35-19:40,41.00,59.00,40.00,58.00,1052.58,376.80,532.93,860.95,40.50,58.50,1.00,1.00,18980.04,17971.30,17987.31,18975.04,40,59,58,41,62601.77,62585.61,,
2026-07-09T19:35:20+08:00,btc-updown-5m-1783596900,https://polymarket.com/zh/event/btc-updown-5m-1783596900,19:35-19:40,42.00,59.00,41.00,58.00,727.73,56.62,65.10,671.52,41.50,58.50,1.00,1.00,18990.04,17997.31,17972.30,19006.04,41,58,58,41,62601.77,62585.62,,
2026-07-09T19:35:22+08:00,btc-updown-5m-1783596900,https://polymarket.com/zh/event/btc-updown-5m-1783596900,19:35-19:40,42.00,59.00,41.00,58.00,88.24,945.74,906.11,88.24,41.50,58.50,1.00,1.00,19694.93,18464.25,18480.25,19704.93,41,58,58,41,62601.77,62580.54,,
2026-07-09T19:35:24+08:00,btc-updown-5m-1783596900,https://polymarket.com/zh/event/btc-updown-5m-1783596900,19:35-19:40,43.00,58.00,42.00,57.00,224.68,619.02,648.46,281.44,42.50,57.50,1.00,1.00,22255.55,19160.54,19186.54,22419.55,42,57,57,42,62601.77,62588.73,,
2026-07-09T19:35:26+08:00,btc-updown-5m-1783596900,https://polymarket.com/zh/event/btc-updown-5m-1783596900,19:35-19:40,44.00,57.00,43.00,56.00,204.59,800.27,804.27,167.72,43.50,56.50,1.00,1.00,22601.95,19213.95,19218.94,22596.95,43,56,56,43,62601.77,62587.89,,
2026-07-09T19:35:28+08:00,btc-updown-5m-1783596900,https://polymarket.com/zh/event/btc-updown-5m-1783596900,19:35-19:40,44.00,57.00,43.00,56.00,204.29,818.34,827.59,199.29,43.50,56.50,1.00,1.00,22586.95,19192.94,19187.94,22576.95,43,56,56,43,62601.77,62587.89,,
2026-07-09T19:35:29+08:00,btc-updown-5m-1783596900,https://polymarket.com/zh/event/btc-updown-5m-1783596900,19:35-19:40,48.00,53.00,47.00,52.00,920.71,32.59,342.38,1242.71,47.50,52.50,1.00,1.00,22576.95,19193.94,19198.94,22571.95,47,52,52,47,62601.77,62585.60,,
2026-07-09T19:35:31+08:00,btc-updown-5m-1783596900,https://polymarket.com/zh/event/btc-updown-5m-1783596900,19:35-19:40,42.00,59.00,41.00,58.00,518.70,103.22,279.33,621.15,41.50,58.50,1.00,1.00,22046.95,18824.94,18819.94,22036.95,41,58,58,41,62601.77,62585.60,,
2026-07-09T19:35:33+08:00,btc-updown-5m-1783596900,https://polymarket.com/zh/event/btc-updown-5m-1783596900,19:35-19:40,40.00,61.00,39.00,60.00,468.01,539.10,540.74,463.23,39.50,60.50,1.00,1.00,21966.95,18808.94,18814.94,21941.95,39,60,60,39,62601.77,62584.36,,
2026-07-09T19:35:35+08:00,btc-updown-5m-1783596900,https://polymarket.com/zh/event/btc-updown-5m-1783596900,19:35-19:40,40.00,61.00,39.00,60.00,1157.25,51.02,56.02,1185.37,39.50,60.50,1.00,1.00,21946.95,18844.94,18844.94,21946.95,39,60,60,39,62601.77,62584.36,,
2026-07-09T19:35:37+08:00,btc-updown-5m-1783596900,https://polymarket.com/zh/event/btc-updown-5m-1783596900,19:35-19:40,30.00,72.00,28.00,71.00,5.55,171.45,194.26,10.00,29.00,71.50,2.00,1.00,21841.95,18813.95,18823.95,21898.95,28,65,68,28,62601.77,62571.17,,
2026-07-09T19:35:39+08:00,btc-updown-5m-1783596900,https://polymarket.com/zh/event/btc-updown-5m-1783596900,19:35-19:40,39.00,62.00,38.00,61.00,114.33,82.83,198.08,96.64,38.50,61.50,1.00,1.00,21694.96,18728.95,18811.95,21674.96,34,61,61,35,62601.77,62575.69,,
2026-07-09T19:35:41+08:00,btc-updown-5m-1783596900,https://polymarket.com/zh/event/btc-updown-5m-1783596900,19:35-19:40,35.00,66.00,34.00,65.00,133.31,379.24,343.24,138.31,34.50,65.50,1.00,1.00,21726.96,19094.94,19099.95,21726.96,34,65,65,34,62601.77,62577.92,,
2026-07-09T19:35:43+08:00,btc-updown-5m-1783596900,https://polymarket.com/zh/event/btc-updown-5m-1783596900,19:35-19:40,31.00,72.00,30.00,71.00,1320.29,98.44,20.00,1435.25,30.50,71.50,1.00,1.00,21779.96,19049.94,19058.94,21789.96,30,69,71,28,62601.77,62572.35,,
2026-07-09T19:35:44+08:00,btc-updown-5m-1783596900,https://polymarket.com/zh/event/btc-updown-5m-1783596900,19:35-19:40,29.00,72.00,28.00,71.00,684.11,633.98,696.03,85.20,28.50,71.50,1.00,1.00,21785.28,19059.95,19048.94,21860.28,28,71,71,28,62601.77,62568.01,,
2026-07-09T19:35:46+08:00,btc-updown-5m-1783596900,https://polymarket.com/zh/event/btc-updown-5m-1783596900,19:35-19:40,30.00,71.00,29.00,70.00,734.93,69.11,69.11,734.93,29.50,70.50,1.00,1.00,21965.28,19053.94,19053.94,21965.28,29,70,70,29,62601.77,62568.01,,
2026-07-09T19:35:48+08:00,btc-updown-5m-1783596900,https://polymarket.com/zh/event/btc-updown-5m-1783596900,19:35-19:40,30.00,71.00,29.00,70.00,383.91,218.28,218.28,383.91,29.50,70.50,1.00,1.00,21960.28,19049.94,19063.94,21960.28,29,70,70,29,62601.77,62568.00,,
2026-07-09T19:35:50+08:00,btc-updown-5m-1783596900,https://polymarket.com/zh/event/btc-updown-5m-1783596900,19:35-19:40,32.00,69.00,31.00,68.00,192.56,482.50,507.50,192.56,31.50,68.50,1.00,1.00,21970.28,19054.94,19043.94,21970.28,31,68,68,31,62601.77,62574.56,,
2026-07-09T19:35:52+08:00,btc-updown-5m-1783596900,https://polymarket.com/zh/event/btc-updown-5m-1783596900,19:35-19:40,27.00,74.00,26.00,73.00,248.11,600.55,632.52,322.23,26.50,73.50,1.00,1.00,21300.28,18348.94,18353.94,21295.28,26,73,73,26,62601.77,62569.00,,
2026-07-09T19:35:54+08:00,btc-updown-5m-1783596900,https://polymarket.com/zh/event/btc-updown-5m-1783596900,19:35-19:40,27.00,74.00,26.00,73.00,302.29,867.53,474.19,261.36,26.50,73.50,1.00,1.00,21325.28,18347.94,18342.94,21310.28,26,73,73,26,62601.77,62569.00,,
2026-07-09T19:35:56+08:00,btc-updown-5m-1783596900,https://polymarket.com/zh/event/btc-updown-5m-1783596900,19:35-19:40,28.00,73.00,27.00,72.00,106.64,412.84,397.61,97.71,27.50,72.50,1.00,1.00,21300.28,18348.94,18352.94,21310.28,27,72,72,27,62601.77,62569.00,,
2026-07-09T19:35:58+08:00,btc-updown-5m-1783596900,https://polymarket.com/zh/event/btc-updown-5m-1783596900,19:35-19:40,30.00,74.00,26.00,70.00,1626.10,10.53,10.53,1604.76,28.00,72.00,4.00,4.00,21290.28,18357.95,18368.95,21295.28,26,70,70,26,62601.77,62571.01,,
2026-07-09T19:36:00+08:00,btc-updown-5m-1783596900,https://polymarket.com/zh/event/btc-updown-5m-1783596900,19:35-19:40,30.00,71.00,29.00,70.00,422.05,390.23,404.32,455.68,29.50,70.50,1.00,1.00,21295.28,23342.94,25252.94,21300.28,29,70,70,29,62601.77,62571.01,,
2026-07-09T19:36:02+08:00,btc-updown-5m-1783596900,https://polymarket.com/zh/event/btc-updown-5m-1783596900,19:35-19:40,30.00,71.00,29.00,70.00,164.04,341.29,312.26,122.04,29.50,70.50,1.00,1.00,21195.28,25167.94,25147.94,21200.28,29,70,70,29,62601.77,62571.01,,
2026-07-09T19:36:03+08:00,btc-updown-5m-1783596900,https://polymarket.com/zh/event/btc-updown-5m-1783596900,19:35-19:40,25.00,76.00,24.00,74.00,68.89,958.29,948.29,236.90,24.50,75.00,1.00,2.00,21255.28,24809.94,24793.94,21250.28,24,75,74,24,62601.77,62571.02,,
2026-07-09T19:36:05+08:00,btc-updown-5m-1783596900,https://polymarket.com/zh/event/btc-updown-5m-1783596900,19:35-19:40,27.00,74.00,26.00,68.00,68.59,840.72,613.96,478.43,26.50,71.00,1.00,6.00,21245.28,24808.95,24798.96,21250.28,26,73,68,26,62601.77,62572.59,,
2026-07-09T19:36:07+08:00,btc-updown-5m-1783596900,https://polymarket.com/zh/event/btc-updown-5m-1783596900,19:35-19:40,31.00,70.00,30.00,69.00,49.54,629.23,807.64,57.63,30.50,69.50,1.00,1.00,20693.28,24475.94,24476.95,20713.28,30,69,69,30,62601.77,62576.24,,
2026-07-09T19:36:09+08:00,btc-updown-5m-1783596900,https://polymarket.com/zh/event/btc-updown-5m-1783596900,19:35-19:40,31.00,70.00,30.00,69.00,128.40,399.52,415.52,128.40,30.50,69.50,1.00,1.00,20718.28,24507.94,24518.94,20718.28,30,69,69,30,62601.77,62576.25,,
2026-07-09T19:36:11+08:00,btc-updown-5m-1783596900,https://polymarket.com/zh/event/btc-updown-5m-1783596900,19:35-19:40,31.00,70.00,30.00,69.00,464.74,249.39,209.39,471.94,30.50,69.50,1.00,1.00,19523.28,24116.94,24106.94,19508.28,30,69,69,30,62601.77,62576.24,,
2026-07-09T19:36:13+08:00,btc-updown-5m-1783596900,https://polymarket.com/zh/event/btc-updown-5m-1783596900,19:35-19:40,26.00,75.00,25.00,74.00,463.18,357.36,687.31,913.88,25.50,74.50,1.00,1.00,19868.28,24079.94,24069.94,19858.28,25,74,74,25,62601.77,62572.00,,
2026-07-09T19:36:15+08:00,btc-updown-5m-1783596900,https://polymarket.com/zh/event/btc-updown-5m-1783596900,19:35-19:40,26.00,75.00,25.00,74.00,1425.83,280.36,280.36,1430.47,25.50,74.50,1.00,1.00,19863.28,24080.94,24095.95,19863.28,25,74,74,25,62601.77,62568.01,,
2026-07-09T19:36:17+08:00,btc-updown-5m-1783596900,https://polymarket.com/zh/event/btc-updown-5m-1783596900,19:35-19:40,26.00,75.00,25.00,73.00,166.43,971.64,916.42,427.38,25.50,74.00,1.00,2.00,19708.28,24064.94,24090.94,19713.28,25,74,73,25,62601.77,62568.02,,
2026-07-09T19:36:19+08:00,btc-updown-5m-1783596900,https://polymarket.com/zh/event/btc-updown-5m-1783596900,19:35-19:40,29.00,72.00,28.00,71.00,30.00,793.61,793.61,30.00,28.50,71.50,1.00,1.00,19865.28,24000.94,23999.94,19865.28,28,71,71,28,62601.77,62572.42,,
2026-07-09T19:36:20+08:00,btc-updown-5m-1783596900,https://polymarket.com/zh/event/btc-updown-5m-1783596900,19:35-19:40,30.00,71.00,29.00,70.00,775.69,58.43,45.10,775.43,29.50,70.50,1.00,1.00,19860.28,24004.94,23994.94,19865.28,29,70,70,29,62601.77,62572.42,,
2026-07-09T19:36:22+08:00,btc-updown-5m-1783596900,https://polymarket.com/zh/event/btc-updown-5m-1783596900,19:35-19:40,28.00,73.00,27.00,72.00,298.75,395.89,378.78,402.07,27.50,72.50,1.00,1.00,19860.28,24004.94,24000.94,19865.28,27,72,72,27,62601.77,62572.42,,
2026-07-09T19:36:24+08:00,btc-updown-5m-1783596900,https://polymarket.com/zh/event/btc-updown-5m-1783596900,19:35-19:40,28.00,73.00,27.00,72.00,387.41,487.37,504.16,194.46,27.50,72.50,1.00,1.00,19860.28,24004.94,24000.94,19860.28,27,72,72,27,62601.77,62572.42,,
2026-07-09T19:36:26+08:00,btc-updown-5m-1783596900,https://polymarket.com/zh/event/btc-updown-5m-1783596900,19:35-19:40,28.00,73.00,27.00,72.00,524.40,440.22,391.45,487.99,27.50,72.50,1.00,1.00,19865.28,23984.94,23995.94,19860.28,27,72,72,27,62601.77,62572.42,,
2026-07-09T19:36:28+08:00,btc-updown-5m-1783596900,https://polymarket.com/zh/event/btc-updown-5m-1783596900,19:35-19:40,28.00,73.00,27.00,72.00,471.36,359.90,401.93,504.47,27.50,72.50,1.00,1.00,19865.28,24000.94,23989.94,19865.28,27,72,72,27,62601.77,62572.42,,
2026-07-09T19:36:30+08:00,btc-updown-5m-1783596900,https://polymarket.com/zh/event/btc-updown-5m-1783596900,19:35-19:40,29.00,72.00,28.00,71.00,15.00,951.23,888.13,20.00,28.50,71.50,1.00,1.00,19865.28,24015.95,24019.95,19865.28,28,71,71,28,62601.77,62572.43,,
2026-07-09T19:36:32+08:00,btc-updown-5m-1783596900,https://polymarket.com/zh/event/btc-updown-5m-1783596900,19:35-19:40,29.00,72.00,28.00,71.00,60.35,621.15,623.93,60.35,28.50,71.50,1.00,1.00,19385.28,23539.94,23530.94,19385.28,28,71,71,28,62601.77,62572.43,,
2026-07-09T19:36:34+08:00,btc-updown-5m-1783596900,https://polymarket.com/zh/event/btc-updown-5m-1783596900,19:35-19:40,29.00,72.00,28.00,71.00,70.00,941.02,941.02,45.00,28.50,71.50,1.00,1.00,19285.28,23638.94,23579.95,19355.28,28,71,71,28,62601.77,62575.69,,
2026-07-09T19:36:36+08:00,btc-updown-5m-1783596900,https://polymarket.com/zh/event/btc-updown-5m-1783596900,19:35-19:40,29.00,72.00,28.00,71.00,145.04,499.60,781.37,492.60,28.50,71.50,1.00,1.00,19280.28,23573.94,23658.94,19285.28,28,71,71,28,62601.77,62575.69,,
2026-07-09T19:36:38+08:00,btc-updown-5m-1783596900,https://polymarket.com/zh/event/btc-updown-5m-1783596900,19:35-19:40,30.00,71.00,29.00,70.00,25.00,480.95,456.83,25.00,29.50,70.50,1.00,1.00,19355.28,23563.94,23579.94,19365.28,29,70,70,29,62601.77,62575.69,,
2026-07-09T19:36:39+08:00,btc-updown-5m-1783596900,https://polymarket.com/zh/event/btc-updown-5m-1783596900,19:35-19:40,31.00,70.00,30.00,69.00,46.44,594.25,644.25,87.49,30.50,69.50,1.00,1.00,24330.28,23563.94,23589.94,24340.28,30,69,69,30,62601.77,62575.70,,
2026-07-09T19:36:41+08:00,btc-updown-5m-1783596900,https://polymarket.com/zh/event/btc-updown-5m-1783596900,19:35-19:40,33.00,68.00,32.00,67.00,19.36,678.06,949.76,21.90,32.50,67.50,1.00,1.00,24210.28,23468.94,23483.94,24225.28,32,67,67,32,62601.77,62578.95,,
2026-07-09T19:36:43+08:00,btc-updown-5m-1783596900,https://polymarket.com/zh/event/btc-updown-5m-1783596900,19:35-19:40,27.00,74.00,26.00,73.00,258.57,708.88,307.46,73.47,26.50,73.50,1.00,1.00,24205.28,23544.94,23544.94,24205.28,26,73,73,26,62601.77,62575.69,,
2026-07-09T19:36:45+08:00,btc-updown-5m-1783596900,https://polymarket.com/zh/event/btc-updown-5m-1783596900,19:35-19:40,27.00,74.00,26.00,73.00,729.62,50.23,50.23,765.52,26.50,73.50,1.00,1.00,24189.28,23550.94,23560.94,24189.28,26,73,73,26,62601.77,62575.68,,
2026-07-09T19:36:47+08:00,btc-updown-5m-1783596900,https://polymarket.com/zh/event/btc-updown-5m-1783596900,19:35-19:40,21.00,80.00,20.00,79.00,239.54,688.18,730.23,389.69,20.50,79.50,1.00,1.00,19366.28,23510.94,23516.94,19366.28,20,79,79,20,62601.77,62570.00,,
2026-07-09T19:36:49+08:00,btc-updown-5m-1783596900,https://polymarket.com/zh/event/btc-updown-5m-1783596900,19:35-19:40,21.00,80.00,20.00,79.00,359.05,685.69,666.19,237.50,20.50,79.50,1.00,1.00,19345.28,23510.94,23521.94,19345.28,20,79,79,20,62601.77,62570.01,,
2026-07-09T19:36:51+08:00,btc-updown-5m-1783596900,https://polymarket.com/zh/event/btc-updown-5m-1783596900,19:35-19:40,22.00,79.00,21.00,78.00,771.78,208.31,299.72,760.31,21.50,78.50,1.00,1.00,19360.28,23516.94,23520.94,19855.28,21,78,78,21,62601.77,62570.02,,
2026-07-09T19:36:53+08:00,btc-updown-5m-1783596900,https://polymarket.com/zh/event/btc-updown-5m-1783596900,19:35-19:40,21.00,80.00,20.00,79.00,566.28,223.55,223.55,566.28,20.50,79.50,1.00,1.00,19355.28,23521.94,23525.95,19360.28,20,79,79,20,62601.77,62570.02,,
2026-07-09T19:36:55+08:00,btc-updown-5m-1783596900,https://polymarket.com/zh/event/btc-updown-5m-1783596900,19:35-19:40,21.00,80.00,20.00,79.00,1005.02,237.98,217.98,1000.18,20.50,79.50,1.00,1.00,17355.28,23547.94,23558.94,17365.28,20,79,79,20,62601.77,62570.02,,
2026-07-09T19:36:56+08:00,btc-updown-5m-1783596900,https://polymarket.com/zh/event/btc-updown-5m-1783596900,19:35-19:40,21.00,80.00,20.00,79.00,818.64,274.85,274.85,825.63,20.50,79.50,1.00,1.00,17240.28,23557.94,23548.94,17245.28,20,79,79,20,62601.77,62570.02,,
2026-07-09T19:36:58+08:00,btc-updown-5m-1783596900,https://polymarket.com/zh/event/btc-updown-5m-1783596900,19:35-19:40,21.00,80.00,20.00,79.00,848.20,145.00,145.00,848.20,20.50,79.50,1.00,1.00,17245.28,23542.94,23547.94,17245.28,20,79,79,20,62601.77,62570.02,,
2026-07-09T19:37:00+08:00,btc-updown-5m-1783596900,https://polymarket.com/zh/event/btc-updown-5m-1783596900,19:35-19:40,20.00,81.00,19.00,80.00,187.35,530.08,279.66,227.14,19.50,80.50,1.00,1.00,17245.28,23443.94,23412.94,17245.28,19,80,80,19,62601.77,62570.03,,
2026-07-09T19:37:02+08:00,btc-updown-5m-1783596900,https://polymarket.com/zh/event/btc-updown-5m-1783596900,19:35-19:40,22.00,79.00,21.00,78.00,471.80,275.70,261.97,456.80,21.50,78.50,1.00,1.00,17270.28,23447.94,23428.94,17270.28,21,78,78,21,62601.77,62570.87,,
2026-07-09T19:37:04+08:00,btc-updown-5m-1783596900,https://polymarket.com/zh/event/btc-updown-5m-1783596900,19:35-19:40,22.00,79.00,21.00,78.00,519.26,154.91,153.71,567.26,21.50,78.50,1.00,1.00,17775.28,23395.94,23401.95,17775.28,21,78,78,21,62601.77,62570.87,,
2026-07-09T19:37:06+08:00,btc-updown-5m-1783596900,https://polymarket.com/zh/event/btc-updown-5m-1783596900,19:35-19:40,20.00,81.00,19.00,80.00,142.00,478.61,312.10,243.40,19.50,80.50,1.00,1.00,19734.02,23390.94,23406.94,19734.02,19,80,80,19,62601.77,62570.86,,
2026-07-09T19:37:08+08:00,btc-updown-5m-1783596900,https://polymarket.com/zh/event/btc-updown-5m-1783596900,19:35-19:40,20.00,81.00,19.00,80.00,658.35,334.72,334.72,625.51,19.50,80.50,1.00,1.00,19811.02,23401.94,23395.94,19806.02,19,80,80,19,62601.77,62570.02,,
2026-07-09T19:37:10+08:00,btc-updown-5m-1783596900,https://polymarket.com/zh/event/btc-updown-5m-1783596900,19:35-19:40,23.00,78.00,22.00,77.00,284.30,767.05,159.00,149.22,22.50,77.50,1.00,1.00,18790.28,23315.94,23321.95,18805.28,22,77,77,22,62601.77,62570.02,,
2026-07-09T19:37:12+08:00,btc-updown-5m-1783596900,https://polymarket.com/zh/event/btc-updown-5m-1783596900,19:35-19:40,23.00,78.00,22.00,77.00,50.47,845.44,850.44,50.47,22.50,77.50,1.00,1.00,18815.28,23321.95,23330.94,18815.28,22,77,77,22,62601.77,62573.60,,
2026-07-09T19:37:13+08:00,btc-updown-5m-1783596900,https://polymarket.com/zh/event/btc-updown-5m-1783596900,19:35-19:40,23.00,78.00,22.00,77.00,522.26,85.70,545.95,619.27,22.50,77.50,1.00,1.00,18795.28,23310.94,23321.94,18795.28,22,77,77,22,62601.77,62573.60,,
2026-07-09T19:37:15+08:00,btc-updown-5m-1783596900,https://polymarket.com/zh/event/btc-updown-5m-1783596900,19:35-19:40,22.00,79.00,21.00,78.00,467.23,173.08,173.08,472.23,21.50,78.50,1.00,1.00,19491.02,23411.95,23386.94,19491.02,21,78,78,21,62601.77,62573.60,,
2026-07-09T19:37:17+08:00,btc-updown-5m-1783596900,https://polymarket.com/zh/event/btc-updown-5m-1783596900,19:35-19:40,22.00,79.00,21.00,78.00,464.23,80.42,100.42,524.23,21.50,78.50,1.00,1.00,18596.02,23380.94,23385.94,18596.02,21,78,78,21,62601.77,62570.02,,
2026-07-09T19:37:19+08:00,btc-updown-5m-1783596900,https://polymarket.com/zh/event/btc-updown-5m-1783596900,19:35-19:40,22.00,79.00,21.00,78.00,514.46,7.97,19.24,524.46,21.50,78.50,1.00,1.00,18611.02,23385.94,23401.94,18611.02,21,78,78,21,62601.77,62570.02,,
2026-07-09T19:37:21+08:00,btc-updown-5m-1783596900,https://polymarket.com/zh/event/btc-updown-5m-1783596900,19:35-19:40,21.00,80.00,20.00,79.00,546.28,1849.57,1842.67,432.83,20.50,79.50,1.00,1.00,18606.02,23385.94,23406.94,18606.02,20,79,79,20,62601.77,62570.01,,
2026-07-09T19:37:23+08:00,btc-updown-5m-1783596900,https://polymarket.com/zh/event/btc-updown-5m-1783596900,19:35-19:40,21.00,80.00,20.00,79.00,378.83,1639.90,1808.26,394.61,20.50,79.50,1.00,1.00,19024.02,23390.94,23385.94,19024.02,20,79,79,20,62601.77,62570.01,,
2026-07-09T19:37:25+08:00,btc-updown-5m-1783596900,https://polymarket.com/zh/event/btc-updown-5m-1783596900,19:35-19:40,21.00,80.00,20.00,79.00,1065.02,1054.84,879.80,1014.84,20.50,79.50,1.00,1.00,20184.02,23390.94,23400.94,20179.02,20,79,79,20,62601.77,62570.02,,
2026-07-09T19:37:27+08:00,btc-updown-5m-1783596900,https://polymarket.com/zh/event/btc-updown-5m-1783596900,19:35-19:40,29.00,72.00,28.00,71.00,257.05,503.69,618.48,319.41,28.50,71.50,1.00,1.00,23632.28,23362.94,23331.94,23622.28,28,71,71,28,62601.77,62578.95,,
2026-07-09T19:37:29+08:00,btc-updown-5m-1783596900,https://polymarket.com/zh/event/btc-updown-5m-1783596900,19:35-19:40,29.00,72.00,28.00,71.00,1263.17,9.14,9.35,1263.17,28.50,71.50,1.00,1.00,23577.28,23484.94,23488.95,23582.28,28,71,71,28,62601.77,62578.95,,
2026-07-09T19:37:31+08:00,btc-updown-5m-1783596900,https://polymarket.com/zh/event/btc-updown-5m-1783596900,19:35-19:40,28.00,73.00,27.00,72.00,634.70,154.15,154.15,611.26,27.50,72.50,1.00,1.00,23491.78,23424.45,23423.44,23491.78,27,72,72,27,62601.77,62578.95,,
2026-07-09T19:37:32+08:00,btc-updown-5m-1783596900,https://polymarket.com/zh/event/btc-updown-5m-1783596900,19:35-19:40,28.00,73.00,27.00,72.00,700.32,13.67,13.67,700.32,27.50,72.50,1.00,1.00,25491.78,23408.44,23429.44,25501.78,27,72,72,27,62601.77,62578.95,,
2026-07-09T19:37:34+08:00,btc-updown-5m-1783596900,https://polymarket.com/zh/event/btc-updown-5m-1783596900,19:35-19:40,27.00,74.00,26.00,73.00,710.91,249.20,249.20,671.09,26.50,73.50,1.00,1.00,25501.78,23414.44,23423.44,25501.78,26,73,73,26,62601.77,62578.95,,
2026-07-09T19:37:36+08:00,btc-updown-5m-1783596900,https://polymarket.com/zh/event/btc-updown-5m-1783596900,19:35-19:40,27.00,74.00,26.00,73.00,548.01,202.66,202.66,585.01,26.50,73.50,1.00,1.00,25324.78,23276.45,23266.44,25324.78,26,73,73,26,62601.77,62578.95,,
2026-07-09T19:37:38+08:00,btc-updown-5m-1783596900,https://polymarket.com/zh/event/btc-updown-5m-1783596900,19:35-19:40,27.00,74.00,26.00,73.00,374.25,456.30,521.83,374.25,26.50,73.50,1.00,1.00,25399.78,23186.44,23201.45,25399.78,26,73,73,26,62601.77,62578.95,,
2026-07-09T19:37:40+08:00,btc-updown-5m-1783596900,https://polymarket.com/zh/event/btc-updown-5m-1783596900,19:35-19:40,30.00,71.00,28.00,69.00,40.00,185.11,29.26,12.51,29.00,70.00,2.00,2.00,25489.78,23174.45,23174.45,26304.78,28,70,68,29,62601.77,62578.95,,
2026-07-09T19:37:42+08:00,btc-updown-5m-1783596900,https://polymarket.com/zh/event/btc-updown-5m-1783596900,19:35-19:40,34.00,67.00,33.00,66.00,372.12,285.47,137.81,207.11,33.50,66.50,1.00,1.00,26933.48,23546.14,23535.15,26888.48,33,66,66,33,62601.77,62585.47,,
2026-07-09T19:37:44+08:00,btc-updown-5m-1783596900,https://polymarket.com/zh/event/btc-updown-5m-1783596900,19:35-19:40,21.00,80.00,20.00,79.00,328.54,446.48,429.88,624.58,20.50,79.50,1.00,1.00,18294.78,23461.15,23406.15,19015.52,20,79,79,20,62601.77,62572.84,,
2026-07-09T19:37:46+08:00,btc-updown-5m-1783596900,https://polymarket.com/zh/event/btc-updown-5m-1783596900,19:35-19:40,21.00,80.00,20.00,79.00,863.71,147.77,284.70,1003.86,20.50,79.50,1.00,1.00,21120.52,23229.44,23245.44,21075.52,20,79,79,20,62601.77,62570.00,,
2026-07-09T19:37:47+08:00,btc-updown-5m-1783596900,https://polymarket.com/zh/event/btc-updown-5m-1783596900,19:35-19:40,21.00,80.00,20.00,79.00,1108.30,137.07,137.07,1108.30,20.50,79.50,1.00,1.00,21145.52,23230.44,23234.44,21150.52,20,79,79,20,62601.77,62570.00,,
2026-07-09T19:37:49+08:00,btc-updown-5m-1783596900,https://polymarket.com/zh/event/btc-updown-5m-1783596900,19:35-19:40,15.00,88.00,12.00,87.00,31.00,8.34,109.18,79.07,13.50,87.50,3.00,1.00,17451.54,23245.45,23255.45,18459.10,12,84,87,12,62601.77,62558.10,,
2026-07-09T19:37:51+08:00,btc-updown-5m-1783596900,https://polymarket.com/zh/event/btc-updown-5m-1783596900,19:35-19:40,9.00,92.00,8.00,91.00,180.25,882.33,911.03,185.25,8.50,91.50,1.00,1.00,18351.08,23246.44,23246.45,18351.08,8,91,91,8,62601.77,62552.88,,
2026-07-09T19:37:53+08:00,btc-updown-5m-1783596900,https://polymarket.com/zh/event/btc-updown-5m-1783596900,19:35-19:40,9.00,92.00,8.00,91.00,169.41,799.80,781.26,139.08,8.50,91.50,1.00,1.00,19173.08,23244.24,23234.24,20017.47,8,91,91,8,62601.77,62552.88,,
2026-07-09T19:37:55+08:00,btc-updown-5m-1783596900,https://polymarket.com/zh/event/btc-updown-5m-1783596900,19:35-19:40,12.00,89.00,11.00,88.00,978.67,141.99,358.91,916.68,11.50,88.50,1.00,1.00,20134.61,23244.24,23244.25,18851.28,11,88,88,11,62601.77,62556.02,,
2026-07-09T19:37:57+08:00,btc-updown-5m-1783596900,https://polymarket.com/zh/event/btc-updown-5m-1783596900,19:35-19:40,10.00,91.00,9.00,90.00,820.34,16.23,35.12,861.13,9.50,90.50,1.00,1.00,18606.28,23269.25,23244.25,18636.28,9,90,90,9,62601.77,62551.41,,
2026-07-09T19:37:59+08:00,btc-updown-5m-1783596900,https://polymarket.com/zh/event/btc-updown-5m-1783596900,19:35-19:40,9.00,92.00,8.00,91.00,438.83,78.81,78.81,438.83,8.50,91.50,1.00,1.00,18677.45,23234.25,23244.25,18677.45,8,91,91,8,62601.77,62551.41,,
2026-07-09T19:38:01+08:00,btc-updown-5m-1783596900,https://polymarket.com/zh/event/btc-updown-5m-1783596900,19:35-19:40,8.00,93.00,7.00,92.00,613.84,49.25,45.63,673.84,7.50,92.50,1.00,1.00,18477.53,23034.24,23049.25,18538.99,7,92,92,7,62601.77,62551.41,,
2026-07-09T19:38:03+08:00,btc-updown-5m-1783596900,https://polymarket.com/zh/event/btc-updown-5m-1783596900,19:35-19:40,10.00,91.00,9.00,90.00,19.17,1031.23,434.97,66.53,9.50,90.50,1.00,1.00,18830.68,23236.76,23221.74,18754.89,9,90,90,9,62601.77,62559.00,,
2026-07-09T19:38:05+08:00,btc-updown-5m-1783596900,https://polymarket.com/zh/event/btc-updown-5m-1783596900,19:35-19:40,8.00,93.00,7.00,92.00,465.20,197.29,329.08,435.20,7.50,92.50,1.00,1.00,18543.75,23301.74,23266.75,18548.75,7,92,92,7,62601.77,62559.01,,
2026-07-09T19:38:06+08:00,btc-updown-5m-1783596900,https://polymarket.com/zh/event/btc-updown-5m-1783596900,19:35-19:40,8.00,93.00,7.00,92.00,518.25,33.70,54.24,491.70,7.50,92.50,1.00,1.00,18573.54,23261.74,23266.75,18583.54,7,92,92,7,62601.77,62554.00,,
2026-07-09T19:38:08+08:00,btc-updown-5m-1783596900,https://polymarket.com/zh/event/btc-updown-5m-1783596900,19:35-19:40,7.00,94.00,6.00,93.00,233.30,1186.55,1195.90,233.30,6.50,93.50,1.00,1.00,18562.88,23266.74,23266.74,18562.88,6,93,93,6,62601.77,62554.00,,
2026-07-09T19:38:10+08:00,btc-updown-5m-1783596900,https://polymarket.com/zh/event/btc-updown-5m-1783596900,19:35-19:40,7.00,94.00,6.00,93.00,245.69,1010.71,956.80,245.69,6.50,93.50,1.00,1.00,18582.88,23251.74,23271.74,18572.88,6,93,93,6,62601.77,62554.01,,
2026-07-09T19:38:12+08:00,btc-updown-5m-1783596900,https://polymarket.com/zh/event/btc-updown-5m-1783596900,19:35-19:40,10.00,91.00,9.00,90.00,268.83,544.66,544.66,355.99,9.50,90.50,1.00,1.00,20516.98,23265.74,23255.74,20516.98,9,90,90,9,62601.77,62559.00,,
2026-07-09T19:38:14+08:00,btc-updown-5m-1783596900,https://polymarket.com/zh/event/btc-updown-5m-1783596900,19:35-19:40,10.00,91.00,9.00,90.00,457.93,471.78,625.59,546.64,9.50,90.50,1.00,1.00,20011.00,23270.75,23265.74,20478.41,9,90,90,9,62601.77,62562.15,,
2026-07-09T19:38:16+08:00,btc-updown-5m-1783596900,https://polymarket.com/zh/event/btc-updown-5m-1783596900,19:35-19:40,10.00,91.00,9.00,90.00,53.76,488.04,768.28,146.17,9.50,90.50,1.00,1.00,20989.74,23190.74,23190.74,20224.74,9,90,90,9,62601.77,62562.15,,
2026-07-09T19:38:18+08:00,btc-updown-5m-1783596900,https://polymarket.com/zh/event/btc-updown-5m-1783596900,19:35-19:40,10.00,91.00,9.00,90.00,157.59,345.52,382.95,178.38,9.50,90.50,1.00,1.00,20244.74,23185.74,23185.74,20221.60,9,90,90,9,62601.77,62562.66,,
2026-07-09T19:38:20+08:00,btc-updown-5m-1783596900,https://polymarket.com/zh/event/btc-updown-5m-1783596900,19:35-19:40,10.00,91.00,9.00,90.00,96.71,753.24,864.24,96.71,9.50,90.50,1.00,1.00,21232.42,23220.74,23130.74,21425.75,9,90,90,9,62601.77,62564.00,,
2026-07-09T19:38:21+08:00,btc-updown-5m-1783596900,https://polymarket.com/zh/event/btc-updown-5m-1783596900,19:35-19:40,12.00,88.00,11.00,87.00,14.79,376.73,793.97,432.79,11.50,87.50,1.00,1.00,19660.45,22932.39,22922.40,20265.45,11,88,87,12,62601.77,62566.85,,
2026-07-09T19:38:23+08:00,btc-updown-5m-1783596900,https://polymarket.com/zh/event/btc-updown-5m-1783596900,19:35-19:40,13.00,88.00,12.00,87.00,393.22,99.78,99.78,417.22,12.50,87.50,1.00,1.00,20310.56,22927.40,22917.39,20310.56,12,87,87,12,62601.77,62569.97,,
2026-07-09T19:38:25+08:00,btc-updown-5m-1783596900,https://polymarket.com/zh/event/btc-updown-5m-1783596900,19:35-19:40,15.00,86.00,14.00,85.00,341.73,471.76,499.28,358.00,14.50,85.50,1.00,1.00,21230.84,22937.39,22917.40,21275.02,14,85,85,14,62601.77,62572.43,,
2026-07-09T19:38:27+08:00,btc-updown-5m-1783596900,https://polymarket.com/zh/event/btc-updown-5m-1783596900,19:35-19:40,15.00,86.00,14.00,85.00,549.48,158.18,158.18,516.20,14.50,85.50,1.00,1.00,20795.02,22922.39,22917.39,20795.02,14,85,85,14,62601.77,62572.43,,
2026-07-09T19:38:29+08:00,btc-updown-5m-1783596900,https://polymarket.com/zh/event/btc-updown-5m-1783596900,19:35-19:40,15.00,86.00,14.00,85.00,511.14,67.81,37.81,497.96,14.50,85.50,1.00,1.00,20855.02,22922.39,22932.39,20850.02,14,85,85,14,62601.77,62572.43,,
2026-07-09T19:38:31+08:00,btc-updown-5m-1783596900,https://polymarket.com/zh/event/btc-updown-5m-1783596900,19:35-19:40,14.00,87.00,13.00,86.00,950.68,82.03,83.18,950.68,13.50,86.50,1.00,1.00,21287.23,23027.40,23007.39,21187.23,13,86,86,13,62601.77,62572.43,,
2026-07-09T19:38:33+08:00,btc-updown-5m-1783596900,https://polymarket.com/zh/event/btc-updown-5m-1783596900,19:35-19:40,13.00,88.00,12.00,87.00,504.56,55.00,55.00,504.56,12.50,87.50,1.00,1.00,21739.22,23007.39,23007.39,21739.22,12,87,87,12,62601.77,62572.43,,
2026-07-09T19:38:35+08:00,btc-updown-5m-1783596900,https://polymarket.com/zh/event/btc-updown-5m-1783596900,19:35-19:40,12.00,89.00,11.00,88.00,853.64,1.47,23.95,789.93,11.50,88.50,1.00,1.00,20906.08,23033.40,23018.39,20901.08,11,88,88,11,62601.77,62572.43,,
2026-07-09T19:38:37+08:00,btc-updown-5m-1783596900,https://polymarket.com/zh/event/btc-updown-5m-1783596900,19:35-19:40,11.00,90.00,10.00,89.00,502.27,193.55,193.55,502.27,10.50,89.50,1.00,1.00,20904.54,23033.40,23028.39,21319.54,10,89,89,10,62601.77,62572.43,,
2026-07-09T19:38:39+08:00,btc-updown-5m-1783596900,https://polymarket.com/zh/event/btc-updown-5m-1783596900,19:35-19:40,11.00,90.00,10.00,89.00,553.90,171.59,171.59,553.90,10.50,89.50,1.00,1.00,21314.54,23023.39,23023.39,21309.54,10,89,89,10,62601.77,62572.43,,
2026-07-09T19:38:40+08:00,btc-updown-5m-1783596900,https://polymarket.com/zh/event/btc-updown-5m-1783596900,19:35-19:40,11.00,90.00,10.00,89.00,932.21,147.89,147.89,942.21,10.50,89.50,1.00,1.00,21274.54,23008.39,23028.39,20724.54,10,89,89,10,62601.77,62571.72,,
2026-07-09T19:38:42+08:00,btc-updown-5m-1783596900,https://polymarket.com/zh/event/btc-updown-5m-1783596900,19:35-19:40,11.00,90.00,10.00,89.00,953.21,99.32,99.32,953.21,10.50,89.50,1.00,1.00,20089.77,23013.40,23023.39,19669.77,10,89,89,10,62601.77,62568.00,,
2026-07-09T19:38:44+08:00,btc-updown-5m-1783596900,https://polymarket.com/zh/event/btc-updown-5m-1783596900,19:35-19:40,11.00,90.00,10.00,89.00,971.49,94.04,97.84,971.49,10.50,89.50,1.00,1.00,20086.77,23033.39,23013.39,20097.77,10,89,89,10,62601.77,62567.18,,
2026-07-09T19:38:46+08:00,btc-updown-5m-1783596900,https://polymarket.com/zh/event/btc-updown-5m-1783596900,19:35-19:40,11.00,91.00,10.00,90.00,675.56,158.39,28.10,375.84,10.50,90.50,1.00,1.00,20081.77,22997.39,23012.39,20086.77,10,89,90,9,62601.77,62567.96,,
2026-07-09T19:38:48+08:00,btc-updown-5m-1783596900,https://polymarket.com/zh/event/btc-updown-5m-1783596900,19:35-19:40,9.00,92.00,8.00,91.00,356.28,727.44,751.44,356.28,8.50,91.50,1.00,1.00,19837.56,23002.39,23002.39,19837.56,8,91,91,8,62601.77,62567.97,,
2026-07-09T19:38:50+08:00,btc-updown-5m-1783596900,https://polymarket.com/zh/event/btc-updown-5m-1783596900,19:35-19:40,10.00,90.00,8.00,88.00,4.43,111.00,1425.99,4.00,9.00,89.00,2.00,2.00,19366.54,23017.39,22937.40,24591.31,8,89,87,10,62601.77,62571.99,,
2026-07-09T19:38:52+08:00,btc-updown-5m-1783596900,https://polymarket.com/zh/event/btc-updown-5m-1783596900,19:35-19:40,18.00,83.00,17.00,82.00,232.07,74.95,92.28,295.07,17.50,82.50,1.00,1.00,24607.52,22932.39,22922.39,24652.52,17,82,82,17,62601.77,62583.61,,
2026-07-09T19:38:54+08:00,btc-updown-5m-1783596900,https://polymarket.com/zh/event/btc-updown-5m-1783596900,19:35-19:40,16.00,85.00,15.00,84.00,239.96,232.60,231.13,238.44,15.50,84.50,1.00,1.00,24490.72,22784.90,22764.89,24610.72,15,84,84,15,62601.77,62583.09,,
2026-07-09T19:38:56+08:00,btc-updown-5m-1783596900,https://polymarket.com/zh/event/btc-updown-5m-1783596900,19:35-19:40,15.00,86.00,14.00,85.00,418.37,34.80,34.80,333.37,14.50,85.50,1.00,1.00,24042.65,22976.59,22981.59,24042.65,14,85,85,14,62601.77,62579.99,,
2026-07-09T19:38:58+08:00,btc-updown-5m-1783596900,https://polymarket.com/zh/event/btc-updown-5m-1783596900,19:35-19:40,15.00,86.00,14.00,85.00,58.48,564.26,633.84,58.48,14.50,85.50,1.00,1.00,25558.49,22905.59,22905.59,24035.39,14,85,85,14,62601.77,62579.99,,
2026-07-09T19:39:00+08:00,btc-updown-5m-1783596900,https://polymarket.com/zh/event/btc-updown-5m-1783596900,19:35-19:40,26.00,75.00,25.00,74.00,70.86,130.40,59.00,133.92,25.50,74.50,1.00,1.00,26535.39,23090.60,23085.60,26845.39,25,74,74,25,62601.77,62588.43,,
2026-07-09T19:39:01+08:00,btc-updown-5m-1783596900,https://polymarket.com/zh/event/btc-updown-5m-1783596900,19:35-19:40,33.00,68.00,32.00,66.00,12.78,15.62,15.62,157.83,32.50,67.00,1.00,2.00,25710.84,22893.60,22873.60,25310.84,30,67,66,32,62601.77,62588.73,,
2026-07-09T19:39:04+08:00,btc-updown-5m-1783596900,https://polymarket.com/zh/event/btc-updown-5m-1783596900,19:35-19:40,30.00,72.00,29.00,71.00,262.32,20.48,87.08,108.00,29.50,71.50,1.00,1.00,25372.84,22399.59,22424.59,25312.84,29,70,71,28,62601.77,62591.23,,
2026-07-09T19:39:05+08:00,btc-updown-5m-1783596900,https://polymarket.com/zh/event/btc-updown-5m-1783596900,19:35-19:40,27.00,74.00,26.00,73.00,173.55,124.13,185.13,203.46,26.50,73.50,1.00,1.00,25006.02,21734.55,21749.55,24962.68,26,73,73,26,62601.77,62591.19,,
2026-07-09T19:39:08+08:00,btc-updown-5m-1783596900,https://polymarket.com/zh/event/btc-updown-5m-1783596900,19:35-19:40,27.00,74.00,26.00,73.00,62.39,131.76,131.76,65.63,26.50,73.50,1.00,1.00,24960.50,21654.55,21679.55,24945.50,26,73,73,26,62601.77,62591.20,,
2026-07-09T19:39:09+08:00,btc-updown-5m-1783596900,https://polymarket.com/zh/event/btc-updown-5m-1783596900,19:35-19:40,30.00,71.00,29.00,70.00,16.00,156.39,231.39,16.00,29.50,70.50,1.00,1.00,24943.84,21674.55,21669.55,24933.84,29,70,70,29,62601.77,62593.22,,
2026-07-09T19:39:11+08:00,btc-updown-5m-1783596900,https://polymarket.com/zh/event/btc-updown-5m-1783596900,19:35-19:40,29.00,72.00,28.00,71.00,101.91,176.06,138.95,95.91,28.50,71.50,1.00,1.00,24915.33,21674.55,21659.55,24915.33,28,71,71,28,62601.77,62593.21,,
2026-07-09T19:39:13+08:00,btc-updown-5m-1783596900,https://polymarket.com/zh/event/btc-updown-5m-1783596900,19:35-19:40,42.00,58.00,41.00,57.00,9.00,282.29,127.79,32.00,41.50,57.50,1.00,1.00,24940.33,21674.55,21654.55,24980.33,41,58,57,42,62601.77,62594.99,,
2026-07-09T19:39:15+08:00,btc-updown-5m-1783596900,https://polymarket.com/zh/event/btc-updown-5m-1783596900,19:35-19:40,40.00,61.00,39.00,60.00,219.32,285.88,37.00,127.69,39.50,60.50,1.00,1.00,24916.99,21665.55,21680.55,24921.99,39,60,58,39,62601.77,62594.99,,
2026-07-09T19:39:17+08:00,btc-updown-5m-1783596900,https://polymarket.com/zh/event/btc-updown-5m-1783596900,19:35-19:40,43.00,58.00,42.00,57.00,58.01,192.82,206.81,57.96,42.50,57.50,1.00,1.00,25060.32,21785.55,21775.55,25045.32,42,57,57,42,62601.77,62594.99,,
2026-07-09T19:39:19+08:00,btc-updown-5m-1783596900,https://polymarket.com/zh/event/btc-updown-5m-1783596900,19:35-19:40,42.00,59.00,41.00,58.00,22.07,129.28,129.28,71.95,41.50,58.50,1.00,1.00,25081.49,21875.55,21880.55,25096.49,41,58,58,41,62601.77,62595.00,,
2026-07-09T19:39:21+08:00,btc-updown-5m-1783596900,https://polymarket.com/zh/event/btc-updown-5m-1783596900,19:35-19:40,50.00,51.00,49.00,50.00,29.90,137.51,252.23,22.90,49.50,50.50,1.00,1.00,54968.16,51865.55,51870.55,54948.16,49,50,50,49,62601.77,62598.13,,
2026-07-09T19:39:23+08:00,btc-updown-5m-1783596900,https://polymarket.com/zh/event/btc-updown-5m-1783596900,19:35-19:40,61.00,40.00,60.00,39.00,42.30,328.89,341.39,26.13,60.50,39.50,1.00,1.00,55073.82,51970.55,51985.55,55068.83,60,39,39,60,62601.77,62600.10,,
2026-07-09T19:39:25+08:00,btc-updown-5m-1783596900,https://polymarket.com/zh/event/btc-updown-5m-1783596900,19:35-19:40,56.00,45.00,55.00,44.00,54.45,5.00,24.18,4.58,55.50,44.50,1.00,1.00,55058.82,52926.46,53311.46,54925.50,55,43,43,52,62601.77,62601.77,,
2026-07-09T19:39:26+08:00,btc-updown-5m-1783596900,https://polymarket.com/zh/event/btc-updown-5m-1783596900,19:35-19:40,64.00,35.00,63.00,34.00,24.19,49.94,60.67,37.00,63.50,34.50,1.00,1.00,52860.50,55777.29,54327.29,52855.51,63,35,33,65,62601.77,62601.77,,
2026-07-09T19:39:28+08:00,btc-updown-5m-1783596900,https://polymarket.com/zh/event/btc-updown-5m-1783596900,19:35-19:40,79.00,22.00,78.00,21.00,110.76,47.97,42.97,129.43,78.50,21.50,1.00,1.00,53271.83,56747.29,56788.95,53296.83,78,21,21,78,62601.77,62607.40,,
2026-07-09T19:39:30+08:00,btc-updown-5m-1783596900,https://polymarket.com/zh/event/btc-updown-5m-1783596900,19:35-19:40,78.00,23.00,77.00,22.00,18.68,83.32,62.74,18.68,77.50,22.50,1.00,1.00,53056.83,56417.29,56462.29,53051.83,77,22,22,77,62601.77,62608.29,,
2026-07-09T19:39:32+08:00,btc-updown-5m-1783596900,https://polymarket.com/zh/event/btc-updown-5m-1783596900,19:35-19:40,81.00,27.00,80.00,26.00,366.83,15.00,99.47,34.81,80.50,26.50,1.00,1.00,52961.84,54876.46,55036.46,52941.83,71,19,22,68,62601.77,62608.29,,
2026-07-09T19:39:34+08:00,btc-updown-5m-1783596900,https://polymarket.com/zh/event/btc-updown-5m-1783596900,19:35-19:40,72.00,35.00,71.00,34.00,58.61,11.66,155.10,50.00,71.50,34.50,1.00,1.00,52956.83,55039.80,55049.80,52946.84,70,28,32,65,62601.77,62603.31,,
2026-07-09T19:39:36+08:00,btc-updown-5m-1783596900,https://polymarket.com/zh/event/btc-updown-5m-1783596900,19:35-19:40,65.00,32.00,64.00,29.00,10.99,60.00,164.24,6.80,64.50,30.50,1.00,3.00,51225.84,53223.81,53238.81,51230.84,64,33,21,66,62601.77,62603.32,,
2026-07-09T19:39:38+08:00,btc-updown-5m-1783596900,https://polymarket.com/zh/event/btc-updown-5m-1783596900,19:35-19:40,96.00,5.00,95.00,4.00,508.82,170.00,94.14,469.29,95.50,4.50,1.00,1.00,20921.00,16504.39,16454.86,20917.00,95,4,4,95,62601.77,62612.93,,
2026-07-09T19:39:40+08:00,btc-updown-5m-1783596900,https://polymarket.com/zh/event/btc-updown-5m-1783596900,19:35-19:40,98.00,3.00,97.00,2.00,675.06,1157.09,1103.66,470.06,97.50,2.50,1.00,1.00,20829.00,3903.29,3188.29,20824.00,97,2,2,97,62601.77,62625.10,,
2026-07-09T19:39:42+08:00,btc-updown-5m-1783596900,https://polymarket.com/zh/event/btc-updown-5m-1783596900,19:35-19:40,,1.00,99.00,,,873.90,700.08,,,,,,20771.48,,,20761.48,99,0,0,99,62601.77,62630.36,,
2026-07-09T19:39:44+08:00,btc-updown-5m-1783596900,https://polymarket.com/zh/event/btc-updown-5m-1783596900,19:35-19:40,99.00,2.00,98.00,1.00,548.68,805.79,837.94,531.67,98.50,1.50,1.00,1.00,21178.98,548.68,531.67,21283.98,98,1,1,98,62601.77,62632.14,,
2026-07-09T19:39:46+08:00,btc-updown-5m-1783596900,https://polymarket.com/zh/event/btc-updown-5m-1783596900,19:35-19:40,,1.00,99.00,,,123.55,249.38,,,,,,17785.39,,,17770.39,99,0,0,99,62601.77,62626.14,,
2026-07-09T19:39:47+08:00,btc-updown-5m-1783596900,https://polymarket.com/zh/event/btc-updown-5m-1783596900,19:35-19:40,,1.00,99.00,,,1061.46,1061.46,,,,,,17769.39,,,17754.39,99,0,0,99,62601.77,62618.09,,
2026-07-09T19:39:49+08:00,btc-updown-5m-1783596900,https://polymarket.com/zh/event/btc-updown-5m-1783596900,19:35-19:40,,1.00,99.00,,,1151.64,2151.64,,,,,,17534.39,,,17539.39,76,0,0,76,62601.77,62618.09,,
2026-07-09T19:39:51+08:00,btc-updown-5m-1783596900,https://polymarket.com/zh/event/btc-updown-5m-1783596900,19:35-19:40,97.00,1.00,96.00,,34.00,12.00,20.00,,96.50,,1.00,,11889.39,39.00,,11879.40,73,2,0,75,62601.77,62618.09,,
2026-07-09T19:39:53+08:00,btc-updown-5m-1783596900,https://polymarket.com/zh/event/btc-updown-5m-1783596900,19:35-19:40,,1.00,99.00,,,3656.72,3661.72,,,,,,11884.39,,,11889.39,78,0,0,78,62601.77,62618.09,,
2026-07-09T19:39:55+08:00,btc-updown-5m-1783596900,https://polymarket.com/zh/event/btc-updown-5m-1783596900,19:35-19:40,,1.00,99.00,,,10935.08,10542.89,,,,,,11684.40,,,11539.40,77,0,0,73,62601.77,62618.09,,
2026-07-09T19:39:57+08:00,btc-updown-5m-1783596900,https://polymarket.com/zh/event/btc-updown-5m-1783596900,19:35-19:40,,1.00,99.00,,,13377.29,13354.24,,,,,,12534.39,,,12549.40,73,0,0,73,62601.77,62618.09,,
2026-07-09T19:39:59+08:00,btc-updown-5m-1783596900,https://polymarket.com/zh/event/btc-updown-5m-1783596900,19:35-19:40,,1.00,99.00,,,24723.98,24411.99,,,,,,13511.04,,,13401.04,83,0,0,82,62601.77,62618.09,,
2026-07-09T19:40:01+08:00,btc-updown-5m-1783597200,https://polymarket.com/zh/event/btc-updown-5m-1783597200,19:40-19:45,51.00,50.00,50.00,49.00,114.26,269.35,102.90,114.26,50.50,49.50,1.00,1.00,19275.56,16982.73,17087.73,19285.56,50,49,49,50,62618.09,62618.09,,
2026-07-09T19:40:03+08:00,btc-updown-5m-1783597200,https://polymarket.com/zh/event/btc-updown-5m-1783597200,19:40-19:45,50.00,51.00,49.00,50.00,443.93,91.86,86.86,573.93,49.50,50.50,1.00,1.00,19655.66,17857.84,18051.84,19885.66,49,50,50,49,62618.09,62618.09,,
2026-07-09T19:40:05+08:00,btc-updown-5m-1783597200,https://polymarket.com/zh/event/btc-updown-5m-1783597200,19:40-19:45,51.00,50.00,50.00,49.00,515.40,241.51,276.87,527.24,50.50,49.50,1.00,1.00,20564.66,18280.84,18375.84,20569.66,50,49,49,50,62618.09,62618.10,,
2026-07-09T19:40:06+08:00,btc-updown-5m-1783597200,https://polymarket.com/zh/event/btc-updown-5m-1783597200,19:40-19:45,46.00,57.00,45.00,55.00,949.97,44.66,15.90,603.59,45.50,56.00,1.00,2.00,20489.66,18380.84,18391.85,20479.66,45,54,55,43,62618.09,62610.20,,
2026-07-09T19:40:08+08:00,btc-updown-5m-1783597200,https://polymarket.com/zh/event/btc-updown-5m-1783597200,19:40-19:45,45.00,56.00,44.00,55.00,488.05,125.13,125.13,479.71,44.50,55.50,1.00,1.00,19495.66,18386.85,18406.84,19510.66,44,55,55,44,62618.09,62610.20,,
2026-07-09T19:40:10+08:00,btc-updown-5m-1783597200,https://polymarket.com/zh/event/btc-updown-5m-1783597200,19:40-19:45,45.00,56.00,44.00,55.00,375.99,164.72,164.72,394.43,44.50,55.50,1.00,1.00,19655.36,17561.54,17577.54,19680.36,44,55,55,44,62618.09,62610.21,,
2026-07-09T19:40:12+08:00,btc-updown-5m-1783597200,https://polymarket.com/zh/event/btc-updown-5m-1783597200,19:40-19:45,44.00,59.00,42.00,58.00,808.69,66.00,13.00,613.99,43.00,58.50,2.00,1.00,19665.36,17576.55,17566.55,19680.36,42,56,58,41,62618.09,62610.20,,
2026-07-09T19:40:14+08:00,btc-updown-5m-1783597200,https://polymarket.com/zh/event/btc-updown-5m-1783597200,19:40-19:45,42.00,59.00,41.00,58.00,726.29,208.61,213.61,710.45,41.50,58.50,1.00,1.00,20485.96,17980.55,17981.54,20590.16,41,58,58,41,62618.09,62603.98,,
2026-07-09T19:40:16+08:00,btc-updown-5m-1783597200,https://polymarket.com/zh/event/btc-updown-5m-1783597200,19:40-19:45,42.00,59.00,41.00,58.00,679.26,189.62,189.62,708.19,41.50,58.50,1.00,1.00,20792.69,18316.14,18325.14,20727.69,41,58,58,41,62618.09,62603.98,,
2026-07-09T19:40:18+08:00,btc-updown-5m-1783597200,https://polymarket.com/zh/event/btc-updown-5m-1783597200,19:40-19:45,42.00,59.00,41.00,58.00,681.12,475.70,445.70,672.49,41.50,58.50,1.00,1.00,20412.69,18204.54,18203.54,20432.69,41,58,58,41,62618.09,62603.98,,
2026-07-09T19:40:20+08:00,btc-updown-5m-1783597200,https://polymarket.com/zh/event/btc-updown-5m-1783597200,19:40-19:45,41.00,60.00,40.00,59.00,491.47,519.60,492.15,427.10,40.50,59.50,1.00,1.00,20526.63,18193.54,18154.54,20497.63,40,59,59,40,62618.09,62603.98,,
2026-07-09T19:40:22+08:00,btc-updown-5m-1783597200,https://polymarket.com/zh/event/btc-updown-5m-1783597200,19:40-19:45,41.00,60.00,40.00,59.00,657.66,551.22,526.22,663.66,40.50,59.50,1.00,1.00,20821.89,19339.35,19313.34,20816.89,40,59,59,40,62618.09,62603.98,,
2026-07-09T19:40:24+08:00,btc-updown-5m-1783597200,https://polymarket.com/zh/event/btc-updown-5m-1783597200,19:40-19:45,41.00,60.00,40.00,59.00,878.46,5.00,10.00,955.26,40.50,59.50,1.00,1.00,23144.49,19407.64,19407.64,23144.49,40,59,59,40,62618.09,62592.00,,
2026-07-09T19:40:26+08:00,btc-updown-5m-1783597200,https://polymarket.com/zh/event/btc-updown-5m-1783597200,19:40-19:45,37.00,67.00,33.00,63.00,14.58,189.27,189.27,14.58,35.00,65.00,4.00,4.00,23118.52,19368.65,19368.65,23118.52,33,63,63,33,62618.09,62598.80,,
2026-07-09T19:40:28+08:00,btc-updown-5m-1783597200,https://polymarket.com/zh/event/btc-updown-5m-1783597200,19:40-19:45,36.00,65.00,35.00,64.00,74.79,414.26,414.26,74.79,35.50,64.50,1.00,1.00,23604.61,19641.04,19651.04,23584.61,35,64,64,35,62618.09,62601.48,,
2026-07-09T19:40:29+08:00,btc-updown-5m-1783597200,https://polymarket.com/zh/event/btc-updown-5m-1783597200,19:40-19:45,33.00,68.00,32.00,67.00,192.37,749.06,749.06,192.37,32.50,67.50,1.00,1.00,23787.52,19661.04,19646.05,23812.52,32,67,67,32,62618.09,62594.91,,
2026-07-09T19:40:31+08:00,btc-updown-5m-1783597200,https://polymarket.com/zh/event/btc-updown-5m-1783597200,19:40-19:45,33.00,68.00,32.00,67.00,126.23,553.32,548.98,126.23,32.50,67.50,1.00,1.00,23227.52,19183.05,19182.04,23232.52,32,67,67,32,62618.09,62599.83,,
2026-07-09T19:40:33+08:00,btc-updown-5m-1783597200,https://polymarket.com/zh/event/btc-updown-5m-1783597200,19:40-19:45,32.00,69.00,31.00,68.00,269.00,582.52,572.86,289.00,31.50,68.50,1.00,1.00,23167.52,19162.04,19182.04,23177.52,31,68,68,31,62618.09,62599.83,,
2026-07-09T19:40:35+08:00,btc-updown-5m-1783597200,https://polymarket.com/zh/event/btc-updown-5m-1783597200,19:40-19:45,32.00,69.00,31.00,68.00,288.85,459.01,459.01,313.85,31.50,68.50,1.00,1.00,23207.52,19178.05,19183.05,23207.52,31,68,68,31,62618.09,62598.35,,
2026-07-09T19:40:37+08:00,btc-updown-5m-1783597200,https://polymarket.com/zh/event/btc-updown-5m-1783597200,19:40-19:45,32.00,69.00,31.00,68.00,183.85,437.34,442.42,177.60,31.50,68.50,1.00,1.00,23222.52,19302.04,19298.04,23217.52,31,68,68,31,62618.09,62598.35,,
2026-07-09T19:40:39+08:00,btc-updown-5m-1783597200,https://polymarket.com/zh/event/btc-updown-5m-1783597200,19:40-19:45,32.00,69.00,31.00,68.00,305.99,151.62,241.62,384.08,31.50,68.50,1.00,1.00,23289.52,19302.04,19318.04,23294.52,31,68,68,31,62618.09,62598.35,,
2026-07-09T19:40:41+08:00,btc-updown-5m-1783597200,https://polymarket.com/zh/event/btc-updown-5m-1783597200,19:40-19:45,32.00,69.00,31.00,68.00,1757.52,21.69,56.69,1747.52,31.50,68.50,1.00,1.00,23334.52,19232.05,19297.04,23319.52,31,68,68,31,62618.09,62598.36,,
2026-07-09T19:40:43+08:00,btc-updown-5m-1783597200,https://polymarket.com/zh/event/btc-updown-5m-1783597200,19:40-19:45,31.00,70.00,30.00,69.00,990.39,96.13,96.13,1024.97,30.50,69.50,1.00,1.00,23265.52,19386.04,19392.05,23270.52,30,69,69,30,62618.09,62595.22,,
2026-07-09T19:40:44+08:00,btc-updown-5m-1783597200,https://polymarket.com/zh/event/btc-updown-5m-1783597200,19:40-19:45,31.00,70.00,30.00,69.00,1110.20,293.23,293.23,1072.30,30.50,69.50,1.00,1.00,23260.52,19371.04,19386.04,23255.52,30,69,69,30,62618.09,62592.13,,
2026-07-09T19:40:46+08:00,btc-updown-5m-1783597200,https://polymarket.com/zh/event/btc-updown-5m-1783597200,19:40-19:45,31.00,70.00,30.00,69.00,258.92,388.99,388.99,258.92,30.50,69.50,1.00,1.00,23227.19,19196.04,19222.04,23232.19,30,69,69,30,62618.09,62593.68,,
2026-07-09T19:40:48+08:00,btc-updown-5m-1783597200,https://polymarket.com/zh/event/btc-updown-5m-1783597200,19:40-19:45,31.00,70.00,30.00,69.00,133.67,651.56,651.56,133.67,30.50,69.50,1.00,1.00,23240.19,19175.04,19154.05,23250.19,30,69,69,30,62618.09,62593.68,,
2026-07-09T19:40:50+08:00,btc-updown-5m-1783597200,https://polymarket.com/zh/event/btc-updown-5m-1783597200,19:40-19:45,31.00,70.00,30.00,69.00,152.54,582.04,639.18,157.54,30.50,69.50,1.00,1.00,23255.19,19170.04,19180.04,23235.19,30,69,69,30,62618.09,62593.68,,
2026-07-09T19:40:52+08:00,btc-updown-5m-1783597200,https://polymarket.com/zh/event/btc-updown-5m-1783597200,19:40-19:45,31.00,70.00,30.00,69.00,464.93,396.03,396.03,464.93,30.50,69.50,1.00,1.00,22545.19,18556.04,18460.04,22535.19,30,69,69,30,62618.09,62593.68,,
2026-07-09T19:40:54+08:00,btc-updown-5m-1783597200,https://polymarket.com/zh/event/btc-updown-5m-1783597200,19:40-19:45,30.00,71.00,29.00,70.00,1108.72,182.18,288.32,1411.46,29.50,70.50,1.00,1.00,22670.19,18603.04,18593.04,22660.19,29,70,70,29,62618.09,62593.68,,
2026-07-09T19:40:56+08:00,btc-updown-5m-1783597200,https://polymarket.com/zh/event/btc-updown-5m-1783597200,19:40-19:45,24.00,78.00,22.00,77.00,84.83,10.08,157.36,78.32,23.00,77.50,2.00,1.00,22720.19,18618.06,18249.05,22640.19,22,76,77,22,62618.09,62583.61,,
2026-07-09T19:40:58+08:00,btc-updown-5m-1783597200,https://polymarket.com/zh/event/btc-updown-5m-1783597200,19:40-19:45,22.00,79.00,21.00,78.00,323.38,394.62,411.96,318.38,21.50,78.50,1.00,1.00,23383.19,18245.04,18249.04,23388.19,21,78,78,21,62618.09,62583.08,,
2026-07-09T19:40:59+08:00,btc-updown-5m-1783597200,https://polymarket.com/zh/event/btc-updown-5m-1783597200,19:40-19:45,22.00,79.00,21.00,78.00,478.95,201.64,226.64,510.04,21.50,78.50,1.00,1.00,23425.84,18239.04,18240.04,23425.84,21,78,78,21,62618.09,62583.08,,
2026-07-09T19:41:01+08:00,btc-updown-5m-1783597200,https://polymarket.com/zh/event/btc-updown-5m-1783597200,19:40-19:45,21.00,80.00,20.00,79.00,700.24,366.45,437.00,985.97,20.50,79.50,1.00,1.00,23752.84,19199.05,24466.06,24485.64,19,79,79,19,62618.09,62575.70,,
2026-07-09T19:41:03+08:00,btc-updown-5m-1783597200,https://polymarket.com/zh/event/btc-updown-5m-1783597200,19:40-19:45,20.00,81.00,19.00,80.00,775.26,5.83,5.83,775.26,19.50,80.50,1.00,1.00,24240.42,24881.04,24876.04,24245.42,19,80,80,19,62618.09,62575.70,,
2026-07-09T19:41:05+08:00,btc-updown-5m-1783597200,https://polymarket.com/zh/event/btc-updown-5m-1783597200,19:40-19:45,18.00,83.00,17.00,82.00,1735.57,28.12,38.12,1477.90,17.50,82.50,1.00,1.00,25327.24,24886.04,24887.05,25332.24,17,82,82,17,62618.09,62575.70,,
2026-07-09T19:41:07+08:00,btc-updown-5m-1783597200,https://polymarket.com/zh/event/btc-updown-5m-1783597200,19:40-19:45,17.00,85.00,16.00,84.00,1366.96,862.95,2.63,787.47,16.50,84.50,1.00,1.00,24458.24,24716.04,24726.04,24358.24,16,83,84,15,62618.09,62572.58,,
2026-07-09T19:41:09+08:00,btc-updown-5m-1783597200,https://polymarket.com/zh/event/btc-updown-5m-1783597200,19:40-19:45,17.00,84.00,16.00,83.00,14.11,964.16,957.25,5.11,16.50,83.50,1.00,1.00,23661.42,24731.05,24726.05,23636.42,16,83,83,16,62618.09,62574.15,,
2026-07-09T19:41:11+08:00,btc-updown-5m-1783597200,https://polymarket.com/zh/event/btc-updown-5m-1783597200,19:40-19:45,17.00,84.00,16.00,83.00,65.10,721.97,742.97,45.10,16.50,83.50,1.00,1.00,22726.02,24501.04,24501.04,22641.42,16,83,83,16,62618.09,62577.99,,
2026-07-09T19:41:13+08:00,btc-updown-5m-1783597200,https://polymarket.com/zh/event/btc-updown-5m-1783597200,19:40-19:45,17.00,84.00,16.00,83.00,12.00,765.26,660.93,12.00,16.50,83.50,1.00,1.00,21344.02,24351.05,24351.05,21344.02,16,83,83,16,62618.09,62584.20,,
2026-07-09T19:41:15+08:00,btc-updown-5m-1783597200,https://polymarket.com/zh/event/btc-updown-5m-1783597200,19:40-19:45,28.00,77.00,24.00,74.00,82.06,75.28,10.00,6.80,26.00,75.50,4.00,3.00,23612.84,24360.66,24360.66,23662.84,24,72,74,23,62618.09,62588.31,,
2026-07-09T19:41:17+08:00,btc-updown-5m-1783597200,https://polymarket.com/zh/event/btc-updown-5m-1783597200,19:40-19:45,25.00,76.00,24.00,75.00,776.86,81.63,180.45,766.14,24.50,75.50,1.00,1.00,21281.84,24312.65,24312.66,21208.84,24,75,75,24,62618.09,62585.93,,
2026-07-09T19:41:19+08:00,btc-updown-5m-1783597200,https://polymarket.com/zh/event/btc-updown-5m-1783597200,19:40-19:45,26.00,75.00,25.00,74.00,369.50,855.80,861.02,365.65,25.50,74.50,1.00,1.00,21208.84,24296.65,24312.65,21208.84,25,74,74,25,62618.09,62585.92,,
2026-07-09T19:41:20+08:00,btc-updown-5m-1783597200,https://polymarket.com/zh/event/btc-updown-5m-1783597200,19:40-19:45,27.00,74.00,26.00,73.00,36.92,553.92,553.92,29.51,26.50,73.50,1.00,1.00,21213.84,24296.65,24302.65,21213.84,26,73,73,26,62618.09,62591.28,,
2026-07-09T19:41:22+08:00,btc-updown-5m-1783597200,https://polymarket.com/zh/event/btc-updown-5m-1783597200,19:40-19:45,28.00,73.00,27.00,72.00,1110.20,135.99,135.99,1110.20,27.50,72.50,1.00,1.00,21213.84,24269.93,24279.93,21213.84,27,72,72,27,62618.09,62591.28,,
2026-07-09T19:41:24+08:00,btc-updown-5m-1783597200,https://polymarket.com/zh/event/btc-updown-5m-1783597200,19:40-19:45,25.00,76.00,24.00,75.00,315.94,208.99,180.88,315.94,24.50,75.50,1.00,1.00,23508.84,24362.89,24382.89,23508.84,24,75,75,24,62618.09,62591.28,,
2026-07-09T19:41:26+08:00,btc-updown-5m-1783597200,https://polymarket.com/zh/event/btc-updown-5m-1783597200,19:40-19:45,25.00,76.00,24.00,75.00,412.23,178.39,202.88,412.23,24.50,75.50,1.00,1.00,23533.84,24367.89,24366.90,23233.84,24,75,75,24,62618.09,62591.28,,
2026-07-09T19:41:28+08:00,btc-updown-5m-1783597200,https://polymarket.com/zh/event/btc-updown-5m-1783597200,19:40-19:45,25.00,76.00,24.00,75.00,534.33,84.00,136.64,799.65,24.50,75.50,1.00,1.00,23828.84,24286.89,24286.89,23828.84,24,75,75,24,62618.09,62588.00,,
2026-07-09T19:41:30+08:00,btc-updown-5m-1783597200,https://polymarket.com/zh/event/btc-updown-5m-1783597200,19:40-19:45,24.00,77.00,23.00,76.00,83.77,1029.02,1079.02,83.77,23.50,76.50,1.00,1.00,23696.84,24313.89,24302.89,23730.84,23,76,76,23,62618.09,62589.59,,
2026-07-09T19:41:32+08:00,btc-updown-5m-1783597200,https://polymarket.com/zh/event/btc-updown-5m-1783597200,19:40-19:45,25.00,75.00,24.00,74.00,607.22,694.36,203.49,581.40,24.50,74.50,1.00,1.00,23390.22,23898.89,23842.90,23395.22,24,75,74,25,62618.09,62586.79,,
2026-07-09T19:41:34+08:00,btc-updown-5m-1783597200,https://polymarket.com/zh/event/btc-updown-5m-1783597200,19:40-19:45,26.00,75.00,25.00,74.00,1489.13,278.14,300.83,1489.13,25.50,74.50,1.00,1.00,22701.84,23892.89,23897.89,22701.84,25,74,74,25,62618.09,62585.92,,
2026-07-09T19:41:36+08:00,btc-updown-5m-1783597200,https://polymarket.com/zh/event/btc-updown-5m-1783597200,19:40-19:45,22.00,84.00,16.00,78.00,74.51,57.21,57.21,51.78,19.00,81.00,6.00,6.00,21353.84,23927.90,23917.90,21363.84,16,78,78,16,62618.09,62574.32,,
2026-07-09T19:41:38+08:00,btc-updown-5m-1783597200,https://polymarket.com/zh/event/btc-updown-5m-1783597200,19:40-19:45,16.00,85.00,15.00,84.00,73.99,104.00,104.00,174.99,15.50,84.50,1.00,1.00,21455.90,23912.90,23912.91,21821.90,15,84,84,15,62618.09,62569.18,,
2026-07-09T19:41:39+08:00,btc-updown-5m-1783597200,https://polymarket.com/zh/event/btc-updown-5m-1783597200,19:40-19:45,14.00,87.00,13.00,86.00,851.19,13.24,18.24,899.89,13.50,86.50,1.00,1.00,21756.50,23907.90,23898.90,21237.26,13,86,86,13,62618.09,62567.04,,
2026-07-09T19:41:41+08:00,btc-updown-5m-1783597200,https://polymarket.com/zh/event/btc-updown-5m-1783597200,19:40-19:45,13.00,88.00,12.00,87.00,186.32,497.03,502.03,176.32,12.50,87.50,1.00,1.00,23068.51,23898.89,23887.89,23073.51,12,87,87,12,62618.09,62565.92,,
2026-07-09T19:41:43+08:00,btc-updown-5m-1783597200,https://polymarket.com/zh/event/btc-updown-5m-1783597200,19:40-19:45,13.00,88.00,12.00,87.00,324.43,307.93,307.93,336.75,12.50,87.50,1.00,1.00,22364.03,23808.89,23802.90,22369.03,12,87,87,12,62618.09,62563.65,,
2026-07-09T19:41:45+08:00,btc-updown-5m-1783597200,https://polymarket.com/zh/event/btc-updown-5m-1783597200,19:40-19:45,13.00,88.00,12.00,87.00,91.00,809.56,826.90,61.00,12.50,87.50,1.00,1.00,22756.51,23792.89,23798.89,22996.51,12,87,87,12,62618.09,62563.65,,
2026-07-09T19:41:47+08:00,btc-updown-5m-1783597200,https://polymarket.com/zh/event/btc-updown-5m-1783597200,19:40-19:45,12.00,89.00,11.00,88.00,50.00,227.17,150.86,277.25,11.50,88.50,1.00,1.00,21968.54,23798.89,23813.90,21908.84,11,88,88,11,62618.09,62560.93,,
2026-07-09T19:41:49+08:00,btc-updown-5m-1783597200,https://polymarket.com/zh/event/btc-updown-5m-1783597200,19:40-19:45,14.00,87.00,13.00,86.00,1107.37,57.88,57.88,1112.37,13.50,86.50,1.00,1.00,21987.07,23812.89,23792.89,21982.07,13,86,86,13,62618.09,62563.65,,
2026-07-09T19:41:51+08:00,btc-updown-5m-1783597200,https://polymarket.com/zh/event/btc-updown-5m-1783597200,19:40-19:45,13.00,88.00,12.00,87.00,98.42,1051.08,1051.08,95.72,12.50,87.50,1.00,1.00,21914.51,23807.89,23738.89,21914.51,12,87,87,12,62618.09,62563.65,,
2026-07-09T19:41:53+08:00,btc-updown-5m-1783597200,https://polymarket.com/zh/event/btc-updown-5m-1783597200,19:40-19:45,14.00,87.00,13.00,86.00,273.14,1147.77,1153.12,263.14,13.50,86.50,1.00,1.00,22143.40,23732.89,23722.89,22172.57,13,86,86,13,62618.09,62565.22,,
2026-07-09T19:41:55+08:00,btc-updown-5m-1783597200,https://polymarket.com/zh/event/btc-updown-5m-1783597200,19:40-19:45,14.00,87.00,13.00,86.00,161.92,1103.92,1122.91,161.92,13.50,86.50,1.00,1.00,21912.57,23717.89,23733.89,21917.57,13,86,86,13,62618.09,62568.87,,
2026-07-09T19:41:57+08:00,btc-updown-5m-1783597200,https://polymarket.com/zh/event/btc-updown-5m-1783597200,19:40-19:45,14.00,87.00,13.00,86.00,283.46,848.57,823.57,278.46,13.50,86.50,1.00,1.00,22137.87,23738.90,23717.89,22137.87,13,86,86,13,62618.09,62568.87,,
2026-07-09T19:41:58+08:00,btc-updown-5m-1783597200,https://polymarket.com/zh/event/btc-updown-5m-1783597200,19:40-19:45,16.00,85.00,15.00,84.00,1463.57,46.88,48.06,1368.56,15.50,84.50,1.00,1.00,21342.86,23807.89,23803.90,21505.11,15,84,84,15,62618.09,62568.87,,
2026-07-09T19:42:00+08:00,btc-updown-5m-1783597200,https://polymarket.com/zh/event/btc-updown-5m-1783597200,19:40-19:45,19.00,82.00,18.00,81.00,44.60,877.15,768.06,60.83,18.50,81.50,1.00,1.00,23526.01,23707.90,23699.90,23516.01,18,81,81,18,62618.09,62572.94,,
2026-07-09T19:42:02+08:00,btc-updown-5m-1783597200,https://polymarket.com/zh/event/btc-updown-5m-1783597200,19:40-19:45,21.00,80.00,20.00,77.00,23.80,767.35,540.35,179.12,20.50,78.50,1.00,3.00,22040.11,23637.90,23627.90,22356.84,20,79,77,20,62618.09,62582.15,,
2026-07-09T19:42:04+08:00,btc-updown-5m-1783597200,https://polymarket.com/zh/event/btc-updown-5m-1783597200,19:40-19:45,25.00,76.00,24.00,75.00,63.91,834.50,767.20,23.68,24.50,75.50,1.00,1.00,21681.49,23608.90,23608.89,21681.49,24,75,75,24,62618.09,62585.47,,
2026-07-09T19:42:06+08:00,btc-updown-5m-1783597200,https://polymarket.com/zh/event/btc-updown-5m-1783597200,19:40-19:45,24.00,77.00,23.00,76.00,633.59,277.16,282.16,628.59,23.50,76.50,1.00,1.00,21526.49,23612.90,23602.89,21526.49,23,76,76,23,62618.09,62586.01,,
2026-07-09T19:42:08+08:00,btc-updown-5m-1783597200,https://polymarket.com/zh/event/btc-updown-5m-1783597200,19:40-19:45,24.00,77.00,23.00,76.00,720.46,44.39,79.36,730.46,23.50,76.50,1.00,1.00,22520.10,23603.89,23602.90,22010.10,23,76,76,23,62618.09,62587.26,,
2026-07-09T19:42:10+08:00,btc-updown-5m-1783597200,https://polymarket.com/zh/event/btc-updown-5m-1783597200,19:40-19:45,24.00,78.00,22.00,76.00,780.85,54.22,54.22,780.85,23.00,77.00,2.00,2.00,22515.10,23608.89,23618.90,22825.10,22,76,76,22,62618.09,62585.70,,
2026-07-09T19:42:12+08:00,btc-updown-5m-1783597200,https://polymarket.com/zh/event/btc-updown-5m-1783597200,19:40-19:45,22.00,79.00,21.00,78.00,461.73,53.37,57.69,466.82,21.50,78.50,1.00,1.00,23415.10,23672.89,23682.89,23420.10,21,78,78,21,62618.09,62585.70,,
2026-07-09T19:42:14+08:00,btc-updown-5m-1783597200,https://polymarket.com/zh/event/btc-updown-5m-1783597200,19:40-19:45,22.00,79.00,21.00,78.00,375.47,140.37,206.37,380.47,21.50,78.50,1.00,1.00,22845.10,23687.90,23667.89,22845.10,21,78,78,21,62618.09,62585.70,,
2026-07-09T19:42:15+08:00,btc-updown-5m-1783597200,https://polymarket.com/zh/event/btc-updown-5m-1783597200,19:40-19:45,21.00,80.00,20.00,79.00,225.79,517.45,448.89,178.79,20.50,79.50,1.00,1.00,21963.10,23678.89,23687.90,21963.10,20,79,79,20,62618.09,62585.69,,
2026-07-09T19:42:17+08:00,btc-updown-5m-1783597200,https://polymarket.com/zh/event/btc-updown-5m-1783597200,19:40-19:45,22.00,79.00,21.00,78.00,197.72,328.47,328.47,197.72,21.50,78.50,1.00,1.00,22025.10,23597.89,23597.89,22025.10,21,78,78,21,62618.09,62585.68,,
2026-07-09T19:42:19+08:00,btc-updown-5m-1783597200,https://polymarket.com/zh/event/btc-updown-5m-1783597200,19:40-19:45,22.00,79.00,21.00,78.00,293.99,264.56,244.56,194.14,21.50,78.50,1.00,1.00,21605.10,23623.90,23623.90,21605.10,21,78,78,21,62618.09,62587.26,,
2026-07-09T19:42:21+08:00,btc-updown-5m-1783597200,https://polymarket.com/zh/event/btc-updown-5m-1783597200,19:40-19:45,23.00,78.00,22.00,77.00,45.85,576.31,536.25,60.27,22.50,77.50,1.00,1.00,21660.10,23617.90,23617.90,21660.10,22,77,77,22,62618.09,62587.26,,
2026-07-09T19:42:23+08:00,btc-updown-5m-1783597200,https://polymarket.com/zh/event/btc-updown-5m-1783597200,19:40-19:45,25.00,76.00,24.00,75.00,478.71,313.87,313.87,460.03,24.50,75.50,1.00,1.00,22705.10,23597.89,23618.90,22710.10,24,75,75,24,62618.09,62587.26,,
2026-07-09T19:42:25+08:00,btc-updown-5m-1783597200,https://polymarket.com/zh/event/btc-updown-5m-1783597200,19:40-19:45,25.00,76.00,24.00,75.00,787.50,55.00,55.00,760.07,24.50,75.50,1.00,1.00,23160.10,23618.89,23602.89,23150.10,24,75,75,24,62618.09,62587.26,,
2026-07-09T19:42:27+08:00,btc-updown-5m-1783597200,https://polymarket.com/zh/event/btc-updown-5m-1783597200,19:40-19:45,24.00,77.00,23.00,76.00,62.14,770.05,552.82,73.59,23.50,76.50,1.00,1.00,22030.10,23673.89,23592.89,22035.10,23,76,76,23,62618.09,62587.26,,
2026-07-09T19:42:29+08:00,btc-updown-5m-1783597200,https://polymarket.com/zh/event/btc-updown-5m-1783597200,19:40-19:45,25.00,76.00,24.00,75.00,868.78,58.29,58.29,775.18,24.50,75.50,1.00,1.00,22630.10,23517.90,23522.89,22580.10,24,75,75,24,62618.09,62588.73,,
2026-07-09T19:42:30+08:00,btc-updown-5m-1783597200,https://polymarket.com/zh/event/btc-updown-5m-1783597200,19:40-19:45,24.00,77.00,23.00,76.00,350.38,84.42,35.00,316.73,23.50,76.50,1.00,1.00,22374.60,23471.22,23476.22,22374.60,23,76,76,23,62618.09,62591.22,,
2026-07-09T19:42:32+08:00,btc-updown-5m-1783597200,https://polymarket.com/zh/event/btc-updown-5m-1783597200,19:40-19:45,30.00,71.00,29.00,70.00,335.64,640.16,464.65,363.23,29.50,70.50,1.00,1.00,21531.34,23421.38,23420.38,22258.09,29,70,70,29,62618.09,62595.26,,
2026-07-09T19:42:34+08:00,btc-updown-5m-1783597200,https://polymarket.com/zh/event/btc-updown-5m-1783597200,19:40-19:45,30.00,71.00,29.00,70.00,707.30,274.42,274.42,707.30,29.50,70.50,1.00,1.00,22058.09,23315.37,23320.37,22058.09,29,70,70,29,62618.09,62598.51,,
2026-07-09T19:42:36+08:00,btc-updown-5m-1783597200,https://polymarket.com/zh/event/btc-updown-5m-1783597200,19:40-19:45,30.00,71.00,29.00,70.00,755.85,86.99,86.99,760.85,29.50,70.50,1.00,1.00,22058.09,23331.37,23346.38,22053.09,29,70,70,29,62618.09,62599.31,,
2026-07-09T19:42:38+08:00,btc-updown-5m-1783597200,https://polymarket.com/zh/event/btc-updown-5m-1783597200,19:40-19:45,30.00,71.00,29.00,70.00,60.79,320.72,674.26,357.77,29.50,70.50,1.00,1.00,21288.34,23328.10,23354.10,21293.34,29,70,70,29,62618.09,62601.73,,
2026-07-09T19:42:40+08:00,btc-updown-5m-1783597200,https://polymarket.com/zh/event/btc-updown-5m-1783597200,19:40-19:45,30.00,71.00,29.00,70.00,74.03,466.80,512.61,134.06,29.50,70.50,1.00,1.00,21293.34,23382.10,23377.10,21293.34,29,70,70,29,62618.09,62601.73,,
2026-07-09T19:42:42+08:00,btc-updown-5m-1783597200,https://polymarket.com/zh/event/btc-updown-5m-1783597200,19:40-19:45,30.00,71.00,29.00,70.00,270.36,248.49,325.95,330.39,29.50,70.50,1.00,1.00,21218.34,23457.10,23382.11,21218.34,29,70,70,29,62618.09,62601.73,,
2026-07-09T19:42:43+08:00,btc-updown-5m-1783597200,https://polymarket.com/zh/event/btc-updown-5m-1783597200,19:40-19:45,28.00,73.00,27.00,72.00,303.87,629.82,640.35,144.64,27.50,72.50,1.00,1.00,21338.34,23382.10,23378.10,21343.34,27,72,72,27,62618.09,62601.73,,
2026-07-09T19:42:45+08:00,btc-updown-5m-1783597200,https://polymarket.com/zh/event/btc-updown-5m-1783597200,19:40-19:45,31.00,70.00,30.00,69.00,35.00,463.06,446.94,26.00,30.50,69.50,1.00,1.00,21505.04,23565.81,23554.80,21505.04,30,69,69,30,62618.09,62601.73,,
2026-07-09T19:42:47+08:00,btc-updown-5m-1783597200,https://polymarket.com/zh/event/btc-updown-5m-1783597200,19:40-19:45,31.00,70.00,30.00,69.00,697.30,52.80,55.00,681.65,30.50,69.50,1.00,1.00,21481.10,23629.80,23624.80,21471.10,30,69,69,30,62618.09,62601.73,,
2026-07-09T19:42:49+08:00,btc-updown-5m-1783597200,https://polymarket.com/zh/event/btc-updown-5m-1783597200,19:40-19:45,27.00,74.00,26.00,73.00,661.55,116.79,116.79,666.78,26.50,73.50,1.00,1.00,21304.40,23414.10,23408.10,21304.40,26,73,73,26,62618.09,62601.15,,
2026-07-09T19:42:51+08:00,btc-updown-5m-1783597200,https://polymarket.com/zh/event/btc-updown-5m-1783597200,19:40-19:45,21.00,77.00,20.00,76.00,15.43,29.00,2365.42,297.24,20.50,76.50,1.00,1.00,21952.15,23429.10,23403.10,21952.15,20,79,76,23,62618.09,62591.99,,
2026-07-09T19:42:53+08:00,btc-updown-5m-1783597200,https://polymarket.com/zh/event/btc-updown-5m-1783597200,19:40-19:45,24.00,77.00,23.00,76.00,450.95,261.44,226.61,420.95,23.50,76.50,1.00,1.00,21192.40,23418.10,23413.10,21187.40,23,76,76,23,62618.09,62595.47,,
2026-07-09T19:42:55+08:00,btc-updown-5m-1783597200,https://polymarket.com/zh/event/btc-updown-5m-1783597200,19:40-19:45,24.00,77.00,23.00,76.00,441.11,206.85,206.85,401.94,23.50,76.50,1.00,1.00,21288.55,23433.11,23408.10,21283.55,23,76,76,23,62618.09,62595.47,,
2026-07-09T19:42:57+08:00,btc-updown-5m-1783597200,https://polymarket.com/zh/event/btc-updown-5m-1783597200,19:40-19:45,24.00,77.00,23.00,76.00,357.41,207.01,207.01,357.41,23.50,76.50,1.00,1.00,19883.55,23429.11,23418.10,19893.55,23,76,76,23,62618.09,62595.47,,
2026-07-09T19:42:59+08:00,btc-updown-5m-1783597200,https://polymarket.com/zh/event/btc-updown-5m-1783597200,19:40-19:45,23.00,80.00,22.00,79.00,883.54,1386.10,10.00,160.00,22.50,79.50,1.00,1.00,21153.30,23414.10,23423.10,21153.30,22,77,79,20,62618.09,62595.47,,
2026-07-09T19:43:00+08:00,btc-updown-5m-1783597200,https://polymarket.com/zh/event/btc-updown-5m-1783597200,19:40-19:45,21.00,80.00,20.00,79.00,1403.42,1146.81,1185.81,1607.58,20.50,79.50,1.00,1.00,21077.55,23408.11,23419.10,20473.05,20,79,79,19,62618.09,62591.80,,
2026-07-09T19:43:02+08:00,btc-updown-5m-1783597200,https://polymarket.com/zh/event/btc-updown-5m-1783597200,19:40-19:45,11.00,90.00,10.00,89.00,607.35,516.85,522.40,647.35,10.50,89.50,1.00,1.00,21212.73,23433.10,23448.10,21112.73,10,89,89,10,62618.09,62578.97,,
2026-07-09T19:43:04+08:00,btc-updown-5m-1783597200,https://polymarket.com/zh/event/btc-updown-5m-1783597200,19:40-19:45,11.00,90.00,10.00,89.00,487.19,670.25,643.44,454.91,10.50,89.50,1.00,1.00,21613.67,23433.10,23433.11,21618.67,10,89,89,10,62618.09,62578.99,,
2026-07-09T19:43:06+08:00,btc-updown-5m-1783597200,https://polymarket.com/zh/event/btc-updown-5m-1783597200,19:40-19:45,11.00,90.00,10.00,89.00,366.86,621.16,642.26,366.86,10.50,89.50,1.00,1.00,22735.64,23448.10,23433.10,22735.64,10,89,89,10,62618.09,62580.34,,
2026-07-09T19:43:08+08:00,btc-updown-5m-1783597200,https://polymarket.com/zh/event/btc-updown-5m-1783597200,19:40-19:45,11.00,90.00,10.00,89.00,377.76,539.28,597.08,274.99,10.50,89.50,1.00,1.00,22490.64,23408.10,23418.11,22428.16,10,89,89,10,62618.09,62580.34,,
2026-07-09T19:43:10+08:00,btc-updown-5m-1783597200,https://polymarket.com/zh/event/btc-updown-5m-1783597200,19:40-19:45,11.00,90.00,10.00,89.00,138.40,2962.41,2810.58,180.27,10.50,89.50,1.00,1.00,21930.09,23413.10,23338.10,22863.85,10,89,89,10,62618.09,62580.34,,
2026-07-09T19:43:12+08:00,btc-updown-5m-1783597200,https://polymarket.com/zh/event/btc-updown-5m-1783597200,19:40-19:45,14.00,87.00,13.00,86.00,68.82,278.44,581.37,357.62,13.50,86.50,1.00,1.00,22651.75,23338.11,23338.10,22701.89,13,86,86,13,62618.09,62587.31,,
2026-07-09T19:43:14+08:00,btc-updown-5m-1783597200,https://polymarket.com/zh/event/btc-updown-5m-1783597200,19:40-19:45,16.00,85.00,15.00,84.00,486.60,439.50,526.23,430.43,15.50,84.50,1.00,1.00,22948.97,23318.10,23343.10,22938.97,15,84,84,15,62618.09,62586.50,,
2026-07-09T19:43:16+08:00,btc-updown-5m-1783597200,https://polymarket.com/zh/event/btc-updown-5m-1783597200,19:40-19:45,15.00,86.00,14.00,85.00,452.34,156.50,74.54,372.34,14.50,85.50,1.00,1.00,22565.07,23408.10,23398.10,22596.08,14,85,85,14,62618.09,62586.50,,
2026-07-09T19:43:17+08:00,btc-updown-5m-1783597200,https://polymarket.com/zh/event/btc-updown-5m-1783597200,19:40-19:45,15.00,86.00,14.00,85.00,619.63,49.35,49.35,586.29,14.50,85.50,1.00,1.00,22654.95,23413.10,23398.10,22654.95,14,85,85,14,62618.09,62589.76,,
2026-07-09T19:43:19+08:00,btc-updown-5m-1783597200,https://polymarket.com/zh/event/btc-updown-5m-1783597200,19:40-19:45,13.00,88.00,12.00,87.00,388.07,311.68,311.68,388.07,12.50,87.50,1.00,1.00,22552.04,23383.10,23373.10,22552.04,12,87,87,12,62618.09,62587.02,,
2026-07-09T19:43:21+08:00,btc-updown-5m-1783597200,https://polymarket.com/zh/event/btc-updown-5m-1783597200,19:40-19:45,11.00,90.00,10.00,89.00,343.16,2090.09,2091.21,343.16,10.50,89.50,1.00,1.00,21146.02,23139.75,23139.75,21168.35,10,89,89,10,62618.09,62582.22,,
2026-07-09T19:43:23+08:00,btc-updown-5m-1783597200,https://polymarket.com/zh/event/btc-updown-5m-1783597200,19:40-19:45,13.00,88.00,12.00,87.00,123.54,437.58,423.89,123.54,12.50,87.50,1.00,1.00,21870.40,23149.76,23149.75,21875.40,12,87,87,12,62618.09,62582.22,,
2026-07-09T19:43:25+08:00,btc-updown-5m-1783597200,https://polymarket.com/zh/event/btc-updown-5m-1783597200,19:40-19:45,13.00,88.00,12.00,87.00,409.15,36.85,36.85,409.15,12.50,87.50,1.00,1.00,20924.21,23159.75,23164.75,20918.62,12,87,87,12,62618.09,62582.22,,
2026-07-09T19:43:27+08:00,btc-updown-5m-1783597200,https://polymarket.com/zh/event/btc-updown-5m-1783597200,19:40-19:45,14.00,87.00,13.00,86.00,491.84,151.49,175.45,498.57,13.50,86.50,1.00,1.00,21063.00,23144.75,23164.75,21533.00,13,86,86,13,62618.09,62589.45,,
2026-07-09T19:43:29+08:00,btc-updown-5m-1783597200,https://polymarket.com/zh/event/btc-updown-5m-1783597200,19:40-19:45,14.00,87.00,13.00,86.00,268.95,372.65,221.16,230.68,13.50,86.50,1.00,1.00,21958.76,23217.75,23202.75,21903.76,13,86,86,13,62618.09,62589.45,,
2026-07-09T19:43:31+08:00,btc-updown-5m-1783597200,https://polymarket.com/zh/event/btc-updown-5m-1783597200,19:40-19:45,17.00,84.00,16.00,83.00,487.57,37.00,37.00,521.87,16.50,83.50,1.00,1.00,22817.67,23201.75,23221.76,22808.87,16,83,83,16,62618.09,62591.95,,
2026-07-09T19:43:33+08:00,btc-updown-5m-1783597200,https://polymarket.com/zh/event/btc-updown-5m-1783597200,19:40-19:45,13.00,88.00,12.00,87.00,94.30,441.41,441.41,94.30,12.50,87.50,1.00,1.00,21678.62,23158.75,23173.75,21678.62,12,87,87,12,62618.09,62586.84,,
2026-07-09T19:43:35+08:00,btc-updown-5m-1783597200,https://polymarket.com/zh/event/btc-updown-5m-1783597200,19:40-19:45,14.00,87.00,13.00,86.00,485.92,67.47,62.47,491.92,13.50,86.50,1.00,1.00,21783.25,23153.75,23173.75,21783.25,13,86,86,13,62618.09,62586.84,,
2026-07-09T19:43:36+08:00,btc-updown-5m-1783597200,https://polymarket.com/zh/event/btc-updown-5m-1783597200,19:40-19:45,14.00,87.00,13.00,86.00,284.48,13.68,13.68,279.42,13.50,86.50,1.00,1.00,21285.91,23211.75,23211.75,21689.86,13,86,86,13,62618.09,62589.97,,
2026-07-09T19:43:38+08:00,btc-updown-5m-1783597200,https://polymarket.com/zh/event/btc-updown-5m-1783597200,19:40-19:45,13.00,88.00,12.00,87.00,98.20,232.49,237.04,128.20,12.50,87.50,1.00,1.00,21689.47,23211.75,23211.76,21689.47,12,87,87,12,62618.09,62589.96,,
2026-07-09T19:43:40+08:00,btc-updown-5m-1783597200,https://polymarket.com/zh/event/btc-updown-5m-1783597200,19:40-19:45,12.00,89.00,11.00,88.00,313.88,397.02,302.64,240.15,11.50,88.50,1.00,1.00,21534.48,23206.75,23216.75,21531.48,11,88,88,11,62618.09,62589.96,,
2026-07-09T19:43:42+08:00,btc-updown-5m-1783597200,https://polymarket.com/zh/event/btc-updown-5m-1783597200,19:40-19:45,15.00,86.00,14.00,85.00,5.00,1669.38,1203.90,5.00,14.50,85.50,1.00,1.00,21802.86,23131.75,23131.75,25906.18,14,85,82,14,62618.09,62594.49,,
2026-07-09T19:43:44+08:00,btc-updown-5m-1783597200,https://polymarket.com/zh/event/btc-updown-5m-1783597200,19:40-19:45,24.00,77.00,23.00,76.00,441.53,52.45,57.58,436.53,23.50,76.50,1.00,1.00,28022.54,23126.75,23131.75,28022.54,23,76,76,23,62618.09,62601.77,,
2026-07-09T19:43:46+08:00,btc-updown-5m-1783597200,https://polymarket.com/zh/event/btc-updown-5m-1783597200,19:40-19:45,28.00,73.00,27.00,72.00,101.77,271.68,214.13,114.78,27.50,72.50,1.00,1.00,28449.63,23125.76,23130.76,28479.63,27,72,72,27,62618.09,62604.27,,
2026-07-09T19:43:48+08:00,btc-updown-5m-1783597200,https://polymarket.com/zh/event/btc-updown-5m-1783597200,19:40-19:45,28.00,73.00,27.00,72.00,262.27,65.25,44.25,257.27,27.50,72.50,1.00,1.00,28709.32,23352.45,23342.46,28709.32,27,72,72,27,62618.09,62603.67,,
2026-07-09T19:43:50+08:00,btc-updown-5m-1783597200,https://polymarket.com/zh/event/btc-updown-5m-1783597200,19:40-19:45,30.00,71.00,29.00,70.00,257.84,314.86,325.10,247.84,29.50,70.50,1.00,1.00,28659.32,23337.45,23337.45,28659.32,29,70,70,29,62618.09,62603.67,,
2026-07-09T19:43:52+08:00,btc-updown-5m-1783597200,https://polymarket.com/zh/event/btc-updown-5m-1783597200,19:40-19:45,19.00,82.00,18.00,81.00,204.41,793.12,803.67,204.41,18.50,81.50,1.00,1.00,29790.93,23407.45,23412.45,29780.93,18,81,81,18,62618.09,62600.60,,
2026-07-09T19:43:54+08:00,btc-updown-5m-1783597200,https://polymarket.com/zh/event/btc-updown-5m-1783597200,19:40-19:45,19.00,82.00,18.00,81.00,805.98,281.41,324.42,841.51,18.50,81.50,1.00,1.00,30240.93,23407.45,23417.46,30267.93,18,81,81,18,62618.09,62598.40,,
2026-07-09T19:43:56+08:00,btc-updown-5m-1783597200,https://polymarket.com/zh/event/btc-updown-5m-1783597200,19:40-19:45,19.00,82.00,18.00,81.00,351.44,579.44,543.28,351.44,18.50,81.50,1.00,1.00,28361.93,23407.45,23412.45,28361.93,18,81,81,18,62618.09,62598.40,,
2026-07-09T19:43:57+08:00,btc-updown-5m-1783597200,https://polymarket.com/zh/event/btc-updown-5m-1783597200,19:40-19:45,18.00,83.00,17.00,82.00,73.65,857.14,857.14,38.50,17.50,82.50,1.00,1.00,27650.23,23190.75,23200.75,27650.23,17,82,82,17,62618.09,62598.41,,
2026-07-09T19:43:59+08:00,btc-updown-5m-1783597200,https://polymarket.com/zh/event/btc-updown-5m-1783597200,19:40-19:45,19.00,82.00,18.00,81.00,60.00,402.40,414.06,60.00,18.50,81.50,1.00,1.00,26700.23,23345.75,23345.75,26700.23,18,81,81,18,62618.09,62599.97,,
2026-07-09T19:44:01+08:00,btc-updown-5m-1783597200,https://polymarket.com/zh/event/btc-updown-5m-1783597200,19:40-19:45,24.00,77.00,23.00,76.00,79.37,48.56,102.46,208.71,23.50,76.50,1.00,1.00,26303.29,23142.91,23222.92,26303.29,23,76,76,23,62618.09,62599.98,,
2026-07-09T19:44:03+08:00,btc-updown-5m-1783597200,https://polymarket.com/zh/event/btc-updown-5m-1783597200,19:40-19:45,28.00,73.00,27.00,72.00,29.78,35.00,115.00,163.05,27.50,72.50,1.00,1.00,26953.29,23217.91,23212.91,26969.90,27,72,72,27,62618.09,62602.47,,
2026-07-09T19:44:05+08:00,btc-updown-5m-1783597200,https://polymarket.com/zh/event/btc-updown-5m-1783597200,19:40-19:45,23.00,78.00,22.00,77.00,107.86,339.25,339.25,104.15,22.50,77.50,1.00,1.00,26446.95,22994.57,22979.57,26476.95,22,77,77,22,62618.09,62602.47,,
2026-07-09T19:44:07+08:00,btc-updown-5m-1783597200,https://polymarket.com/zh/event/btc-updown-5m-1783597200,19:40-19:45,23.00,78.00,22.00,77.00,80.77,627.80,631.65,80.77,22.50,77.50,1.00,1.00,26446.95,23024.57,22999.58,26446.95,22,77,77,22,62618.09,62604.30,,
2026-07-09T19:44:09+08:00,btc-updown-5m-1783597200,https://polymarket.com/zh/event/btc-updown-5m-1783597200,19:40-19:45,25.00,76.00,24.00,75.00,93.83,77.35,71.35,57.53,24.50,75.50,1.00,1.00,26115.47,22989.57,22999.57,26110.47,24,75,75,24,62618.09,62604.30,,
2026-07-09T19:44:11+08:00,btc-updown-5m-1783597200,https://polymarket.com/zh/event/btc-updown-5m-1783597200,19:40-19:45,32.00,69.00,31.00,68.00,104.46,42.53,61.81,104.46,31.50,68.50,1.00,1.00,25781.95,23000.57,23000.58,26261.95,31,68,68,31,62618.09,62606.80,,
2026-07-09T19:44:13+08:00,btc-updown-5m-1783597200,https://polymarket.com/zh/event/btc-updown-5m-1783597200,19:40-19:45,32.00,69.00,31.00,68.00,130.57,596.71,215.53,5.42,31.50,68.50,1.00,1.00,25957.20,22931.41,22866.41,25972.20,31,68,67,31,62618.09,62611.02,,
2026-07-09T19:44:15+08:00,btc-updown-5m-1783597200,https://polymarket.com/zh/event/btc-updown-5m-1783597200,19:40-19:45,34.00,67.00,33.00,66.00,145.76,6.48,6.48,145.76,33.50,66.50,1.00,1.00,26438.68,22926.41,22941.41,26458.68,33,66,66,33,62618.09,62612.51,,
2026-07-09T19:44:16+08:00,btc-updown-5m-1783597200,https://polymarket.com/zh/event/btc-updown-5m-1783597200,19:40-19:45,28.00,73.00,27.00,72.00,115.00,243.45,196.45,117.27,27.50,72.50,1.00,1.00,58525.34,22661.41,22651.41,58525.34,27,72,72,27,62618.09,62612.51,,
2026-07-09T19:44:18+08:00,btc-updown-5m-1783597200,https://polymarket.com/zh/event/btc-updown-5m-1783597200,19:40-19:45,28.00,73.00,27.00,72.00,53.93,90.82,369.85,107.86,27.50,72.50,1.00,1.00,58525.34,52661.42,52666.41,58525.34,27,72,72,27,62618.09,62612.51,,
2026-07-09T19:44:20+08:00,btc-updown-5m-1783597200,https://polymarket.com/zh/event/btc-updown-5m-1783597200,19:40-19:45,27.00,74.00,26.00,73.00,606.56,212.10,212.10,602.85,26.50,73.50,1.00,1.00,58487.34,52618.41,52608.42,58487.34,26,72,72,26,62618.09,62612.51,,
2026-07-09T19:44:22+08:00,btc-updown-5m-1783597200,https://polymarket.com/zh/event/btc-updown-5m-1783597200,19:40-19:45,26.00,75.00,25.00,74.00,60.00,81.44,31.44,162.95,25.50,74.50,1.00,1.00,58443.84,52623.42,52603.41,58438.84,25,74,73,25,62618.09,62612.51,,
2026-07-09T19:44:24+08:00,btc-updown-5m-1783597200,https://polymarket.com/zh/event/btc-updown-5m-1783597200,19:40-19:45,25.00,76.00,24.00,75.00,77.02,157.25,173.37,77.02,24.50,75.50,1.00,1.00,58352.18,52633.41,52618.41,58352.18,24,74,74,24,62618.09,62612.51,,
2026-07-09T19:44:26+08:00,btc-updown-5m-1783597200,https://polymarket.com/zh/event/btc-updown-5m-1783597200,19:40-19:45,24.00,77.00,23.00,76.00,131.82,118.63,118.63,131.82,23.50,76.50,1.00,1.00,58293.18,52618.41,52618.41,58329.84,23,75,76,23,62618.09,62612.51,,
2026-07-09T19:44:28+08:00,btc-updown-5m-1783597200,https://polymarket.com/zh/event/btc-updown-5m-1783597200,19:40-19:45,12.00,90.00,10.00,89.00,81.30,1365.38,1091.70,87.41,11.00,89.50,2.00,1.00,55703.08,52613.41,52660.07,59226.17,10,87,88,10,62618.09,62605.04,,
2026-07-09T19:44:30+08:00,btc-updown-5m-1783597200,https://polymarket.com/zh/event/btc-updown-5m-1783597200,19:40-19:45,10.00,91.00,9.00,90.00,27.76,500.61,499.61,7.76,9.50,90.50,1.00,1.00,59370.50,52457.57,52299.91,59335.50,9,90,90,9,62618.09,62605.05,,
2026-07-09T19:44:32+08:00,btc-updown-5m-1783597200,https://polymarket.com/zh/event/btc-updown-5m-1783597200,19:40-19:45,9.00,92.00,8.00,91.00,167.00,89.74,127.68,173.52,8.50,91.50,1.00,1.00,56858.02,52304.92,52294.91,56858.02,8,91,91,8,62618.09,62605.04,,
2026-07-09T19:44:34+08:00,btc-updown-5m-1783597200,https://polymarket.com/zh/event/btc-updown-5m-1783597200,19:40-19:45,10.00,91.00,9.00,90.00,50.91,26.00,47.98,48.68,9.50,90.50,1.00,1.00,26758.02,22279.91,22304.92,26474.75,9,90,90,9,62618.09,62605.04,,
2026-07-09T19:44:36+08:00,btc-updown-5m-1783597200,https://polymarket.com/zh/event/btc-updown-5m-1783597200,19:40-19:45,7.00,94.00,6.00,93.00,188.43,184.26,164.58,192.08,6.50,93.50,1.00,1.00,22976.98,20609.92,20599.92,23540.81,6,93,93,6,62618.09,62605.04,,
2026-07-09T19:44:37+08:00,btc-updown-5m-1783597200,https://polymarket.com/zh/event/btc-updown-5m-1783597200,19:40-19:45,4.00,97.00,3.00,96.00,184.80,793.97,823.97,175.48,3.50,96.50,1.00,1.00,13769.20,20454.92,20439.92,13684.20,3,96,96,3,62618.09,62601.78,,
2026-07-09T19:44:39+08:00,btc-updown-5m-1783597200,https://polymarket.com/zh/event/btc-updown-5m-1783597200,19:40-19:45,4.00,97.00,3.00,96.00,103.80,923.77,923.77,103.80,3.50,96.50,1.00,1.00,13377.83,20137.93,20132.92,13377.83,3,96,96,3,62618.09,62601.78,,
2026-07-09T19:44:41+08:00,btc-updown-5m-1783597200,https://polymarket.com/zh/event/btc-updown-5m-1783597200,19:40-19:45,4.00,97.00,3.00,96.00,83.75,821.73,821.73,83.75,3.50,96.50,1.00,1.00,13220.80,20187.92,20192.92,13220.80,3,96,96,3,62618.09,62601.79,,
2026-07-09T19:44:43+08:00,btc-updown-5m-1783597200,https://polymarket.com/zh/event/btc-updown-5m-1783597200,19:40-19:45,5.00,96.00,4.00,95.00,122.21,40.90,40.90,31.37,4.50,95.50,1.00,1.00,11513.82,20177.92,20177.92,11504.82,4,95,95,4,62618.09,62601.79,,
2026-07-09T19:44:45+08:00,btc-updown-5m-1783597200,https://polymarket.com/zh/event/btc-updown-5m-1783597200,19:40-19:45,4.00,97.00,3.00,96.00,5.00,248.31,252.45,5.00,3.50,96.50,1.00,1.00,10829.40,18936.48,18926.48,10834.26,3,95,95,3,62618.09,62601.78,,
2026-07-09T19:44:47+08:00,btc-updown-5m-1783597200,https://polymarket.com/zh/event/btc-updown-5m-1783597200,19:40-19:45,3.00,98.00,2.00,97.00,85.66,551.69,559.45,75.66,2.50,97.50,1.00,1.00,10073.72,18989.48,18999.48,10065.96,2,96,96,2,62618.09,62601.78,,
2026-07-09T19:44:49+08:00,btc-updown-5m-1783597200,https://polymarket.com/zh/event/btc-updown-5m-1783597200,19:40-19:45,5.00,98.00,4.00,95.00,68.18,398.47,15.00,68.18,4.50,96.50,1.00,3.00,9873.91,18754.48,18754.48,9762.74,4,93,93,2,62618.09,62603.10,,
2026-07-09T19:44:51+08:00,btc-updown-5m-1783597200,https://polymarket.com/zh/event/btc-updown-5m-1783597200,19:40-19:45,2.00,99.00,1.00,98.00,105.00,3281.32,3262.55,294.56,1.50,98.50,1.00,1.00,3262.55,11154.62,10944.62,3281.32,1,79,77,1,62618.09,62603.11,,
2026-07-09T19:44:52+08:00,btc-updown-5m-1783597200,https://polymarket.com/zh/event/btc-updown-5m-1783597200,19:40-19:45,2.00,99.00,1.00,98.00,66.90,2862.13,2863.05,213.90,1.50,98.50,1.00,1.00,2863.05,11707.62,11697.62,2862.13,1,76,77,1,62618.09,62599.23,,
2026-07-09T19:44:54+08:00,btc-updown-5m-1783597200,https://polymarket.com/zh/event/btc-updown-5m-1783597200,19:40-19:45,1.00,,,99.00,5989.63,,,5980.00,,,,,,10965.06,10965.06,,0,80,80,0,62618.09,62598.52,,
2026-07-09T19:44:56+08:00,btc-updown-5m-1783597200,https://polymarket.com/zh/event/btc-updown-5m-1783597200,19:40-19:45,1.00,,,99.00,12458.27,,,12583.27,,,,,,12731.06,12746.07,,0,77,77,0,62618.09,62598.52,,
2026-07-09T19:44:58+08:00,btc-updown-5m-1783597200,https://polymarket.com/zh/event/btc-updown-5m-1783597200,19:40-19:45,1.00,,,99.00,31002.29,,,30847.29,,,,,,12888.38,12961.71,,0,83,83,0,62618.09,62598.53,,
2026-07-09T19:45:00+08:00,btc-updown-5m-1783597500,https://polymarket.com/zh/event/btc-updown-5m-1783597500,19:45-19:50,56.00,45.00,55.00,44.00,89.15,560.42,501.35,63.58,55.50,44.50,1.00,1.00,26419.74,26177.85,26347.85,26634.74,53,42,44,55,62598.52,62598.52,,
2026-07-09T19:45:02+08:00,btc-updown-5m-1783597500,https://polymarket.com/zh/event/btc-updown-5m-1783597500,19:45-19:50,56.00,45.00,55.00,44.00,997.78,144.85,144.85,997.78,55.50,44.50,1.00,1.00,17690.78,17177.89,17177.89,17690.78,55,44,44,55,62598.52,62595.39,,
2026-07-09T19:45:04+08:00,btc-updown-5m-1783597500,https://polymarket.com/zh/event/btc-updown-5m-1783597500,19:45-19:50,57.00,45.00,56.00,44.00,1274.63,130.41,118.74,597.03,56.50,44.50,1.00,1.00,17961.77,17759.89,17774.89,18076.77,56,43,44,55,62598.52,62599.52,,
2026-07-09T19:45:06+08:00,btc-updown-5m-1783597500,https://polymarket.com/zh/event/btc-updown-5m-1783597500,19:45-19:50,51.00,50.00,50.00,49.00,274.37,54.18,75.28,314.53,50.50,49.50,1.00,1.00,18066.78,17869.89,17869.89,18066.78,50,49,49,50,62598.52,62589.56,,
2026-07-09T19:45:08+08:00,btc-updown-5m-1783597500,https://polymarket.com/zh/event/btc-updown-5m-1783597500,19:45-19:50,50.00,51.00,49.00,50.00,919.49,67.76,67.76,1006.09,49.50,50.50,1.00,1.00,18062.77,17901.90,16901.90,18062.77,49,50,50,49,62598.52,62589.56,,
2026-07-09T19:45:10+08:00,btc-updown-5m-1783597500,https://polymarket.com/zh/event/btc-updown-5m-1783597500,19:45-19:50,47.00,54.00,46.00,53.00,710.36,19.88,19.88,667.80,46.50,53.50,1.00,1.00,17135.77,16890.90,16886.89,17135.77,46,53,53,46,62598.52,62589.56,,
2026-07-09T19:45:12+08:00,btc-updown-5m-1783597500,https://polymarket.com/zh/event/btc-updown-5m-1783597500,19:45-19:50,45.00,56.00,44.00,55.00,804.86,305.15,269.15,788.04,44.50,55.50,1.00,1.00,17916.80,17685.59,17720.59,17916.80,44,55,55,44,62598.52,62589.56,,
2026-07-09T19:45:14+08:00,btc-updown-5m-1783597500,https://polymarket.com/zh/event/btc-updown-5m-1783597500,19:45-19:50,45.00,56.00,44.00,55.00,464.25,479.94,511.75,464.25,44.50,55.50,1.00,1.00,17991.80,18485.19,18485.19,17991.80,44,55,55,44,62598.52,62587.92,,
2026-07-09T19:45:15+08:00,btc-updown-5m-1783597500,https://polymarket.com/zh/event/btc-updown-5m-1783597500,19:45-19:50,45.00,56.00,44.00,55.00,342.03,461.94,461.89,337.58,44.50,55.50,1.00,1.00,18815.80,18677.59,18654.79,18825.80,44,55,55,44,62598.52,62587.92,,
2026-07-09T19:45:17+08:00,btc-updown-5m-1783597500,https://polymarket.com/zh/event/btc-updown-5m-1783597500,19:45-19:50,47.00,56.00,46.00,55.00,1672.97,15.00,202.63,576.21,46.50,55.50,1.00,1.00,18515.80,18295.79,18301.79,18500.80,45,53,55,44,62598.52,62587.91,,
2026-07-09T19:45:19+08:00,btc-updown-5m-1783597500,https://polymarket.com/zh/event/btc-updown-5m-1783597500,19:45-19:50,41.00,60.00,40.00,59.00,418.70,273.66,273.66,426.10,40.50,59.50,1.00,1.00,18510.80,18305.80,18305.80,18510.80,40,59,59,40,62598.52,62587.92,,
2026-07-09T19:45:21+08:00,btc-updown-5m-1783597500,https://polymarket.com/zh/event/btc-updown-5m-1783597500,19:45-19:50,41.00,60.00,40.00,59.00,656.27,65.84,65.84,656.27,40.50,59.50,1.00,1.00,18500.80,18316.80,18316.80,18452.80,40,59,59,40,62598.52,62569.18,,
2026-07-09T19:45:23+08:00,btc-updown-5m-1783597500,https://polymarket.com/zh/event/btc-updown-5m-1783597500,19:45-19:50,30.00,72.00,28.00,70.00,50.00,132.00,132.00,50.00,29.00,71.00,2.00,2.00,18376.80,18570.06,18570.06,18419.80,28,65,65,28,62598.52,62569.08,,
2026-07-09T19:45:25+08:00,btc-updown-5m-1783597500,https://polymarket.com/zh/event/btc-updown-5m-1783597500,19:45-19:50,33.00,68.00,32.00,67.00,132.47,190.83,198.83,123.47,32.50,67.50,1.00,1.00,18738.25,18877.05,18883.06,18738.25,32,67,67,32,62598.52,62568.64,,
2026-07-09T19:45:27+08:00,btc-updown-5m-1783597500,https://polymarket.com/zh/event/btc-updown-5m-1783597500,19:45-19:50,26.00,75.00,25.00,74.00,362.67,475.08,547.39,356.18,25.50,74.50,1.00,1.00,19504.84,19691.73,19206.73,18994.84,25,74,74,25,62598.52,62565.95,,
2026-07-09T19:45:29+08:00,btc-updown-5m-1783597500,https://polymarket.com/zh/event/btc-updown-5m-1783597500,19:45-19:50,27.00,74.00,26.00,73.00,762.05,518.08,517.67,768.05,26.50,73.50,1.00,1.00,19152.24,19251.43,19246.43,19152.24,26,73,73,26,62598.52,62565.92,,
2026-07-09T19:45:31+08:00,btc-updown-5m-1783597500,https://polymarket.com/zh/event/btc-updown-5m-1783597500,19:45-19:50,28.00,73.00,27.00,72.00,25.45,702.71,603.10,58.45,27.50,72.50,1.00,1.00,18721.94,18756.43,18761.43,18721.94,27,72,72,27,62598.52,62565.92,,
2026-07-09T19:45:33+08:00,btc-updown-5m-1783597500,https://polymarket.com/zh/event/btc-updown-5m-1783597500,19:45-19:50,28.00,73.00,27.00,72.00,59.98,597.04,557.56,5.98,27.50,72.50,1.00,1.00,20901.94,18777.44,18762.43,20901.94,27,72,72,27,62598.52,62569.06,,
2026-07-09T19:45:35+08:00,btc-updown-5m-1783597500,https://polymarket.com/zh/event/btc-updown-5m-1783597500,19:45-19:50,30.00,71.00,29.00,70.00,30.00,284.26,248.35,30.00,29.50,70.50,1.00,1.00,20961.94,18773.44,18767.43,20961.94,29,70,70,29,62598.52,62569.47,,
2026-07-09T19:45:36+08:00,btc-updown-5m-1783597500,https://polymarket.com/zh/event/btc-updown-5m-1783597500,19:45-19:50,33.00,68.00,32.00,67.00,553.00,363.95,199.00,703.89,32.50,67.50,1.00,1.00,20829.94,18703.43,18698.43,20771.94,32,67,67,32,62598.52,62573.40,,
2026-07-09T19:45:38+08:00,btc-updown-5m-1783597500,https://polymarket.com/zh/event/btc-updown-5m-1783597500,19:45-19:50,31.00,70.00,30.00,69.00,187.37,541.48,531.48,187.37,30.50,69.50,1.00,1.00,20839.94,18777.43,18782.43,20854.94,30,69,69,30,62598.52,62573.53,,
2026-07-09T19:45:40+08:00,btc-updown-5m-1783597500,https://polymarket.com/zh/event/btc-updown-5m-1783597500,19:45-19:50,31.00,70.00,30.00,69.00,374.66,105.00,260.87,531.12,30.50,69.50,1.00,1.00,20769.94,18792.44,18777.43,20764.94,30,69,69,30,62598.52,62573.53,,
2026-07-09T19:45:42+08:00,btc-updown-5m-1783597500,https://polymarket.com/zh/event/btc-updown-5m-1783597500,19:45-19:50,39.00,62.00,38.00,61.00,616.07,94.88,94.88,566.32,38.50,61.50,1.00,1.00,20821.94,18783.43,18792.43,20901.94,38,61,61,38,62598.52,62578.95,,
2026-07-09T19:45:44+08:00,btc-updown-5m-1783597500,https://polymarket.com/zh/event/btc-updown-5m-1783597500,19:45-19:50,41.00,60.00,40.00,59.00,431.87,21.91,27.53,413.52,40.50,59.50,1.00,1.00,20873.06,18910.42,18830.42,20873.06,40,59,59,40,62598.52,62583.46,,
2026-07-09T19:45:46+08:00,btc-updown-5m-1783597500,https://polymarket.com/zh/event/btc-updown-5m-1783597500,19:45-19:50,39.00,62.00,38.00,61.00,766.96,117.00,117.00,766.96,38.50,61.50,1.00,1.00,21388.06,19430.42,19399.42,21383.06,38,61,61,38,62598.52,62581.07,,
2026-07-09T19:45:48+08:00,btc-updown-5m-1783597500,https://polymarket.com/zh/event/btc-updown-5m-1783597500,19:45-19:50,38.00,63.00,37.00,62.00,633.71,185.28,306.24,658.69,37.50,62.50,1.00,1.00,21398.06,19425.42,19410.42,21378.06,37,62,62,37,62598.52,62581.07,,
2026-07-09T19:45:50+08:00,btc-updown-5m-1783597500,https://polymarket.com/zh/event/btc-updown-5m-1783597500,19:45-19:50,37.00,64.00,36.00,63.00,19.29,743.21,562.48,8.29,36.50,63.50,1.00,1.00,21378.06,19400.42,19399.42,21388.06,36,63,63,36,62598.52,62581.06,,
2026-07-09T19:45:51+08:00,btc-updown-5m-1783597500,https://polymarket.com/zh/event/btc-updown-5m-1783597500,19:45-19:50,32.00,69.00,31.00,68.00,583.77,533.56,508.56,682.67,31.50,68.50,1.00,1.00,20630.06,18633.42,18622.43,20625.06,31,68,68,31,62598.52,62578.02,,
2026-07-09T19:45:53+08:00,btc-updown-5m-1783597500,https://polymarket.com/zh/event/btc-updown-5m-1783597500,19:45-19:50,31.00,70.00,30.00,69.00,567.51,1508.70,1509.70,567.51,30.50,69.50,1.00,1.00,20595.06,18617.42,18637.42,20620.06,30,69,69,30,62598.52,62574.43,,
2026-07-09T19:45:55+08:00,btc-updown-5m-1783597500,https://polymarket.com/zh/event/btc-updown-5m-1783597500,19:45-19:50,31.00,70.00,30.00,69.00,2204.42,446.37,1199.13,2213.20,30.50,69.50,1.00,1.00,18498.06,18583.42,18603.43,18493.06,30,69,69,30,62598.52,62553.99,,
2026-07-09T19:45:57+08:00,btc-updown-5m-1783597500,https://polymarket.com/zh/event/btc-updown-5m-1783597500,19:45-19:50,20.00,81.00,19.00,80.00,558.22,701.27,696.27,553.22,19.50,80.50,1.00,1.00,25870.30,18249.42,18235.42,26335.30,19,80,80,19,62598.52,62553.99,,
2026-07-09T19:45:59+08:00,btc-updown-5m-1783597500,https://polymarket.com/zh/event/btc-updown-5m-1783597500,19:45-19:50,20.00,81.00,19.00,80.00,299.19,654.22,654.22,420.19,19.50,80.50,1.00,1.00,24229.30,18234.42,18235.42,24234.30,19,80,80,19,62598.52,62553.99,,
2026-07-09T19:46:01+08:00,btc-updown-5m-1783597500,https://polymarket.com/zh/event/btc-updown-5m-1783597500,19:45-19:50,20.00,81.00,19.00,80.00,1039.20,14.99,14.99,1063.84,19.50,80.50,1.00,1.00,24750.30,24894.43,24899.42,25120.30,19,80,80,19,62598.52,62549.54,,
2026-07-09T19:46:03+08:00,btc-updown-5m-1783597500,https://polymarket.com/zh/event/btc-updown-5m-1783597500,19:45-19:50,18.00,83.00,17.00,82.00,662.45,81.08,65.47,678.17,17.50,82.50,1.00,1.00,25490.30,24905.42,24900.42,25490.30,17,82,82,17,62598.52,62549.54,,
2026-07-09T19:46:05+08:00,btc-updown-5m-1783597500,https://polymarket.com/zh/event/btc-updown-5m-1783597500,19:45-19:50,22.00,78.00,21.00,77.00,35.00,21.71,881.18,40.00,21.50,77.50,1.00,1.00,23087.06,24895.42,24885.42,23092.06,21,78,77,22,62598.52,62549.55,,
2026-07-09T19:46:07+08:00,btc-updown-5m-1783597500,https://polymarket.com/zh/event/btc-updown-5m-1783597500,19:45-19:50,28.00,73.00,27.00,72.00,327.78,1.63,1.63,277.78,27.50,72.50,1.00,1.00,23796.06,24741.43,24741.43,21786.06,25,72,72,26,62598.52,62564.43,,
2026-07-09T19:46:09+08:00,btc-updown-5m-1783597500,https://polymarket.com/zh/event/btc-updown-5m-1783597500,19:45-19:50,26.00,75.00,25.00,74.00,172.32,545.60,550.60,294.16,25.50,74.50,1.00,1.00,21284.06,24661.45,24647.42,21279.06,25,74,74,25,62598.52,62564.42,,
2026-07-09T19:46:11+08:00,btc-updown-5m-1783597500,https://polymarket.com/zh/event/btc-updown-5m-1783597500,19:45-19:50,26.00,75.00,25.00,74.00,153.28,771.58,726.58,199.81,25.50,74.50,1.00,1.00,21274.06,24652.43,24642.42,21274.06,25,74,74,25,62598.52,62564.42,,
2026-07-09T19:46:12+08:00,btc-updown-5m-1783597500,https://polymarket.com/zh/event/btc-updown-5m-1783597500,19:45-19:50,24.00,77.00,23.00,76.00,703.20,127.46,147.53,708.20,23.50,76.50,1.00,1.00,22401.37,24551.42,24542.42,22406.37,23,76,76,23,62598.52,62557.98,,
2026-07-09T19:46:14+08:00,btc-updown-5m-1783597500,https://polymarket.com/zh/event/btc-updown-5m-1783597500,19:45-19:50,24.00,77.00,23.00,76.00,25.00,785.92,779.52,6.00,23.50,76.50,1.00,1.00,22376.37,24461.42,24487.42,22371.37,23,76,76,23,62598.52,62562.68,,
2026-07-09T19:46:16+08:00,btc-updown-5m-1783597500,https://polymarket.com/zh/event/btc-updown-5m-1783597500,19:45-19:50,35.00,66.00,34.00,65.00,86.15,553.03,219.20,86.15,34.50,65.50,1.00,1.00,27375.06,24486.42,24471.43,27380.06,34,65,65,34,62598.52,62577.43,,
2026-07-09T19:46:18+08:00,btc-updown-5m-1783597500,https://polymarket.com/zh/event/btc-updown-5m-1783597500,19:45-19:50,37.00,64.00,36.00,63.00,55.10,587.70,587.42,55.10,36.50,63.50,1.00,1.00,27107.06,24561.42,24560.43,27137.06,36,63,63,36,62598.52,62577.43,,
2026-07-09T19:46:20+08:00,btc-updown-5m-1783597500,https://polymarket.com/zh/event/btc-updown-5m-1783597500,19:45-19:50,38.00,63.00,37.00,62.00,92.33,613.96,619.52,130.75,37.50,62.50,1.00,1.00,27418.76,24672.12,24788.12,27423.76,37,62,62,37,62598.52,62577.43,,
2026-07-09T19:46:22+08:00,btc-updown-5m-1783597500,https://polymarket.com/zh/event/btc-updown-5m-1783597500,19:45-19:50,38.00,63.00,37.00,62.00,119.67,843.67,865.23,69.67,37.50,62.50,1.00,1.00,27418.76,24773.12,24777.13,27433.76,37,62,62,37,62598.52,62579.93,,
2026-07-09T19:46:24+08:00,btc-updown-5m-1783597500,https://polymarket.com/zh/event/btc-updown-5m-1783597500,19:45-19:50,38.00,63.00,37.00,62.00,161.79,771.06,771.13,238.05,37.50,62.50,1.00,1.00,27428.76,24782.12,24762.12,27428.76,37,62,62,37,62598.52,62579.95,,
2026-07-09T19:46:26+08:00,btc-updown-5m-1783597500,https://polymarket.com/zh/event/btc-updown-5m-1783597500,19:45-19:50,38.00,63.00,37.00,62.00,251.05,588.90,588.90,246.05,37.50,62.50,1.00,1.00,27370.76,24762.12,24782.12,27428.76,37,62,62,37,62598.52,62579.96,,
2026-07-09T19:46:27+08:00,btc-updown-5m-1783597500,https://polymarket.com/zh/event/btc-updown-5m-1783597500,19:45-19:50,40.00,62.00,39.00,61.00,698.76,75.37,126.08,55.00,39.50,61.50,1.00,1.00,27276.76,24837.12,24843.12,27286.76,39,60,61,38,62598.52,62579.95,,
2026-07-09T19:46:29+08:00,btc-updown-5m-1783597500,https://polymarket.com/zh/event/btc-updown-5m-1783597500,19:45-19:50,39.00,62.00,38.00,61.00,507.76,169.90,188.39,482.76,38.50,61.50,1.00,1.00,27295.76,24843.13,24847.12,27295.76,38,61,61,38,62598.52,62579.96,,
2026-07-09T19:46:31+08:00,btc-updown-5m-1783597500,https://polymarket.com/zh/event/btc-updown-5m-1783597500,19:45-19:50,38.00,63.00,37.00,62.00,280.13,391.83,459.15,295.46,37.50,62.50,1.00,1.00,26599.06,24251.42,24145.42,26604.06,37,62,62,37,62598.52,62579.95,,
2026-07-09T19:46:33+08:00,btc-updown-5m-1783597500,https://polymarket.com/zh/event/btc-updown-5m-1783597500,19:45-19:50,39.00,62.00,38.00,61.00,1102.51,768.25,792.05,1084.94,38.50,61.50,1.00,1.00,26619.06,24156.42,24165.42,26629.06,38,61,61,38,62598.52,62579.95,,
2026-07-09T19:46:35+08:00,btc-updown-5m-1783597500,https://polymarket.com/zh/event/btc-updown-5m-1783597500,19:45-19:50,39.00,62.00,38.00,61.00,1094.28,639.79,643.98,681.64,38.50,61.50,1.00,1.00,26627.06,24170.42,24161.42,26617.06,38,61,61,38,62598.52,62579.95,,
2026-07-09T19:46:37+08:00,btc-updown-5m-1783597500,https://polymarket.com/zh/event/btc-updown-5m-1783597500,19:45-19:50,39.00,62.00,38.00,61.00,483.05,1040.24,837.03,399.74,38.50,61.50,1.00,1.00,26612.06,24101.43,24085.42,26612.06,38,61,61,38,62598.52,62579.95,,
2026-07-09T19:46:39+08:00,btc-updown-5m-1783597500,https://polymarket.com/zh/event/btc-updown-5m-1783597500,19:45-19:50,39.00,62.00,38.00,61.00,634.34,791.45,791.45,604.34,38.50,61.50,1.00,1.00,26612.06,24085.43,24100.42,26627.06,38,61,61,38,62598.52,62579.96,,
2026-07-09T19:46:41+08:00,btc-updown-5m-1783597500,https://polymarket.com/zh/event/btc-updown-5m-1783597500,19:45-19:50,39.00,62.00,38.00,61.00,1407.92,466.59,486.59,1402.92,38.50,61.50,1.00,1.00,26612.06,24149.42,24154.42,26627.06,38,61,61,38,62598.52,62577.62,,
2026-07-09T19:46:43+08:00,btc-updown-5m-1783597500,https://polymarket.com/zh/event/btc-updown-5m-1783597500,19:45-19:50,39.00,62.00,38.00,61.00,1326.92,429.22,429.22,1264.92,38.50,61.50,1.00,1.00,26537.06,24075.42,24054.42,26517.06,38,61,61,38,62598.52,62577.62,,
2026-07-09T19:46:45+08:00,btc-updown-5m-1783597500,https://polymarket.com/zh/event/btc-updown-5m-1783597500,19:45-19:50,39.00,62.00,38.00,61.00,1189.88,136.52,100.52,1174.72,38.50,61.50,1.00,1.00,26527.06,24060.42,24064.43,26522.06,38,61,61,38,62598.52,62577.62,,
2026-07-09T19:46:47+08:00,btc-updown-5m-1783597500,https://polymarket.com/zh/event/btc-updown-5m-1783597500,19:45-19:50,38.00,63.00,37.00,62.00,373.44,57.00,57.00,381.66,37.50,62.50,1.00,1.00,26517.06,24059.42,24055.42,26512.06,37,62,62,37,62598.52,62577.62,,
2026-07-09T19:46:48+08:00,btc-updown-5m-1783597500,https://polymarket.com/zh/event/btc-updown-5m-1783597500,19:45-19:50,38.00,64.00,37.00,63.00,478.19,503.57,37.88,142.51,37.50,63.50,1.00,1.00,26527.06,24065.42,24060.43,26517.06,37,62,63,36,62598.52,62577.63,,
2026-07-09T19:46:50+08:00,btc-updown-5m-1783597500,https://polymarket.com/zh/event/btc-updown-5m-1783597500,19:45-19:50,35.00,66.00,34.00,65.00,407.88,145.15,140.15,478.21,34.50,65.50,1.00,1.00,26537.06,24055.42,24054.43,26522.06,34,65,65,34,62598.52,62577.62,,
2026-07-09T19:46:52+08:00,btc-updown-5m-1783597500,https://polymarket.com/zh/event/btc-updown-5m-1783597500,19:45-19:50,35.00,66.00,34.00,65.00,120.52,1021.49,1061.49,120.52,34.50,65.50,1.00,1.00,26507.06,24060.42,24059.43,26512.06,34,65,65,34,62598.52,62577.62,,
2026-07-09T19:46:54+08:00,btc-updown-5m-1783597500,https://polymarket.com/zh/event/btc-updown-5m-1783597500,19:45-19:50,35.00,66.00,34.00,65.00,146.15,819.25,1010.22,266.35,34.50,65.50,1.00,1.00,26522.06,24059.42,24044.42,26507.06,34,65,65,34,62598.52,62577.62,,
2026-07-09T19:46:56+08:00,btc-updown-5m-1783597500,https://polymarket.com/zh/event/btc-updown-5m-1783597500,19:45-19:50,35.00,66.00,34.00,65.00,443.79,694.96,219.75,350.77,34.50,65.50,1.00,1.00,26400.06,24060.42,24044.42,26382.06,34,65,65,34,62598.52,62577.28,,
2026-07-09T19:46:58+08:00,btc-updown-5m-1783597500,https://polymarket.com/zh/event/btc-updown-5m-1783597500,19:45-19:50,35.00,66.00,34.00,65.00,511.15,153.12,163.22,506.15,34.50,65.50,1.00,1.00,26439.55,24059.42,24054.42,26429.55,34,65,65,34,62598.52,62577.28,,
2026-07-09T19:47:00+08:00,btc-updown-5m-1783597500,https://polymarket.com/zh/event/btc-updown-5m-1783597500,19:45-19:50,35.00,66.00,34.00,65.00,316.28,456.11,413.24,302.70,34.50,65.50,1.00,1.00,26429.55,23986.42,23963.42,26424.55,34,65,65,34,62598.52,62577.29,,
2026-07-09T19:47:02+08:00,btc-updown-5m-1783597500,https://polymarket.com/zh/event/btc-updown-5m-1783597500,19:45-19:50,36.00,63.00,35.00,60.00,20.00,46.68,521.00,98.33,35.50,61.50,1.00,3.00,27734.55,23983.42,23928.43,27809.55,35,64,60,37,62598.52,62585.00,,
2026-07-09T19:47:04+08:00,btc-updown-5m-1783597500,https://polymarket.com/zh/event/btc-updown-5m-1783597500,19:45-19:50,51.00,49.00,50.00,48.00,21.00,582.11,33.00,4.00,50.50,48.50,1.00,1.00,28224.55,24075.43,24113.42,28214.55,50,49,48,51,62598.52,62585.47,,
2026-07-09T19:47:06+08:00,btc-updown-5m-1783597500,https://polymarket.com/zh/event/btc-updown-5m-1783597500,19:45-19:50,54.00,47.00,53.00,46.00,242.41,421.86,419.80,171.54,53.50,46.50,1.00,1.00,28278.88,24197.42,24192.42,28268.88,53,46,46,53,62598.52,62595.25,,
2026-07-09T19:47:08+08:00,btc-updown-5m-1783597500,https://polymarket.com/zh/event/btc-updown-5m-1783597500,19:45-19:50,53.00,48.00,52.00,45.00,147.90,1003.58,958.77,135.92,52.50,46.50,1.00,3.00,28715.88,23922.42,23932.42,28730.88,52,47,45,52,62598.52,62595.25,,
2026-07-09T19:47:10+08:00,btc-updown-5m-1783597500,https://polymarket.com/zh/event/btc-updown-5m-1783597500,19:45-19:50,56.00,46.00,54.00,44.00,8.95,500.61,500.61,8.95,55.00,45.00,2.00,2.00,28273.89,23869.42,23869.42,28273.89,54,43,43,54,62598.52,62610.79,,
2026-07-09T19:47:12+08:00,btc-updown-5m-1783597500,https://polymarket.com/zh/event/btc-updown-5m-1783597500,19:45-19:50,65.00,42.00,58.00,35.00,178.35,21.21,16.21,164.04,61.50,38.50,7.00,7.00,28267.76,23842.42,25842.42,28272.76,57,35,35,57,62598.52,62611.55,,
2026-07-09T19:47:13+08:00,btc-updown-5m-1783597500,https://polymarket.com/zh/event/btc-updown-5m-1783597500,19:45-19:50,69.00,32.00,68.00,31.00,39.85,585.50,544.99,69.40,68.50,31.50,1.00,1.00,26119.45,25757.42,25752.42,26609.45,68,31,31,68,62598.52,62612.00,,
2026-07-09T19:47:15+08:00,btc-updown-5m-1783597500,https://polymarket.com/zh/event/btc-updown-5m-1783597500,19:45-19:50,70.00,30.00,69.00,29.00,56.48,394.28,442.95,113.85,69.50,29.50,1.00,1.00,26094.42,25737.42,25757.42,26104.42,69,30,29,70,62598.52,62614.81,,
2026-07-09T19:47:17+08:00,btc-updown-5m-1783597500,https://polymarket.com/zh/event/btc-updown-5m-1783597500,19:45-19:50,70.00,31.00,69.00,30.00,5.00,380.57,380.57,5.00,69.50,30.50,1.00,1.00,26589.42,25750.42,25750.42,26589.42,69,29,29,69,62598.52,62605.04,,
2026-07-09T19:47:19+08:00,btc-updown-5m-1783597500,https://polymarket.com/zh/event/btc-updown-5m-1783597500,19:45-19:50,70.00,31.00,69.00,30.00,36.84,396.30,395.89,51.73,69.50,30.50,1.00,1.00,26084.42,25750.42,25750.42,26099.43,69,30,30,69,62598.52,62596.80,,
2026-07-09T19:47:21+08:00,btc-updown-5m-1783597500,https://polymarket.com/zh/event/btc-updown-5m-1783597500,19:45-19:50,70.00,37.00,69.00,31.00,134.10,20.32,12.28,286.00,69.50,34.00,1.00,6.00,26104.43,25755.42,25755.42,26104.43,67,29,30,62,62598.52,62601.56,,
2026-07-09T19:47:23+08:00,btc-updown-5m-1783597500,https://polymarket.com/zh/event/btc-updown-5m-1783597500,19:45-19:50,65.00,45.00,58.00,43.00,38.90,187.27,5.00,180.81,61.50,44.00,7.00,2.00,25724.43,25903.75,25898.75,25659.43,58,35,37,55,62598.52,62596.80,,
2026-07-09T19:47:25+08:00,btc-updown-5m-1783597500,https://polymarket.com/zh/event/btc-updown-5m-1783597500,19:45-19:50,54.00,47.00,52.00,46.00,6.36,122.38,230.62,50.00,53.00,46.50,2.00,1.00,25751.43,25867.42,25872.42,25656.43,52,46,46,53,62598.52,62592.00,,
2026-07-09T19:47:27+08:00,btc-updown-5m-1783597500,https://polymarket.com/zh/event/btc-updown-5m-1783597500,19:45-19:50,55.00,46.00,54.00,45.00,414.02,150.94,167.25,414.02,54.50,45.50,1.00,1.00,28216.42,23473.42,23483.42,28156.43,54,45,45,54,62598.52,62592.00,,
2026-07-09T19:47:29+08:00,btc-updown-5m-1783597500,https://polymarket.com/zh/event/btc-updown-5m-1783597500,19:45-19:50,57.00,48.00,52.00,47.00,462.17,1057.00,435.91,65.00,54.50,47.50,5.00,1.00,27790.76,23802.42,23802.42,28270.76,52,43,47,52,62598.52,62595.40,,
2026-07-09T19:47:31+08:00,btc-updown-5m-1783597500,https://polymarket.com/zh/event/btc-updown-5m-1783597500,19:45-19:50,56.00,45.00,55.00,44.00,812.46,97.73,107.19,812.46,55.50,44.50,1.00,1.00,27785.76,23865.42,23840.42,28275.76,55,44,44,55,62598.52,62597.90,,
2026-07-09T19:47:33+08:00,btc-updown-5m-1783597500,https://polymarket.com/zh/event/btc-updown-5m-1783597500,19:45-19:50,53.00,48.00,52.00,47.00,397.70,357.41,375.85,365.22,52.50,47.50,1.00,1.00,28290.76,23930.42,23920.42,27780.76,52,47,47,52,62598.52,62599.04,,
2026-07-09T19:47:35+08:00,btc-updown-5m-1783597500,https://polymarket.com/zh/event/btc-updown-5m-1783597500,19:45-19:50,56.00,45.00,55.00,44.00,140.93,458.63,458.63,140.93,55.50,44.50,1.00,1.00,28285.77,23925.42,23825.42,27775.76,55,44,44,55,62598.52,62599.05,,
2026-07-09T19:47:36+08:00,btc-updown-5m-1783597500,https://polymarket.com/zh/event/btc-updown-5m-1783597500,19:45-19:50,60.00,41.00,59.00,40.00,521.50,364.82,362.45,461.55,59.50,40.50,1.00,1.00,27680.76,23820.42,23815.42,28165.76,59,40,40,59,62598.52,62599.05,,
2026-07-09T19:47:38+08:00,btc-updown-5m-1783597500,https://polymarket.com/zh/event/btc-updown-5m-1783597500,19:45-19:50,65.00,36.00,64.00,35.00,53.08,504.90,546.88,68.08,64.50,35.50,1.00,1.00,26235.40,25735.42,25745.42,25740.40,64,35,35,64,62598.52,62602.18,,
2026-07-09T19:47:40+08:00,btc-updown-5m-1783597500,https://polymarket.com/zh/event/btc-updown-5m-1783597500,19:45-19:50,65.00,36.00,64.00,35.00,683.86,292.81,398.79,823.62,64.50,35.50,1.00,1.00,25740.40,25740.42,25735.42,25740.40,64,35,35,64,62598.52,62604.67,,
2026-07-09T19:47:42+08:00,btc-updown-5m-1783597500,https://polymarket.com/zh/event/btc-updown-5m-1783597500,19:45-19:50,70.00,31.00,69.00,30.00,703.00,436.35,509.58,737.63,69.50,30.50,1.00,1.00,25845.40,25872.75,25887.75,25860.40,69,30,30,69,62598.52,62608.29,,
2026-07-09T19:47:44+08:00,btc-updown-5m-1783597500,https://polymarket.com/zh/event/btc-updown-5m-1783597500,19:45-19:50,69.00,32.00,68.00,31.00,167.14,348.61,382.72,483.71,68.50,31.50,1.00,1.00,25850.41,25942.75,25972.75,26350.40,68,31,31,68,62598.52,62608.29,,
2026-07-09T19:47:46+08:00,btc-updown-5m-1783597500,https://polymarket.com/zh/event/btc-updown-5m-1783597500,19:45-19:50,69.00,32.00,68.00,31.00,43.44,438.20,438.34,43.44,68.50,31.50,1.00,1.00,25809.40,25962.75,25942.75,25799.40,68,31,31,68,62598.52,62609.68,,
2026-07-09T19:47:48+08:00,btc-updown-5m-1783597500,https://polymarket.com/zh/event/btc-updown-5m-1783597500,19:45-19:50,69.00,31.00,68.00,30.00,5.00,766.00,91.90,10.00,68.50,30.50,1.00,1.00,25804.40,25625.75,25640.75,26299.40,68,31,30,69,62598.52,62611.55,,
2026-07-09T19:47:50+08:00,btc-updown-5m-1783597500,https://polymarket.com/zh/event/btc-updown-5m-1783597500,19:45-19:50,74.00,27.00,73.00,26.00,134.04,259.23,354.50,361.14,73.50,26.50,1.00,1.00,25799.40,26257.75,26267.75,26299.40,73,26,26,73,62598.52,62614.05,,
2026-07-09T19:47:52+08:00,btc-updown-5m-1783597500,https://polymarket.com/zh/event/btc-updown-5m-1783597500,19:45-19:50,74.00,27.00,73.00,26.00,451.60,110.05,110.05,486.30,73.50,26.50,1.00,1.00,26294.41,25782.75,25782.75,25794.40,73,26,26,73,62598.52,62614.81,,
2026-07-09T19:47:54+08:00,btc-updown-5m-1783597500,https://polymarket.com/zh/event/btc-updown-5m-1783597500,19:45-19:50,74.00,27.00,73.00,26.00,390.06,125.00,125.00,565.90,73.50,26.50,1.00,1.00,26284.40,25767.75,25752.75,25804.40,73,26,26,73,62598.52,62614.81,,
2026-07-09T19:47:55+08:00,btc-updown-5m-1783597500,https://polymarket.com/zh/event/btc-updown-5m-1783597500,19:45-19:50,70.00,31.00,69.00,30.00,1007.91,203.18,203.18,1012.91,69.50,30.50,1.00,1.00,26341.40,25741.75,25751.75,26361.41,69,30,30,69,62598.52,62611.23,,
2026-07-09T19:47:57+08:00,btc-updown-5m-1783597500,https://polymarket.com/zh/event/btc-updown-5m-1783597500,19:45-19:50,64.00,37.00,63.00,36.00,120.09,468.84,468.84,124.40,63.50,36.50,1.00,1.00,25851.40,26056.75,26051.75,26351.40,63,36,36,63,62598.52,62604.92,,
2026-07-09T19:47:59+08:00,btc-updown-5m-1783597500,https://polymarket.com/zh/event/btc-updown-5m-1783597500,19:45-19:50,54.00,47.00,53.00,46.00,367.06,20.89,10.00,546.25,53.50,46.50,1.00,1.00,26271.40,26046.75,26051.75,25761.40,53,46,46,53,62598.52,62600.00,,
2026-07-09T19:48:01+08:00,btc-updown-5m-1783597500,https://polymarket.com/zh/event/btc-updown-5m-1783597500,19:45-19:50,54.00,47.00,53.00,46.00,742.81,77.13,87.77,744.16,53.50,46.50,1.00,1.00,25781.40,26091.75,26096.75,25786.40,53,46,46,53,62598.52,62600.01,,
2026-07-09T19:48:03+08:00,btc-updown-5m-1783597500,https://polymarket.com/zh/event/btc-updown-5m-1783597500,19:45-19:50,50.00,46.00,49.00,40.00,17.00,77.00,1527.59,43.97,49.50,43.00,1.00,6.00,25752.40,26063.75,26063.76,25795.40,49,50,40,54,62598.52,62600.10,,
2026-07-09T19:48:05+08:00,btc-updown-5m-1783597500,https://polymarket.com/zh/event/btc-updown-5m-1783597500,19:45-19:50,64.00,37.00,63.00,36.00,606.05,187.86,193.49,601.05,63.50,36.50,1.00,1.00,25790.40,26081.75,26061.75,25795.41,63,36,36,63,62598.52,62605.81,,
2026-07-09T19:48:07+08:00,btc-updown-5m-1783597500,https://polymarket.com/zh/event/btc-updown-5m-1783597500,19:45-19:50,59.00,43.00,58.00,42.00,271.01,25.98,5.51,83.64,58.50,42.50,1.00,1.00,25810.41,26061.75,26066.75,25800.41,58,41,42,57,62598.52,62605.33,,
2026-07-09T19:48:09+08:00,btc-updown-5m-1783597500,https://polymarket.com/zh/event/btc-updown-5m-1783597500,19:45-19:50,56.00,45.00,55.00,44.00,112.69,564.04,560.83,101.97,55.50,44.50,1.00,1.00,25815.40,26081.75,26071.75,25800.40,55,44,44,55,62598.52,62602.93,,
2026-07-09T19:48:11+08:00,btc-updown-5m-1783597500,https://polymarket.com/zh/event/btc-updown-5m-1783597500,19:45-19:50,57.00,44.00,56.00,43.00,387.42,275.35,286.72,387.42,56.50,43.50,1.00,1.00,25815.40,26071.75,26066.75,25800.41,56,43,43,56,62598.52,62602.94,,
2026-07-09T19:48:13+08:00,btc-updown-5m-1783597500,https://polymarket.com/zh/event/btc-updown-5m-1783597500,19:45-19:50,56.00,45.00,55.00,44.00,752.56,69.10,69.10,752.56,55.50,44.50,1.00,1.00,25800.40,26076.75,26076.75,25800.40,55,44,44,55,62598.52,62602.93,,
2026-07-09T19:48:15+08:00,btc-updown-5m-1783597500,https://polymarket.com/zh/event/btc-updown-5m-1783597500,19:45-19:50,52.00,49.00,51.00,48.00,234.00,491.90,435.17,214.24,51.50,48.50,1.00,1.00,25752.40,26086.75,26076.75,25762.40,51,48,48,51,62598.52,62598.52,,
2026-07-09T19:48:17+08:00,btc-updown-5m-1783597500,https://polymarket.com/zh/event/btc-updown-5m-1783597500,19:45-19:50,59.00,42.00,58.00,41.00,117.02,626.11,631.11,117.02,58.50,41.50,1.00,1.00,25817.40,26076.75,26086.75,25817.40,58,41,41,58,62598.52,62600.10,,
2026-07-09T19:48:19+08:00,btc-updown-5m-1783597500,https://polymarket.com/zh/event/btc-updown-5m-1783597500,19:45-19:50,65.00,36.00,64.00,35.00,469.61,227.86,227.86,428.91,64.50,35.50,1.00,1.00,25865.40,26001.75,26086.75,25885.40,64,35,35,64,62598.52,62605.33,,
2026-07-09T19:48:21+08:00,btc-updown-5m-1783597500,https://polymarket.com/zh/event/btc-updown-5m-1783597500,19:45-19:50,65.00,39.00,61.00,35.00,456.76,132.77,171.24,542.37,63.00,37.00,4.00,4.00,25875.41,25991.75,25991.75,25855.41,61,35,35,61,62598.52,62605.34,,
2026-07-09T19:48:22+08:00,btc-updown-5m-1783597500,https://polymarket.com/zh/event/btc-updown-5m-1783597500,19:45-19:50,68.00,33.00,66.00,32.00,38.55,114.17,239.24,38.55,67.00,32.50,2.00,1.00,25648.07,25753.40,25758.40,25653.07,66,32,32,67,62598.52,62605.34,,
2026-07-09T19:48:24+08:00,btc-updown-5m-1783597500,https://polymarket.com/zh/event/btc-updown-5m-1783597500,19:45-19:50,70.00,31.00,69.00,30.00,137.56,778.25,778.25,130.41,69.50,30.50,1.00,1.00,25628.06,25838.40,25838.40,25618.06,69,30,30,69,62598.52,62610.47,,
2026-07-09T19:48:26+08:00,btc-updown-5m-1783597500,https://polymarket.com/zh/event/btc-updown-5m-1783597500,19:45-19:50,70.00,31.00,69.00,30.00,64.39,654.11,686.37,28.67,69.50,30.50,1.00,1.00,25618.06,25923.40,25913.40,25618.07,69,30,30,69,62598.52,62610.47,,
2026-07-09T19:48:28+08:00,btc-updown-5m-1783597500,https://polymarket.com/zh/event/btc-updown-5m-1783597500,19:45-19:50,71.00,30.00,70.00,29.00,297.31,484.35,484.35,297.31,70.50,29.50,1.00,1.00,25613.06,25918.40,25918.40,25628.06,70,29,29,70,62598.52,62610.38,,
2026-07-09T19:48:30+08:00,btc-updown-5m-1783597500,https://polymarket.com/zh/event/btc-updown-5m-1783597500,19:45-19:50,70.00,31.00,69.00,30.00,265.12,101.80,60.03,364.39,69.50,30.50,1.00,1.00,25632.06,25923.40,25927.40,25627.06,69,30,30,69,62598.52,62608.70,,
2026-07-09T19:48:32+08:00,btc-updown-5m-1783597500,https://polymarket.com/zh/event/btc-updown-5m-1783597500,19:45-19:50,72.00,29.00,71.00,28.00,221.67,266.00,282.00,271.67,71.50,28.50,1.00,1.00,25647.06,25870.40,25875.40,25642.06,71,28,28,71,62598.52,62608.71,,
2026-07-09T19:48:34+08:00,btc-updown-5m-1783597500,https://polymarket.com/zh/event/btc-updown-5m-1783597500,19:45-19:50,72.00,29.00,71.00,28.00,10.00,884.58,594.66,10.00,71.50,28.50,1.00,1.00,25652.06,25870.40,25865.40,25637.06,71,28,28,71,62598.52,62607.99,,
2026-07-09T19:48:36+08:00,btc-updown-5m-1783597500,https://polymarket.com/zh/event/btc-updown-5m-1783597500,19:45-19:50,73.00,28.00,72.00,27.00,275.20,266.52,140.52,212.99,72.50,27.50,1.00,1.00,25647.06,25870.40,25865.40,25652.06,72,27,27,72,62598.52,62608.00,,
2026-07-09T19:48:38+08:00,btc-updown-5m-1783597500,https://polymarket.com/zh/event/btc-updown-5m-1783597500,19:45-19:50,80.00,21.00,79.00,20.00,1242.08,920.92,886.63,1242.08,79.50,20.50,1.00,1.00,25537.06,26552.40,27057.40,25552.06,79,20,20,79,62598.52,62611.56,,
2026-07-09T19:48:40+08:00,btc-updown-5m-1783597500,https://polymarket.com/zh/event/btc-updown-5m-1783597500,19:45-19:50,80.00,21.00,79.00,20.00,970.17,1201.86,1371.25,986.02,79.50,20.50,1.00,1.00,25537.07,28087.40,28087.40,25600.06,79,20,20,79,62598.52,62617.30,,
2026-07-09T19:48:42+08:00,btc-updown-5m-1783597500,https://polymarket.com/zh/event/btc-updown-5m-1783597500,19:45-19:50,80.00,21.00,79.00,20.00,967.73,700.95,757.02,967.73,79.50,20.50,1.00,1.00,25500.07,28069.07,28069.07,25485.06,79,20,20,79,62598.52,62617.30,,
2026-07-09T19:48:43+08:00,btc-updown-5m-1783597500,https://polymarket.com/zh/event/btc-updown-5m-1783597500,19:45-19:50,79.00,23.00,78.00,22.00,1045.98,96.85,98.18,363.18,78.50,22.50,1.00,1.00,25490.06,26495.07,26490.07,25400.06,78,21,22,77,62598.52,62617.30,,
2026-07-09T19:48:45+08:00,btc-updown-5m-1783597500,https://polymarket.com/zh/event/btc-updown-5m-1783597500,19:45-19:50,79.00,22.00,78.00,21.00,50.80,889.61,938.51,31.24,78.50,21.50,1.00,1.00,25474.06,26985.07,26990.07,25469.06,78,21,21,78,62598.52,62611.96,,
2026-07-09T19:48:47+08:00,btc-updown-5m-1783597500,https://polymarket.com/zh/event/btc-updown-5m-1783597500,19:45-19:50,80.00,21.00,79.00,20.00,858.55,329.05,402.86,838.55,79.50,20.50,1.00,1.00,25489.07,27480.07,27480.07,25479.06,79,20,20,79,62598.52,62611.96,,
2026-07-09T19:48:49+08:00,btc-updown-5m-1783597500,https://polymarket.com/zh/event/btc-updown-5m-1783597500,19:45-19:50,80.00,21.00,79.00,20.00,299.91,942.44,942.44,259.91,79.50,20.50,1.00,1.00,25469.06,27868.07,27863.07,25464.06,79,20,20,79,62598.52,62615.65,,
2026-07-09T19:48:51+08:00,btc-updown-5m-1783597500,https://polymarket.com/zh/event/btc-updown-5m-1783597500,19:45-19:50,80.00,21.00,79.00,20.00,203.83,849.77,844.77,198.45,79.50,20.50,1.00,1.00,25331.57,27788.07,27788.07,25326.57,79,20,20,79,62598.52,62616.67,,
2026-07-09T19:48:53+08:00,btc-updown-5m-1783597500,https://polymarket.com/zh/event/btc-updown-5m-1783597500,19:45-19:50,79.00,22.00,78.00,21.00,409.41,105.45,55.45,409.41,78.50,21.50,1.00,1.00,25251.57,28073.07,28063.07,25261.57,78,21,21,78,62598.52,62616.67,,
2026-07-09T19:48:55+08:00,btc-updown-5m-1783597500,https://polymarket.com/zh/event/btc-updown-5m-1783597500,19:45-19:50,84.00,17.00,83.00,16.00,30.00,290.65,494.09,290.00,83.50,16.50,1.00,1.00,25311.57,27134.57,27859.57,25341.58,83,16,16,83,62598.52,62616.19,,
2026-07-09T19:48:56+08:00,btc-updown-5m-1783597500,https://polymarket.com/zh/event/btc-updown-5m-1783597500,19:45-19:50,84.00,17.00,83.00,16.00,742.87,80.40,91.54,761.15,83.50,16.50,1.00,1.00,25476.57,28699.57,28704.57,25466.57,83,16,16,83,62598.52,62616.86,,
2026-07-09T19:48:58+08:00,btc-updown-5m-1783597500,https://polymarket.com/zh/event/btc-updown-5m-1783597500,19:45-19:50,90.00,11.00,89.00,10.00,3324.07,837.90,868.12,1830.52,89.50,10.50,1.00,1.00,25470.08,22897.70,23479.36,25480.08,89,10,10,89,62598.52,62621.21,,
2026-07-09T19:49:01+08:00,btc-updown-5m-1783597500,https://polymarket.com/zh/event/btc-updown-5m-1783597500,19:45-19:50,90.00,11.00,89.00,10.00,1352.76,617.16,696.36,1352.76,89.50,10.50,1.00,1.00,26115.49,22503.94,22503.94,26125.48,89,10,10,89,62598.52,62621.33,,
2026-07-09T19:49:03+08:00,btc-updown-5m-1783597500,https://polymarket.com/zh/event/btc-updown-5m-1783597500,19:45-19:50,84.00,17.00,83.00,16.00,315.82,1023.44,637.00,41.83,83.50,16.50,1.00,1.00,25267.49,21999.58,22178.69,25294.98,83,16,16,83,62598.52,62619.65,,
2026-07-09T19:49:05+08:00,btc-updown-5m-1783597500,https://polymarket.com/zh/event/btc-updown-5m-1783597500,19:45-19:50,90.00,11.00,89.00,10.00,1496.29,191.08,191.08,1496.29,89.50,10.50,1.00,1.00,25642.98,22457.26,22507.26,25607.98,89,10,10,89,62598.52,62621.34,,
2026-07-09T19:49:06+08:00,btc-updown-5m-1783597500,https://polymarket.com/zh/event/btc-updown-5m-1783597500,19:45-19:50,90.00,11.00,89.00,10.00,1436.60,151.43,151.43,1597.60,89.50,10.50,1.00,1.00,25356.64,21870.19,21220.19,25356.64,89,10,10,89,62598.52,62622.15,,
2026-07-09T19:49:08+08:00,btc-updown-5m-1783597500,https://polymarket.com/zh/event/btc-updown-5m-1783597500,19:45-19:50,90.00,15.00,89.00,10.00,2104.30,31.40,92.09,2103.18,89.50,12.50,1.00,5.00,22996.65,23100.69,23100.69,22959.99,86,10,10,85,62598.52,62573.74,,
2026-07-09T19:49:10+08:00,btc-updown-5m-1783597500,https://polymarket.com/zh/event/btc-updown-5m-1783597500,19:45-19:50,44.00,64.00,36.00,60.00,51.00,38.04,57.41,85.00,40.00,62.00,8.00,4.00,16081.99,24400.69,24405.69,15581.99,36,20,24,36,62598.52,62564.85,,
2026-07-09T19:49:12+08:00,btc-updown-5m-1783597500,https://polymarket.com/zh/event/btc-updown-5m-1783597500,19:45-19:50,38.00,68.00,32.00,61.00,17.00,45.34,79.40,5.00,35.00,64.50,6.00,7.00,22359.69,19209.74,19014.74,22341.18,17,25,23,18,62598.52,62582.36,,
2026-07-09T19:49:14+08:00,btc-updown-5m-1783597500,https://polymarket.com/zh/event/btc-updown-5m-1783597500,19:45-19:50,38.00,70.00,33.00,67.00,12.00,5.00,48.73,183.00,35.50,68.50,5.00,3.00,18077.52,16035.11,16040.11,18202.52,33,62,67,28,62598.52,62577.47,,
2026-07-09T19:49:16+08:00,btc-updown-5m-1783597500,https://polymarket.com/zh/event/btc-updown-5m-1783597500,19:45-19:50,20.00,81.00,19.00,80.00,58.79,80.91,86.64,44.94,19.50,80.50,1.00,1.00,31369.32,30933.41,30943.40,31364.32,19,80,80,19,62598.52,62575.79,,
2026-07-09T19:49:18+08:00,btc-updown-5m-1783597500,https://polymarket.com/zh/event/btc-updown-5m-1783597500,19:45-19:50,16.00,82.00,15.00,81.00,16.12,5.00,60.13,53.53,15.50,81.50,1.00,1.00,32271.32,31185.90,31175.90,32336.32,15,83,81,18,62598.52,62572.48,,
2026-07-09T19:49:20+08:00,btc-updown-5m-1783597500,https://polymarket.com/zh/event/btc-updown-5m-1783597500,19:45-19:50,17.00,84.00,16.00,83.00,61.35,53.14,18.58,67.75,16.50,83.50,1.00,1.00,26067.99,31185.44,31190.44,26082.99,16,83,83,16,62598.52,62569.99,,
2026-07-09T19:49:22+08:00,btc-updown-5m-1783597500,https://polymarket.com/zh/event/btc-updown-5m-1783597500,19:45-19:50,31.00,70.00,30.00,69.00,8.00,224.66,376.97,16.00,30.50,69.50,1.00,1.00,26246.97,31190.45,31200.44,26256.97,30,69,69,30,62598.52,62569.99,,
2026-07-09T19:49:23+08:00,btc-updown-5m-1783597500,https://polymarket.com/zh/event/btc-updown-5m-1783597500,19:45-19:50,34.00,66.00,33.00,65.00,31.00,146.86,138.37,109.80,33.50,65.50,1.00,1.00,31631.97,31200.44,31190.45,31631.97,33,66,65,34,62598.52,62582.21,,
2026-07-09T19:49:25+08:00,btc-updown-5m-1783597500,https://polymarket.com/zh/event/btc-updown-5m-1783597500,19:45-19:50,34.00,67.00,33.00,66.00,193.66,92.68,58.80,188.66,33.50,66.50,1.00,1.00,31669.47,30874.95,30331.94,31696.97,33,66,66,33,62598.52,62582.21,,
2026-07-09T19:49:27+08:00,btc-updown-5m-1783597500,https://polymarket.com/zh/event/btc-updown-5m-1783597500,19:45-19:50,30.00,71.00,29.00,70.00,266.72,62.89,59.00,266.72,29.50,70.50,1.00,1.00,31766.97,30884.94,30879.95,31761.97,29,70,70,29,62598.52,62582.21,,
2026-07-09T19:49:29+08:00,btc-updown-5m-1783597500,https://polymarket.com/zh/event/btc-updown-5m-1783597500,19:45-19:50,40.00,61.00,39.00,60.00,118.99,55.00,50.09,129.99,39.50,60.50,1.00,1.00,30643.79,30776.94,30761.94,30633.79,39,60,60,39,62598.52,62588.74,,
2026-07-09T19:49:31+08:00,btc-updown-5m-1783597500,https://polymarket.com/zh/event/btc-updown-5m-1783597500,19:45-19:50,37.00,66.00,36.00,65.00,185.04,45.00,43.86,175.00,36.50,65.50,1.00,1.00,31117.08,30551.95,30531.94,31117.08,34,63,65,33,62598.52,62588.73,,
2026-07-09T19:49:33+08:00,btc-updown-5m-1783597500,https://polymarket.com/zh/event/btc-updown-5m-1783597500,19:45-19:50,26.00,76.00,24.00,75.00,55.46,167.46,80.93,5.00,25.00,75.50,2.00,1.00,31397.39,30526.94,30536.94,30516.41,24,69,67,24,62598.52,62588.73,,
2026-07-09T19:49:35+08:00,btc-updown-5m-1783597500,https://polymarket.com/zh/event/btc-updown-5m-1783597500,19:45-19:50,50.00,50.00,49.00,49.00,37.43,278.81,165.00,196.97,49.50,49.50,1.00,1.00,34315.42,30051.79,30079.29,34300.42,45,50,49,45,62598.52,62595.26,,
2026-07-09T19:49:37+08:00,btc-updown-5m-1783597500,https://polymarket.com/zh/event/btc-updown-5m-1783597500,19:45-19:50,27.00,74.00,26.00,73.00,110.00,27.62,49.90,237.74,26.50,73.50,1.00,1.00,19215.42,14384.79,14394.79,19182.92,26,73,71,26,62598.52,62589.31,,
2026-07-09T19:49:39+08:00,btc-updown-5m-1783597500,https://polymarket.com/zh/event/btc-updown-5m-1783597500,19:45-19:50,26.00,76.00,25.00,75.00,192.11,0.96,91.75,50.00,25.50,75.50,1.00,1.00,17610.92,14491.95,14516.95,17620.92,25,73,74,24,62598.52,62585.99,,
2026-07-09T19:49:41+08:00,btc-updown-5m-1783597500,https://polymarket.com/zh/event/btc-updown-5m-1783597500,19:45-19:50,21.00,80.00,20.00,79.00,245.76,1917.55,1953.80,275.76,20.50,79.50,1.00,1.00,17455.92,15039.96,15029.95,15255.92,17,79,79,18,62598.52,62583.99,,
2026-07-09T19:49:43+08:00,btc-updown-5m-1783597500,https://polymarket.com/zh/event/btc-updown-5m-1783597500,19:45-19:50,21.00,80.00,20.00,79.00,169.19,1772.15,1772.15,159.27,20.50,79.50,1.00,1.00,13975.92,15041.49,15051.49,14475.92,20,79,79,20,62598.52,62583.99,,
2026-07-09T19:49:44+08:00,btc-updown-5m-1783597500,https://polymarket.com/zh/event/btc-updown-5m-1783597500,19:45-19:50,29.00,72.00,28.00,71.00,80.55,174.00,200.22,86.55,28.50,71.50,1.00,1.00,14991.10,15083.49,15063.50,15066.10,26,71,71,26,62598.52,62584.00,,
2026-07-09T19:49:46+08:00,btc-updown-5m-1783597500,https://polymarket.com/zh/event/btc-updown-5m-1783597500,19:45-19:50,29.00,72.00,28.00,71.00,39.23,48.37,48.37,39.23,28.50,71.50,1.00,1.00,12621.33,13348.40,13348.40,12616.33,23,70,70,23,62598.52,62587.12,,
2026-07-09T19:49:48+08:00,btc-updown-5m-1783597500,https://polymarket.com/zh/event/btc-updown-5m-1783597500,19:45-19:50,29.00,72.00,24.00,70.00,4.10,5.00,18.04,9.32,26.50,71.00,5.00,2.00,12240.33,13123.40,13108.40,12240.33,19,71,70,21,62598.52,62587.12,,
2026-07-09T19:49:50+08:00,btc-updown-5m-1783597500,https://polymarket.com/zh/event/btc-updown-5m-1783597500,19:45-19:50,30.00,68.00,29.00,57.00,74.96,24.52,174.87,8.79,29.50,62.50,1.00,11.00,7021.33,11417.40,10944.40,6271.33,26,44,34,24,62598.52,62587.12,,
2026-07-09T19:49:52+08:00,btc-updown-5m-1783597500,https://polymarket.com/zh/event/btc-updown-5m-1783597500,19:45-19:50,36.00,66.00,29.00,64.00,18.75,24.00,88.77,18.75,32.50,65.00,7.00,2.00,5627.33,10682.74,10687.75,5622.33,21,44,43,20,62598.52,62591.39,,
2026-07-09T19:49:54+08:00,btc-updown-5m-1783597500,https://polymarket.com/zh/event/btc-updown-5m-1783597500,19:45-19:50,49.00,60.00,46.00,57.00,35.00,4.92,36.28,199.67,47.50,58.50,3.00,3.00,11492.33,10682.74,10682.74,11477.33,28,43,40,29,62598.52,62593.89,,
2026-07-09T19:49:56+08:00,btc-updown-5m-1783597500,https://polymarket.com/zh/event/btc-updown-5m-1783597500,19:45-19:50,24.00,82.00,23.00,76.00,38.50,15.00,13.10,78.50,23.50,79.00,1.00,6.00,11712.33,12009.75,12004.74,11667.33,16,49,47,15,62598.52,62593.68,,
2026-07-09T19:49:58+08:00,btc-updown-5m-1783597500,https://polymarket.com/zh/event/btc-updown-5m-1783597500,19:45-19:50,75.00,23.00,72.00,18.00,8.27,39.28,20.46,5.00,73.50,20.50,3.00,5.00,16901.33,5474.74,5422.74,16914.38,52,19,15,61,62598.52,62601.77,,
2026-07-09T19:50:00+08:00,btc-updown-5m-1783597500,https://polymarket.com/zh/event/btc-updown-5m-1783597500,19:45-19:50,98.00,1.00,90.00,,63.24,2467.89,179.23,,94.00,,8.00,,8716.84,2069.43,,6792.25,75,2,0,67,62598.52,62601.78,,
2026-07-09T19:50:02+08:00,btc-updown-5m-1783597800,https://polymarket.com/zh/event/btc-updown-5m-1783597800,19:50-19:55,54.00,47.00,53.00,46.00,301.41,171.26,161.87,295.39,53.50,46.50,1.00,1.00,18810.56,17759.34,17719.34,18405.57,53,46,46,53,62604.27,62604.27,,
2026-07-09T19:50:03+08:00,btc-updown-5m-1783597800,https://polymarket.com/zh/event/btc-updown-5m-1783597800,19:50-19:55,55.00,46.00,54.00,45.00,560.42,284.12,234.47,565.42,54.50,45.50,1.00,1.00,20038.56,18522.34,18512.34,20033.56,54,45,45,54,62604.27,62604.27,,
2026-07-09T19:50:05+08:00,btc-updown-5m-1783597800,https://polymarket.com/zh/event/btc-updown-5m-1783597800,19:50-19:55,55.00,46.00,54.00,45.00,602.74,236.32,301.75,521.44,54.50,45.50,1.00,1.00,20159.57,18693.34,18683.34,20154.56,54,45,45,54,62604.27,62602.99,,
2026-07-09T19:50:07+08:00,btc-updown-5m-1783597800,https://polymarket.com/zh/event/btc-updown-5m-1783597800,19:50-19:55,49.00,52.00,48.00,51.00,323.12,5.00,17.94,323.12,48.50,51.50,1.00,1.00,19990.12,18501.34,18505.35,19990.12,48,51,51,48,62604.27,62593.57,,
2026-07-09T19:50:09+08:00,btc-updown-5m-1783597800,https://polymarket.com/zh/event/btc-updown-5m-1783597800,19:50-19:55,50.00,51.00,49.00,50.00,78.62,886.81,916.81,42.86,49.50,50.50,1.00,1.00,19085.12,17642.34,17632.34,19085.12,49,50,50,49,62604.27,62596.70,,
2026-07-09T19:50:11+08:00,btc-updown-5m-1783597800,https://polymarket.com/zh/event/btc-updown-5m-1783597800,19:50-19:55,51.00,50.00,50.00,49.00,454.39,546.09,556.09,423.64,50.50,49.50,1.00,1.00,19844.82,18296.04,18291.04,19839.82,50,49,49,50,62604.27,62599.82,,
2026-07-09T19:50:13+08:00,btc-updown-5m-1783597800,https://polymarket.com/zh/event/btc-updown-5m-1783597800,19:50-19:55,51.00,50.00,50.00,49.00,496.22,380.09,445.09,496.22,50.50,49.50,1.00,1.00,20284.82,18306.04,18296.04,19774.82,50,49,49,50,62604.27,62599.82,,
2026-07-09T19:50:15+08:00,btc-updown-5m-1783597800,https://polymarket.com/zh/event/btc-updown-5m-1783597800,19:50-19:55,51.00,50.00,50.00,49.00,623.11,168.00,152.75,697.42,50.50,49.50,1.00,1.00,20082.92,18925.04,18940.04,20587.92,50,49,49,50,62604.27,62599.83,,
2026-07-09T19:50:17+08:00,btc-updown-5m-1783597800,https://polymarket.com/zh/event/btc-updown-5m-1783597800,19:50-19:55,51.00,50.00,50.00,49.00,607.40,72.37,72.37,607.40,50.50,49.50,1.00,1.00,20903.83,18932.04,18942.04,20408.82,50,49,49,50,62604.27,62596.80,,
2026-07-09T19:50:19+08:00,btc-updown-5m-1783597800,https://polymarket.com/zh/event/btc-updown-5m-1783597800,19:50-19:55,50.00,51.00,49.00,50.00,865.67,61.00,61.00,856.67,49.50,50.50,1.00,1.00,20403.82,18948.04,18948.04,20403.82,49,50,50,49,62604.27,62596.80,,
2026-07-09T19:50:21+08:00,btc-updown-5m-1783597800,https://polymarket.com/zh/event/btc-updown-5m-1783597800,19:50-19:55,44.00,64.00,36.00,61.00,135.00,18.11,56.50,5.00,40.00,62.50,8.00,3.00,20359.82,18904.05,18914.05,20354.82,36,53,59,36,62604.27,62580.48,,
2026-07-09T19:50:22+08:00,btc-updown-5m-1783597800,https://polymarket.com/zh/event/btc-updown-5m-1783597800,19:50-19:55,38.00,63.00,37.00,58.00,98.00,189.44,36.08,36.67,37.50,60.50,1.00,5.00,22600.42,18905.71,18900.71,22634.42,37,60,57,37,62604.27,62587.43,,
2026-07-09T19:50:24+08:00,btc-updown-5m-1783597800,https://polymarket.com/zh/event/btc-updown-5m-1783597800,19:50-19:55,45.00,56.00,44.00,55.00,626.54,307.91,105.10,630.79,44.50,55.50,1.00,1.00,23460.90,20171.60,20166.61,23520.60,44,55,55,44,62604.27,62587.43,,
2026-07-09T19:50:26+08:00,btc-updown-5m-1783597800,https://polymarket.com/zh/event/btc-updown-5m-1783597800,19:50-19:55,45.00,56.00,44.00,55.00,23.28,538.80,528.80,23.28,44.50,55.50,1.00,1.00,23618.00,20242.98,20247.98,23618.00,44,55,54,44,62604.27,62596.82,,
2026-07-09T19:50:28+08:00,btc-updown-5m-1783597800,https://polymarket.com/zh/event/btc-updown-5m-1783597800,19:50-19:55,49.00,52.00,48.00,51.00,397.99,213.13,213.13,397.99,48.50,51.50,1.00,1.00,23883.00,20252.28,20242.28,23888.00,48,51,51,48,62604.27,62592.99,,
2026-07-09T19:50:30+08:00,btc-updown-5m-1783597800,https://polymarket.com/zh/event/btc-updown-5m-1783597800,19:50-19:55,46.00,55.00,45.00,54.00,430.73,422.61,417.61,291.07,45.50,54.50,1.00,1.00,23438.00,19730.69,19725.68,23418.00,45,54,54,45,62604.27,62592.15,,
2026-07-09T19:50:32+08:00,btc-updown-5m-1783597800,https://polymarket.com/zh/event/btc-updown-5m-1783597800,19:50-19:55,45.00,60.00,44.00,55.00,745.00,121.50,20.00,932.13,44.50,57.50,1.00,5.00,23428.00,19724.68,19749.69,23348.00,44,55,55,40,62604.27,62592.13,,
2026-07-09T19:50:34+08:00,btc-updown-5m-1783597800,https://polymarket.com/zh/event/btc-updown-5m-1783597800,19:50-19:55,44.00,57.00,43.00,56.00,152.54,396.84,384.28,97.37,43.50,56.50,1.00,1.00,23428.00,19734.69,19739.70,23428.00,43,56,56,43,62604.27,62587.05,,
2026-07-09T19:50:36+08:00,btc-updown-5m-1783597800,https://polymarket.com/zh/event/btc-updown-5m-1783597800,19:50-19:55,48.00,53.00,47.00,52.00,144.15,175.56,38.04,144.15,47.50,52.50,1.00,1.00,23531.23,19639.68,19624.69,23506.23,47,52,52,47,62604.27,62594.66,,
2026-07-09T19:50:37+08:00,btc-updown-5m-1783597800,https://polymarket.com/zh/event/btc-updown-5m-1783597800,19:50-19:55,53.00,48.00,52.00,47.00,556.33,70.00,60.00,386.26,52.50,47.50,1.00,1.00,23516.24,19620.69,19620.68,23516.24,52,47,47,52,62604.27,62595.26,,
2026-07-09T19:50:39+08:00,btc-updown-5m-1783597800,https://polymarket.com/zh/event/btc-updown-5m-1783597800,19:50-19:55,53.00,48.00,52.00,47.00,575.72,434.05,439.53,616.77,52.50,47.50,1.00,1.00,23506.23,19600.68,19600.68,23501.23,52,47,47,52,62604.27,62598.51,,
2026-07-09T19:50:41+08:00,btc-updown-5m-1783597800,https://polymarket.com/zh/event/btc-updown-5m-1783597800,19:50-19:55,49.00,52.00,48.00,51.00,323.86,601.85,392.87,184.82,48.50,51.50,1.00,1.00,23522.07,19696.68,19690.68,23527.07,48,51,51,48,62604.27,62600.82,,
2026-07-09T19:50:43+08:00,btc-updown-5m-1783597800,https://polymarket.com/zh/event/btc-updown-5m-1783597800,19:50-19:55,49.00,50.00,48.00,49.00,5.00,34.00,853.38,10.00,48.50,49.50,1.00,1.00,23517.07,19626.68,19610.69,23522.07,48,50,49,49,62604.27,62595.88,,
2026-07-09T19:50:45+08:00,btc-updown-5m-1783597800,https://polymarket.com/zh/event/btc-updown-5m-1783597800,19:50-19:55,55.00,46.00,54.00,45.00,198.45,529.14,533.49,190.45,54.50,45.50,1.00,1.00,23547.07,19685.68,19680.68,23527.07,54,45,45,54,62604.27,62604.27,,
2026-07-09T19:50:47+08:00,btc-updown-5m-1783597800,https://polymarket.com/zh/event/btc-updown-5m-1783597800,19:50-19:55,55.00,46.00,54.00,45.00,195.58,540.58,598.60,195.58,54.50,45.50,1.00,1.00,23603.02,19815.68,19795.68,24113.03,54,45,45,54,62604.27,62604.28,,
2026-07-09T19:50:49+08:00,btc-updown-5m-1783597800,https://polymarket.com/zh/event/btc-updown-5m-1783597800,19:50-19:55,55.00,46.00,54.00,45.00,163.08,599.84,568.38,92.36,54.50,45.50,1.00,1.00,24108.02,21809.68,21799.68,23608.02,54,45,45,54,62604.27,62604.27,,
2026-07-09T19:50:51+08:00,btc-updown-5m-1783597800,https://polymarket.com/zh/event/btc-updown-5m-1783597800,19:50-19:55,55.00,46.00,54.00,45.00,27.55,540.93,549.99,119.58,54.50,45.50,1.00,1.00,20703.02,21094.68,21109.68,20703.02,54,45,45,54,62604.27,62604.27,,
2026-07-09T19:50:53+08:00,btc-updown-5m-1783597800,https://polymarket.com/zh/event/btc-updown-5m-1783597800,19:50-19:55,56.00,45.00,55.00,44.00,423.87,566.99,566.99,423.87,55.50,44.50,1.00,1.00,20713.02,21209.68,21204.68,21208.02,55,44,44,55,62604.27,62604.27,,
2026-07-09T19:50:55+08:00,btc-updown-5m-1783597800,https://polymarket.com/zh/event/btc-updown-5m-1783597800,19:50-19:55,57.00,43.00,56.00,42.00,59.00,711.66,748.54,113.69,56.50,42.50,1.00,1.00,20729.03,21164.68,21179.68,21214.02,56,43,42,57,62604.27,62604.27,,
2026-07-09T19:50:57+08:00,btc-updown-5m-1783597800,https://polymarket.com/zh/event/btc-updown-5m-1783597800,19:50-19:55,58.00,43.00,57.00,42.00,37.33,916.05,907.70,37.33,57.50,42.50,1.00,1.00,21199.02,21159.68,21154.68,21204.02,57,42,42,57,62604.27,62607.41,,
2026-07-09T19:50:58+08:00,btc-updown-5m-1783597800,https://polymarket.com/zh/event/btc-updown-5m-1783597800,19:50-19:55,59.00,42.00,58.00,41.00,402.56,744.61,744.61,402.25,58.50,41.50,1.00,1.00,20714.02,21169.68,21169.68,20714.02,58,41,41,58,62604.27,62607.40,,
2026-07-09T19:51:00+08:00,btc-updown-5m-1783597800,https://polymarket.com/zh/event/btc-updown-5m-1783597800,19:50-19:55,60.00,41.00,59.00,40.00,21.00,940.97,301.00,19.11,59.50,40.50,1.00,1.00,27870.72,28369.71,28037.71,28380.72,59,40,40,59,62604.27,62608.29,,
2026-07-09T19:51:02+08:00,btc-updown-5m-1783597800,https://polymarket.com/zh/event/btc-updown-5m-1783597800,19:50-19:55,65.00,35.00,64.00,34.00,19.10,668.82,702.77,42.90,64.50,34.50,1.00,1.00,28208.72,27632.71,27624.71,27690.72,64,35,34,65,62604.27,62614.81,,
2026-07-09T19:51:04+08:00,btc-updown-5m-1783597800,https://polymarket.com/zh/event/btc-updown-5m-1783597800,19:50-19:55,69.00,32.00,68.00,31.00,786.23,331.01,340.16,771.23,68.50,31.50,1.00,1.00,27656.72,26235.05,26250.05,28161.72,68,31,31,68,62604.27,62621.34,,
2026-07-09T19:51:06+08:00,btc-updown-5m-1783597800,https://polymarket.com/zh/event/btc-updown-5m-1783597800,19:50-19:55,69.00,32.00,68.00,31.00,181.40,470.37,513.94,173.95,68.50,31.50,1.00,1.00,27851.72,25935.05,25930.05,27841.72,68,31,31,68,62604.27,62621.14,,
2026-07-09T19:51:08+08:00,btc-updown-5m-1783597800,https://polymarket.com/zh/event/btc-updown-5m-1783597800,19:50-19:55,67.00,34.00,66.00,33.00,346.08,331.98,331.98,343.83,66.50,33.50,1.00,1.00,27937.72,25736.05,25736.05,27922.72,66,33,33,66,62604.27,62618.89,,
2026-07-09T19:51:10+08:00,btc-updown-5m-1783597800,https://polymarket.com/zh/event/btc-updown-5m-1783597800,19:50-19:55,67.00,34.00,66.00,33.00,284.14,201.46,161.46,287.49,66.50,33.50,1.00,1.00,26413.71,25520.05,25505.05,26403.71,66,33,33,66,62604.27,62619.84,,
2026-07-09T19:51:12+08:00,btc-updown-5m-1783597800,https://polymarket.com/zh/event/btc-updown-5m-1783597800,19:50-19:55,68.00,33.00,67.00,32.00,796.45,51.00,51.00,790.45,67.50,32.50,1.00,1.00,26057.01,25173.35,25086.35,26480.01,67,32,32,67,62604.27,62619.84,,
2026-07-09T19:51:14+08:00,btc-updown-5m-1783597800,https://polymarket.com/zh/event/btc-updown-5m-1783597800,19:50-19:55,71.00,30.00,70.00,29.00,1427.00,437.96,463.97,1415.00,70.50,29.50,1.00,1.00,26470.02,25071.35,25083.35,25970.01,70,29,29,70,62604.27,62621.33,,
2026-07-09T19:51:15+08:00,btc-updown-5m-1783597800,https://polymarket.com/zh/event/btc-updown-5m-1783597800,19:50-19:55,72.00,29.00,71.00,28.00,434.19,203.03,218.03,475.34,71.50,28.50,1.00,1.00,25975.01,25095.35,25020.35,26465.01,71,28,28,71,62604.27,62624.47,,
2026-07-09T19:51:17+08:00,btc-updown-5m-1783597800,https://polymarket.com/zh/event/btc-updown-5m-1783597800,19:50-19:55,71.00,30.00,70.00,29.00,128.19,449.76,474.98,128.19,70.50,29.50,1.00,1.00,25882.01,19802.35,19797.35,26407.01,70,29,29,70,62604.27,62624.46,,
2026-07-09T19:51:19+08:00,btc-updown-5m-1783597800,https://polymarket.com/zh/event/btc-updown-5m-1783597800,19:50-19:55,72.00,29.00,71.00,28.00,184.80,420.13,471.84,162.42,71.50,28.50,1.00,1.00,26302.01,19944.02,19939.02,26287.01,71,28,28,71,62604.27,62624.59,,
2026-07-09T19:51:21+08:00,btc-updown-5m-1783597800,https://polymarket.com/zh/event/btc-updown-5m-1783597800,19:50-19:55,74.00,27.00,72.00,25.00,1.24,30.00,123.38,75.00,73.00,26.00,2.00,2.00,25781.01,19968.02,19968.02,25786.02,72,26,25,73,62604.27,62624.60,,
2026-07-09T19:51:23+08:00,btc-updown-5m-1783597800,https://polymarket.com/zh/event/btc-updown-5m-1783597800,19:50-19:55,76.00,25.00,75.00,24.00,440.42,55.40,118.56,663.37,75.50,24.50,1.00,1.00,25798.50,19943.02,20208.02,26258.47,75,24,24,75,62604.27,62636.67,,
2026-07-09T19:51:25+08:00,btc-updown-5m-1783597800,https://polymarket.com/zh/event/btc-updown-5m-1783597800,19:50-19:55,75.00,26.00,74.00,25.00,703.32,310.14,310.14,583.76,74.50,25.50,1.00,1.00,25778.47,20478.02,20473.02,26273.47,74,25,25,74,62604.27,62630.01,,
2026-07-09T19:51:27+08:00,btc-updown-5m-1783597800,https://polymarket.com/zh/event/btc-updown-5m-1783597800,19:50-19:55,75.00,26.00,74.00,25.00,112.06,261.13,456.96,358.06,74.50,25.50,1.00,1.00,26258.47,18816.02,18806.02,25778.47,74,25,25,74,62604.27,62630.01,,
2026-07-09T19:51:29+08:00,btc-updown-5m-1783597800,https://polymarket.com/zh/event/btc-updown-5m-1783597800,19:50-19:55,69.00,32.00,68.00,31.00,549.32,400.92,400.92,601.81,68.50,31.50,1.00,1.00,25698.48,20836.02,20831.02,25693.47,68,31,31,68,62604.27,62624.61,,
2026-07-09T19:51:31+08:00,btc-updown-5m-1783597800,https://polymarket.com/zh/event/btc-updown-5m-1783597800,19:50-19:55,69.00,32.00,68.00,31.00,332.66,449.13,449.13,437.16,68.50,31.50,1.00,1.00,26173.47,20831.02,20408.02,25218.47,68,31,31,68,62604.27,62624.61,,
2026-07-09T19:51:33+08:00,btc-updown-5m-1783597800,https://polymarket.com/zh/event/btc-updown-5m-1783597800,19:50-19:55,69.00,32.00,68.00,31.00,292.62,336.36,428.35,317.62,68.50,31.50,1.00,1.00,25213.47,20388.02,20403.02,25728.47,68,31,31,68,62604.27,62624.61,,
2026-07-09T19:51:34+08:00,btc-updown-5m-1783597800,https://polymarket.com/zh/event/btc-updown-5m-1783597800,19:50-19:55,69.00,32.00,68.00,31.00,412.54,426.46,426.46,412.54,68.50,31.50,1.00,1.00,25208.47,20393.02,20388.02,25713.47,68,31,31,68,62604.27,62624.61,,
2026-07-09T19:51:36+08:00,btc-updown-5m-1783597800,https://polymarket.com/zh/event/btc-updown-5m-1783597800,19:50-19:55,70.00,31.00,69.00,30.00,568.15,335.38,305.38,568.15,69.50,30.50,1.00,1.00,25303.47,20351.02,20346.02,25798.47,69,30,30,69,62604.27,62622.61,,
2026-07-09T19:51:38+08:00,btc-updown-5m-1783597800,https://polymarket.com/zh/event/btc-updown-5m-1783597800,19:50-19:55,70.00,31.00,69.00,30.00,213.02,759.26,623.98,50.00,69.50,30.50,1.00,1.00,25788.47,20229.02,20229.02,25788.47,69,30,30,69,62604.27,62622.61,,
2026-07-09T19:51:40+08:00,btc-updown-5m-1783597800,https://polymarket.com/zh/event/btc-updown-5m-1783597800,19:50-19:55,85.00,16.00,84.00,15.00,75.25,744.63,526.20,61.00,84.50,15.50,1.00,1.00,25783.47,20053.02,20098.27,25793.47,84,15,15,84,62604.27,62648.00,,
2026-07-09T19:51:42+08:00,btc-updown-5m-1783597800,https://polymarket.com/zh/event/btc-updown-5m-1783597800,19:50-19:55,85.00,16.00,84.00,15.00,184.63,271.33,69.18,366.80,84.50,15.50,1.00,1.00,25693.47,20713.02,20683.02,25178.47,84,15,15,84,62604.27,62647.15,,
2026-07-09T19:51:44+08:00,btc-updown-5m-1783597800,https://polymarket.com/zh/event/btc-updown-5m-1783597800,19:50-19:55,85.00,17.00,84.00,16.00,930.40,225.08,10.00,195.96,84.50,16.50,1.00,1.00,25683.47,21057.02,21057.02,25198.47,84,15,16,83,62604.27,62647.23,,
2026-07-09T19:51:46+08:00,btc-updown-5m-1783597800,https://polymarket.com/zh/event/btc-updown-5m-1783597800,19:50-19:55,83.00,18.00,82.00,17.00,490.68,954.44,960.80,490.68,82.50,17.50,1.00,1.00,25693.47,21152.02,21252.02,25678.47,82,17,17,82,62604.27,62642.54,,
2026-07-09T19:51:48+08:00,btc-updown-5m-1783597800,https://polymarket.com/zh/event/btc-updown-5m-1783597800,19:50-19:55,82.00,19.00,81.00,18.00,1059.68,99.11,99.11,1054.57,81.50,18.50,1.00,1.00,25513.47,20828.02,20823.02,25533.48,81,18,18,81,62604.27,62637.88,,
2026-07-09T19:51:50+08:00,btc-updown-5m-1783597800,https://polymarket.com/zh/event/btc-updown-5m-1783597800,19:50-19:55,79.00,22.00,78.00,21.00,140.72,562.32,559.02,134.72,78.50,21.50,1.00,1.00,25088.47,20767.02,20762.02,25588.48,78,21,21,78,62604.27,62637.88,,
2026-07-09T19:51:52+08:00,btc-updown-5m-1783597800,https://polymarket.com/zh/event/btc-updown-5m-1783597800,19:50-19:55,81.00,20.00,79.00,19.00,249.41,110.00,646.05,229.41,80.00,19.50,2.00,1.00,25598.48,21157.02,21152.02,25593.48,79,19,19,80,62604.27,62637.88,,
2026-07-09T19:51:54+08:00,btc-updown-5m-1783597800,https://polymarket.com/zh/event/btc-updown-5m-1783597800,19:50-19:55,83.00,18.00,82.00,17.00,5.00,929.54,693.09,5.00,82.50,17.50,1.00,1.00,25093.47,20807.02,20893.27,25093.47,82,17,17,82,62604.27,62640.39,,
2026-07-09T19:51:56+08:00,btc-updown-5m-1783597800,https://polymarket.com/zh/event/btc-updown-5m-1783597800,19:50-19:55,86.00,15.00,85.00,14.00,366.86,383.76,368.76,366.86,85.50,14.50,1.00,1.00,25603.47,19830.94,19845.94,25603.47,85,14,14,85,62604.27,62645.31,,
2026-07-09T19:51:57+08:00,btc-updown-5m-1783597800,https://polymarket.com/zh/event/btc-updown-5m-1783597800,19:50-19:55,86.00,15.00,85.00,14.00,339.13,214.52,214.52,335.63,85.50,14.50,1.00,1.00,24988.46,21009.94,20904.94,25008.46,85,14,14,85,62604.27,62650.09,,
2026-07-09T19:51:59+08:00,btc-updown-5m-1783597800,https://polymarket.com/zh/event/btc-updown-5m-1783597800,19:50-19:55,86.00,15.00,85.00,14.00,10.00,869.03,531.43,10.00,85.50,14.50,1.00,1.00,25498.47,21143.12,20595.20,25483.46,85,14,13,85,62604.27,62650.67,,
2026-07-09T19:52:01+08:00,btc-updown-5m-1783597800,https://polymarket.com/zh/event/btc-updown-5m-1783597800,19:50-19:55,90.00,11.00,89.00,10.00,1552.15,228.51,228.51,1571.64,89.50,10.50,1.00,1.00,25488.46,19799.84,19809.84,24993.47,89,10,10,89,62604.27,62657.76,,
2026-07-09T19:52:03+08:00,btc-updown-5m-1783597800,https://polymarket.com/zh/event/btc-updown-5m-1783597800,19:50-19:55,90.00,11.00,89.00,10.00,1470.61,153.56,228.96,1571.61,89.50,10.50,1.00,1.00,24993.46,20588.80,20593.80,24978.46,89,10,10,89,62604.27,62657.77,,
2026-07-09T19:52:05+08:00,btc-updown-5m-1783597800,https://polymarket.com/zh/event/btc-updown-5m-1783597800,19:50-19:55,88.00,13.00,87.00,12.00,384.49,496.06,496.06,384.49,87.50,12.50,1.00,1.00,24999.46,20803.13,20803.13,24999.46,87,12,12,87,62604.27,62657.76,,
2026-07-09T19:52:07+08:00,btc-updown-5m-1783597800,https://polymarket.com/zh/event/btc-updown-5m-1783597800,19:50-19:55,89.00,12.00,88.00,11.00,254.24,501.12,292.95,199.24,88.50,11.50,1.00,1.00,24994.46,20857.37,21053.28,24994.46,88,11,11,88,62604.27,62657.76,,
2026-07-09T19:52:09+08:00,btc-updown-5m-1783597800,https://polymarket.com/zh/event/btc-updown-5m-1783597800,19:50-19:55,91.00,10.00,90.00,9.00,431.37,704.69,477.31,239.50,90.50,9.50,1.00,1.00,25004.46,17785.55,18189.55,24984.46,90,9,9,90,62604.27,62660.90,,
2026-07-09T19:52:11+08:00,btc-updown-5m-1783597800,https://polymarket.com/zh/event/btc-updown-5m-1783597800,19:50-19:55,92.00,9.00,91.00,8.00,744.53,452.43,1036.93,803.72,91.50,8.50,1.00,1.00,25499.47,19867.12,19297.12,24989.46,91,8,8,91,62604.27,62666.97,,
2026-07-09T19:52:13+08:00,btc-updown-5m-1783597800,https://polymarket.com/zh/event/btc-updown-5m-1783597800,19:50-19:55,92.00,9.00,91.00,8.00,570.29,668.56,668.56,570.29,91.50,8.50,1.00,1.00,25479.46,19338.06,19338.06,24994.46,91,8,8,91,62604.27,62664.45,,
2026-07-09T19:52:15+08:00,btc-updown-5m-1783597800,https://polymarket.com/zh/event/btc-updown-5m-1783597800,19:50-19:55,92.00,9.00,91.00,8.00,543.22,1152.34,1127.95,543.22,91.50,8.50,1.00,1.00,25479.46,19899.06,19894.06,25494.46,91,8,8,91,62604.27,62664.45,,
2026-07-09T19:52:16+08:00,btc-updown-5m-1783597800,https://polymarket.com/zh/event/btc-updown-5m-1783597800,19:50-19:55,92.00,9.00,91.00,8.00,482.17,1140.57,1140.57,482.17,91.50,8.50,1.00,1.00,25484.46,19869.06,19869.06,24979.46,91,8,8,91,62604.27,62664.45,,
2026-07-09T19:52:18+08:00,btc-updown-5m-1783597800,https://polymarket.com/zh/event/btc-updown-5m-1783597800,19:50-19:55,92.00,9.00,91.00,8.00,74.90,1215.36,1215.36,74.90,91.50,8.50,1.00,1.00,25484.47,19963.54,19963.54,25484.46,91,8,8,91,62604.27,62664.45,,
2026-07-09T19:52:20+08:00,btc-updown-5m-1783597800,https://polymarket.com/zh/event/btc-updown-5m-1783597800,19:50-19:55,92.00,9.00,91.00,8.00,318.74,1367.26,1367.26,318.74,91.50,8.50,1.00,1.00,24989.46,19986.53,19986.53,24974.46,91,8,8,91,62604.27,62664.45,,
2026-07-09T19:52:22+08:00,btc-updown-5m-1783597800,https://polymarket.com/zh/event/btc-updown-5m-1783597800,19:50-19:55,93.00,8.00,92.00,7.00,295.45,615.73,571.41,280.75,92.50,7.50,1.00,1.00,24609.46,19471.82,19427.77,25079.46,92,7,7,92,62604.27,62664.46,,
2026-07-09T19:52:24+08:00,btc-updown-5m-1783597800,https://polymarket.com/zh/event/btc-updown-5m-1783597800,19:50-19:55,93.00,8.00,92.00,7.00,574.88,144.95,106.81,580.51,92.50,7.50,1.00,1.00,24604.47,19657.38,19689.43,25094.46,92,7,7,92,62604.27,62666.96,,
2026-07-09T19:52:26+08:00,btc-updown-5m-1783597800,https://polymarket.com/zh/event/btc-updown-5m-1783597800,19:50-19:55,93.00,8.00,92.00,7.00,99.43,836.07,308.70,109.43,92.50,7.50,1.00,1.00,24604.46,18508.93,19041.88,25099.46,92,7,7,92,62604.27,62666.97,,
2026-07-09T19:52:28+08:00,btc-updown-5m-1783597800,https://polymarket.com/zh/event/btc-updown-5m-1783597800,19:50-19:55,89.00,12.00,88.00,11.00,395.74,436.29,434.64,481.78,88.50,11.50,1.00,1.00,25013.47,19349.31,18284.11,24523.46,88,11,11,88,62604.27,62657.21,,
2026-07-09T19:52:30+08:00,btc-updown-5m-1783597800,https://polymarket.com/zh/event/btc-updown-5m-1783597800,19:50-19:55,89.00,12.00,88.00,11.00,616.13,591.05,566.05,591.13,88.50,11.50,1.00,1.00,25058.46,18630.75,18665.75,24568.46,88,11,11,88,62604.27,62657.20,,
2026-07-09T19:52:32+08:00,btc-updown-5m-1783597800,https://polymarket.com/zh/event/btc-updown-5m-1783597800,19:50-19:55,87.00,14.00,86.00,13.00,317.56,443.20,438.20,310.50,86.50,13.50,1.00,1.00,24618.46,19591.25,19723.34,24618.46,86,13,13,86,62604.27,62652.56,,
2026-07-09T19:52:33+08:00,btc-updown-5m-1783597800,https://polymarket.com/zh/event/btc-updown-5m-1783597800,19:50-19:55,87.00,14.00,86.00,13.00,86.74,469.48,464.48,80.99,86.50,13.50,1.00,1.00,24513.46,19437.34,19432.34,24523.46,86,13,13,86,62604.27,62652.56,,
2026-07-09T19:52:35+08:00,btc-updown-5m-1783597800,https://polymarket.com/zh/event/btc-updown-5m-1783597800,19:50-19:55,87.00,15.00,85.00,14.00,828.12,206.18,186.00,642.11,86.00,14.50,2.00,1.00,25003.46,19185.68,19373.11,24523.46,85,13,14,85,62604.27,62650.68,,
2026-07-09T19:52:37+08:00,btc-updown-5m-1783597800,https://polymarket.com/zh/event/btc-updown-5m-1783597800,19:50-19:55,85.00,16.00,84.00,15.00,54.02,492.00,498.25,52.82,84.50,15.50,1.00,1.00,25108.46,19555.49,19560.49,24618.46,84,15,15,84,62604.27,62647.55,,
2026-07-09T19:52:39+08:00,btc-updown-5m-1783597800,https://polymarket.com/zh/event/btc-updown-5m-1783597800,19:50-19:55,90.00,11.00,89.00,10.00,279.66,479.29,444.29,242.55,89.50,10.50,1.00,1.00,24703.46,18919.42,18934.42,25188.46,89,10,10,89,62604.27,62655.26,,
2026-07-09T19:52:41+08:00,btc-updown-5m-1783597800,https://polymarket.com/zh/event/btc-updown-5m-1783597800,19:50-19:55,90.00,10.00,89.00,9.00,15.41,696.59,594.35,313.18,89.50,9.50,1.00,1.00,25198.46,18805.29,18827.29,25193.46,89,10,9,90,62604.27,62655.26,,
2026-07-09T19:52:43+08:00,btc-updown-5m-1783597800,https://polymarket.com/zh/event/btc-updown-5m-1783597800,19:50-19:55,91.00,10.00,90.00,9.00,267.04,681.27,681.27,267.04,90.50,9.50,1.00,1.00,24698.46,18787.92,18733.22,24688.46,90,9,9,90,62604.27,62655.25,,
2026-07-09T19:52:45+08:00,btc-updown-5m-1783597800,https://polymarket.com/zh/event/btc-updown-5m-1783597800,19:50-19:55,92.00,9.00,91.00,8.00,405.86,415.27,444.00,430.86,91.50,8.50,1.00,1.00,24708.47,18707.02,18739.52,24693.46,91,8,8,91,62604.27,62655.25,,
2026-07-09T19:52:47+08:00,btc-updown-5m-1783597800,https://polymarket.com/zh/event/btc-updown-5m-1783597800,19:50-19:55,93.00,8.00,92.00,7.00,482.72,68.03,40.07,488.26,92.50,7.50,1.00,1.00,25198.46,18272.52,18805.89,24683.46,92,7,7,92,62604.27,62655.25,,
2026-07-09T19:52:49+08:00,btc-updown-5m-1783597800,https://polymarket.com/zh/event/btc-updown-5m-1783597800,19:50-19:55,93.00,8.00,92.00,7.00,15.86,641.96,541.96,15.86,92.50,7.50,1.00,1.00,25198.46,18304.22,18309.22,24688.46,92,7,7,92,62604.27,62657.16,,
2026-07-09T19:52:51+08:00,btc-updown-5m-1783597800,https://polymarket.com/zh/event/btc-updown-5m-1783597800,19:50-19:55,94.00,7.00,93.00,6.00,365.82,266.90,408.47,907.25,93.50,6.50,1.00,1.00,24703.47,16870.69,16911.04,24688.46,93,6,6,93,62604.27,62657.19,,
2026-07-09T19:52:52+08:00,btc-updown-5m-1783597800,https://polymarket.com/zh/event/btc-updown-5m-1783597800,19:50-19:55,95.00,6.00,94.00,5.00,54.26,590.36,585.36,48.27,94.50,5.50,1.00,1.00,24612.47,17419.31,17410.27,25117.47,94,5,5,94,62604.27,62663.71,,
2026-07-09T19:52:54+08:00,btc-updown-5m-1783597800,https://polymarket.com/zh/event/btc-updown-5m-1783597800,19:50-19:55,96.00,5.00,95.00,4.00,471.80,758.14,703.44,471.80,95.50,4.50,1.00,1.00,25101.48,13515.46,13002.14,24601.47,95,4,4,95,62604.27,62675.10,,
2026-07-09T19:52:56+08:00,btc-updown-5m-1783597800,https://polymarket.com/zh/event/btc-updown-5m-1783597800,19:50-19:55,96.00,5.00,95.00,4.00,677.92,782.44,777.44,677.92,95.50,4.50,1.00,1.00,24591.47,14722.79,14729.84,24601.48,95,4,4,95,62604.27,62674.03,,
2026-07-09T19:52:58+08:00,btc-updown-5m-1783597800,https://polymarket.com/zh/event/btc-updown-5m-1783597800,19:50-19:55,96.00,5.00,95.00,4.00,572.96,835.94,830.94,572.96,95.50,4.50,1.00,1.00,24601.47,15166.82,15173.87,24611.47,95,4,4,95,62604.27,62674.03,,
2026-07-09T19:53:00+08:00,btc-updown-5m-1783597800,https://polymarket.com/zh/event/btc-updown-5m-1783597800,19:50-19:55,96.00,5.00,95.00,4.00,264.94,998.15,927.06,98.61,95.50,4.50,1.00,1.00,24873.98,14396.74,14099.41,25328.98,95,4,4,95,62604.27,62674.03,,
2026-07-09T19:53:02+08:00,btc-updown-5m-1783597800,https://polymarket.com/zh/event/btc-updown-5m-1783597800,19:50-19:55,96.00,5.00,95.00,4.00,244.93,502.70,417.70,219.93,95.50,4.50,1.00,1.00,24785.97,14683.66,14606.71,24785.97,95,4,4,95,62604.27,62670.60,,
2026-07-09T19:53:04+08:00,btc-updown-5m-1783597800,https://polymarket.com/zh/event/btc-updown-5m-1783597800,19:50-19:55,97.00,4.00,96.00,3.00,870.11,514.12,456.53,764.86,96.50,3.50,1.00,1.00,24795.97,14243.24,14035.05,24775.97,96,3,3,96,62604.27,62668.68,,
2026-07-09T19:53:06+08:00,btc-updown-5m-1783597800,https://polymarket.com/zh/event/btc-updown-5m-1783597800,19:50-19:55,97.00,4.00,96.00,3.00,558.56,765.36,740.36,187.61,96.50,3.50,1.00,1.00,24775.97,5990.75,5994.76,24785.97,96,3,3,96,62604.27,62672.93,,
2026-07-09T19:53:08+08:00,btc-updown-5m-1783597800,https://polymarket.com/zh/event/btc-updown-5m-1783597800,19:50-19:55,99.00,2.00,98.00,1.00,1722.08,2046.45,2088.95,1707.08,98.50,1.50,1.00,1.00,24265.65,1722.08,1707.08,24270.64,98,1,1,98,62604.27,62690.56,,
2026-07-09T19:53:09+08:00,btc-updown-5m-1783597800,https://polymarket.com/zh/event/btc-updown-5m-1783597800,19:50-19:55,,1.00,99.00,,,2406.23,2361.22,,,,,,24183.17,,,24178.17,99,0,0,99,62604.27,62687.02,,
2026-07-09T19:53:11+08:00,btc-updown-5m-1783597800,https://polymarket.com/zh/event/btc-updown-5m-1783597800,19:50-19:55,,1.00,99.00,,,1636.92,1736.92,,,,,,24184.17,,,24189.17,99,0,0,99,62604.27,62684.27,,
2026-07-09T19:53:13+08:00,btc-updown-5m-1783597800,https://polymarket.com/zh/event/btc-updown-5m-1783597800,19:50-19:55,,1.00,99.00,,,1428.05,1488.05,,,,,,24179.17,,,24189.17,99,0,0,99,62604.27,62681.84,,
2026-07-09T19:53:15+08:00,btc-updown-5m-1783597800,https://polymarket.com/zh/event/btc-updown-5m-1783597800,19:50-19:55,,1.00,99.00,,,402.38,402.38,,,,,,24189.17,,,24189.18,99,0,0,99,62604.27,62680.02,,
2026-07-09T19:53:17+08:00,btc-updown-5m-1783597800,https://polymarket.com/zh/event/btc-updown-5m-1783597800,19:50-19:55,99.00,2.00,98.00,1.00,757.16,1896.53,1916.53,757.16,98.50,1.50,1.00,1.00,24114.17,757.16,757.16,24114.17,98,1,1,98,62604.27,62675.09,,
2026-07-09T19:53:19+08:00,btc-updown-5m-1783597800,https://polymarket.com/zh/event/btc-updown-5m-1783597800,19:50-19:55,99.00,2.00,98.00,1.00,2191.57,1419.96,1419.96,2224.57,98.50,1.50,1.00,1.00,24114.17,2191.57,2224.57,24084.17,98,1,1,98,62604.27,62671.35,,
2026-07-09T19:53:21+08:00,btc-updown-5m-1783597800,https://polymarket.com/zh/event/btc-updown-5m-1783597800,19:50-19:55,99.00,2.00,98.00,1.00,818.55,1599.90,1649.90,821.68,98.50,1.50,1.00,1.00,23855.83,818.55,821.68,23860.83,98,1,1,98,62604.27,62671.36,,
2026-07-09T19:53:23+08:00,btc-updown-5m-1783597800,https://polymarket.com/zh/event/btc-updown-5m-1783597800,19:50-19:55,99.00,2.00,98.00,1.00,862.53,1060.54,945.60,878.32,98.50,1.50,1.00,1.00,23860.84,862.53,878.32,23850.83,98,1,1,98,62604.27,62671.35,,
2026-07-09T19:53:25+08:00,btc-updown-5m-1783597800,https://polymarket.com/zh/event/btc-updown-5m-1783597800,19:50-19:55,99.00,2.00,98.00,1.00,569.28,563.73,610.60,574.28,98.50,1.50,1.00,1.00,23860.83,569.28,574.28,23860.83,98,1,1,98,62604.27,62671.35,,
2026-07-09T19:53:26+08:00,btc-updown-5m-1783597800,https://polymarket.com/zh/event/btc-updown-5m-1783597800,19:50-19:55,99.00,2.00,98.00,1.00,480.55,681.36,687.31,474.54,98.50,1.50,1.00,1.00,23855.83,480.55,474.54,23850.83,98,1,1,98,62604.27,62671.81,,
2026-07-09T19:53:28+08:00,btc-updown-5m-1783597800,https://polymarket.com/zh/event/btc-updown-5m-1783597800,19:50-19:55,99.00,2.00,98.00,1.00,504.05,266.15,266.15,504.05,98.50,1.50,1.00,1.00,23855.83,504.05,504.05,23850.83,98,1,1,98,62604.27,62671.88,,
2026-07-09T19:53:30+08:00,btc-updown-5m-1783597800,https://polymarket.com/zh/event/btc-updown-5m-1783597800,19:50-19:55,99.00,2.00,98.00,1.00,757.63,262.03,227.03,766.85,98.50,1.50,1.00,1.00,23861.10,757.63,766.85,23871.10,98,1,1,98,62604.27,62671.88,,
2026-07-09T19:53:32+08:00,btc-updown-5m-1783597800,https://polymarket.com/zh/event/btc-updown-5m-1783597800,19:50-19:55,99.00,2.00,98.00,1.00,294.05,272.58,372.52,319.05,98.50,1.50,1.00,1.00,23860.84,294.05,319.05,23850.83,98,1,1,98,62604.27,62671.87,,
2026-07-09T19:53:34+08:00,btc-updown-5m-1783597800,https://polymarket.com/zh/event/btc-updown-5m-1783597800,19:50-19:55,99.00,2.00,98.00,1.00,560.34,257.58,238.52,272.74,98.50,1.50,1.00,1.00,23860.83,560.34,272.74,23875.84,98,1,1,98,62604.27,62671.88,,
2026-07-09T19:53:36+08:00,btc-updown-5m-1783597800,https://polymarket.com/zh/event/btc-updown-5m-1783597800,19:50-19:55,,1.00,99.00,,,328.28,382.28,,,,,,23940.83,,,23935.83,99,0,0,99,62604.27,62671.88,,
2026-07-09T19:53:38+08:00,btc-updown-5m-1783597800,https://polymarket.com/zh/event/btc-updown-5m-1783597800,19:50-19:55,98.00,3.00,97.00,2.00,635.44,1473.28,1435.34,635.44,97.50,2.50,1.00,1.00,23880.83,764.95,818.95,23885.83,97,2,2,97,62604.27,62666.22,,
2026-07-09T19:53:40+08:00,btc-updown-5m-1783597800,https://polymarket.com/zh/event/btc-updown-5m-1783597800,19:50-19:55,99.00,2.00,98.00,1.00,828.02,160.68,290.87,848.02,98.50,1.50,1.00,1.00,23935.83,828.02,848.02,23855.83,98,1,1,98,62604.27,62663.73,,
2026-07-09T19:53:42+08:00,btc-updown-5m-1783597800,https://polymarket.com/zh/event/btc-updown-5m-1783597800,19:50-19:55,99.00,2.00,98.00,1.00,892.00,85.74,85.74,897.00,98.50,1.50,1.00,1.00,23850.83,892.00,897.00,23870.83,98,1,1,98,62604.27,62663.71,,
2026-07-09T19:53:43+08:00,btc-updown-5m-1783597800,https://polymarket.com/zh/event/btc-updown-5m-1783597800,19:50-19:55,99.00,2.00,98.00,1.00,792.92,60.74,65.74,792.92,98.50,1.50,1.00,1.00,23855.83,792.92,792.92,23860.83,98,1,1,98,62604.27,62660.59,,
2026-07-09T19:53:45+08:00,btc-updown-5m-1783597800,https://polymarket.com/zh/event/btc-updown-5m-1783597800,19:50-19:55,99.00,2.00,98.00,1.00,193.10,513.06,513.06,193.10,98.50,1.50,1.00,1.00,23829.83,193.10,193.10,23829.83,98,1,1,98,62604.27,62660.60,,
2026-07-09T19:53:47+08:00,btc-updown-5m-1783597800,https://polymarket.com/zh/event/btc-updown-5m-1783597800,19:50-19:55,,1.00,99.00,,,553.48,750.44,,,,,,23919.83,,,23909.84,99,0,0,99,62604.27,62660.62,,
2026-07-09T19:53:49+08:00,btc-updown-5m-1783597800,https://polymarket.com/zh/event/btc-updown-5m-1783597800,19:50-19:55,,1.00,99.00,,,642.43,648.37,,,,,,23824.83,,,23798.83,99,0,0,99,62604.27,62683.13,,
2026-07-09T19:53:51+08:00,btc-updown-5m-1783597800,https://polymarket.com/zh/event/btc-updown-5m-1783597800,19:50-19:55,,1.00,99.00,,,2903.38,2892.43,,,,,,23414.83,,,23425.84,99,0,0,99,62604.27,62683.12,,
2026-07-09T19:53:53+08:00,btc-updown-5m-1783597800,https://polymarket.com/zh/event/btc-updown-5m-1783597800,19:50-19:55,,1.00,99.00,,,3418.41,3412.47,,,,,,23339.83,,,23334.83,99,0,0,99,62604.27,62687.63,,
2026-07-09T19:53:55+08:00,btc-updown-5m-1783597800,https://polymarket.com/zh/event/btc-updown-5m-1783597800,19:50-19:55,,1.00,99.00,,,4212.97,4212.97,,,,,,23339.83,,,23324.83,99,0,0,99,62604.27,62687.63,,
2026-07-09T19:53:57+08:00,btc-updown-5m-1783597800,https://polymarket.com/zh/event/btc-updown-5m-1783597800,19:50-19:55,,1.00,99.00,,,4499.03,4504.97,,,,,,23091.49,,,23111.49,99,0,0,99,62604.27,62680.94,,
2026-07-09T19:53:59+08:00,btc-updown-5m-1783597800,https://polymarket.com/zh/event/btc-updown-5m-1783597800,19:50-19:55,,1.00,99.00,,,5097.97,5097.97,,,,,,23086.49,,,23106.49,99,0,0,99,62604.27,62681.29,,
2026-07-09T19:54:00+08:00,btc-updown-5m-1783597800,https://polymarket.com/zh/event/btc-updown-5m-1783597800,19:50-19:55,,1.00,99.00,,,8266.15,8266.15,,,,,,23938.83,,,23827.83,99,0,0,99,62604.27,62680.16,,
2026-07-09T19:54:02+08:00,btc-updown-5m-1783597800,https://polymarket.com/zh/event/btc-updown-5m-1783597800,19:50-19:55,,1.00,99.00,,,8041.15,8050.09,,,,,,23386.99,,,23376.99,99,0,0,99,62604.27,62673.50,,
2026-07-09T19:54:04+08:00,btc-updown-5m-1783597800,https://polymarket.com/zh/event/btc-updown-5m-1783597800,19:50-19:55,,1.00,99.00,,,5007.44,5061.16,,,,,,23397.00,,,23371.99,99,0,0,99,62604.27,62670.24,,
2026-07-09T19:54:06+08:00,btc-updown-5m-1783597800,https://polymarket.com/zh/event/btc-updown-5m-1783597800,19:50-19:55,,1.00,99.00,,,5210.33,4810.33,,,,,,23178.65,,,23143.65,99,0,0,99,62604.27,62668.01,,
2026-07-09T19:54:08+08:00,btc-updown-5m-1783597800,https://polymarket.com/zh/event/btc-updown-5m-1783597800,19:50-19:55,,1.00,99.00,,,5206.40,5201.39,,,,,,23148.65,,,23158.66,99,0,0,99,62604.27,62665.33,,
2026-07-09T19:54:10+08:00,btc-updown-5m-1783597800,https://polymarket.com/zh/event/btc-updown-5m-1783597800,19:50-19:55,,1.00,99.00,,,5151.39,5151.39,,,,,,23148.66,,,23168.65,99,0,0,99,62604.27,62665.01,,
2026-07-09T19:54:12+08:00,btc-updown-5m-1783597800,https://polymarket.com/zh/event/btc-updown-5m-1783597800,19:50-19:55,,1.00,99.00,,,3964.07,5152.07,,,,,,23163.65,,,23148.65,99,0,0,99,62604.27,62665.01,,
2026-07-09T19:54:14+08:00,btc-updown-5m-1783597800,https://polymarket.com/zh/event/btc-updown-5m-1783597800,19:50-19:55,,1.00,99.00,,,3961.72,3966.73,,,,,,22620.66,,,22625.65,99,0,0,99,62604.27,62662.18,,
2026-07-09T19:54:16+08:00,btc-updown-5m-1783597800,https://polymarket.com/zh/event/btc-updown-5m-1783597800,19:50-19:55,,1.00,99.00,,,7276.73,7271.72,,,,,,23158.65,,,23153.66,99,0,0,99,62604.27,62664.99,,
2026-07-09T19:54:17+08:00,btc-updown-5m-1783597800,https://polymarket.com/zh/event/btc-updown-5m-1783597800,19:50-19:55,,1.00,99.00,,,7321.72,7321.72,,,,,,23143.65,,,23158.65,99,0,0,99,62604.27,62664.99,,
2026-07-09T19:54:19+08:00,btc-updown-5m-1783597800,https://polymarket.com/zh/event/btc-updown-5m-1783597800,19:50-19:55,,1.00,99.00,,,7372.16,7378.10,,,,,,23143.65,,,23163.65,99,0,0,99,62604.27,62664.99,,
2026-07-09T19:54:21+08:00,btc-updown-5m-1783597800,https://polymarket.com/zh/event/btc-updown-5m-1783597800,19:50-19:55,,1.00,99.00,,,12067.15,12073.09,,,,,,23140.65,,,23142.65,99,0,0,99,62604.27,62671.44,,
2026-07-09T19:54:23+08:00,btc-updown-5m-1783597800,https://polymarket.com/zh/event/btc-updown-5m-1783597800,19:50-19:55,,1.00,99.00,,,12099.43,12199.43,,,,,,23147.65,,,23137.65,99,0,0,99,62604.27,62671.44,,
2026-07-09T19:54:25+08:00,btc-updown-5m-1783597800,https://polymarket.com/zh/event/btc-updown-5m-1783597800,19:50-19:55,,1.00,99.00,,,12944.48,12844.48,,,,,,23152.65,,,23132.65,99,0,0,99,62604.27,62671.44,,
2026-07-09T19:54:27+08:00,btc-updown-5m-1783597800,https://polymarket.com/zh/event/btc-updown-5m-1783597800,19:50-19:55,,1.00,99.00,,,12930.54,12949.48,,,,,,23142.65,,,23147.65,99,0,0,99,62604.27,62674.00,,
2026-07-09T19:54:29+08:00,btc-updown-5m-1783597800,https://polymarket.com/zh/event/btc-updown-5m-1783597800,19:50-19:55,,1.00,99.00,,,10742.11,10721.97,,,,,,23142.65,,,23162.65,99,0,0,99,62604.27,62667.47,,
2026-07-09T19:54:31+08:00,btc-updown-5m-1783597800,https://polymarket.com/zh/event/btc-updown-5m-1783597800,19:50-19:55,,1.00,99.00,,,18611.57,18615.50,,,,,,22760.99,,,22761.00,99,0,0,99,62604.27,62663.77,,
2026-07-09T19:54:33+08:00,btc-updown-5m-1783597800,https://polymarket.com/zh/event/btc-updown-5m-1783597800,19:50-19:55,,1.00,99.00,,,21716.66,21716.66,,,,,,22805.99,,,22800.99,99,0,0,99,62604.27,62663.77,,
2026-07-09T19:54:35+08:00,btc-updown-5m-1783597800,https://polymarket.com/zh/event/btc-updown-5m-1783597800,19:50-19:55,,1.00,99.00,,,25388.00,25650.60,,,,,,22805.99,,,22194.00,99,0,0,99,62604.27,62671.41,,
2026-07-09T19:54:36+08:00,btc-updown-5m-1783597800,https://polymarket.com/zh/event/btc-updown-5m-1783597800,19:50-19:55,,1.00,99.00,,,25780.06,25780.06,,,,,,21062.00,,,21052.00,99,0,0,99,62604.27,62671.41,,
2026-07-09T19:54:38+08:00,btc-updown-5m-1783597800,https://polymarket.com/zh/event/btc-updown-5m-1783597800,19:50-19:55,,1.00,99.00,,,23994.26,23999.27,,,,,,21067.01,,,21072.00,99,0,0,99,62604.27,62671.41,,
2026-07-09T19:54:40+08:00,btc-updown-5m-1783597800,https://polymarket.com/zh/event/btc-updown-5m-1783597800,19:50-19:55,,1.00,99.00,,,26218.31,26218.31,,,,,,21057.00,,,21052.00,99,0,0,99,62604.27,62671.41,,
2026-07-09T19:54:42+08:00,btc-updown-5m-1783597800,https://polymarket.com/zh/event/btc-updown-5m-1783597800,19:50-19:55,,1.00,99.00,,,26322.77,26322.77,,,,,,21072.00,,,21062.00,99,0,0,99,62604.27,62671.42,,
2026-07-09T19:54:44+08:00,btc-updown-5m-1783597800,https://polymarket.com/zh/event/btc-updown-5m-1783597800,19:50-19:55,,1.00,99.00,,,25167.14,25167.13,,,,,,21057.00,,,21077.01,99,0,0,99,62604.27,62671.41,,
2026-07-09T19:54:46+08:00,btc-updown-5m-1783597800,https://polymarket.com/zh/event/btc-updown-5m-1783597800,19:50-19:55,,1.00,99.00,,,24983.47,24832.47,,,,,,19992.41,,,19992.41,99,0,0,99,62604.27,62671.41,,
2026-07-09T19:54:48+08:00,btc-updown-5m-1783597800,https://polymarket.com/zh/event/btc-updown-5m-1783597800,19:50-19:55,,1.00,99.00,,,25871.46,25880.53,,,,,,19997.41,,,19990.41,99,0,0,99,62604.27,62671.37,,
2026-07-09T19:54:50+08:00,btc-updown-5m-1783597800,https://polymarket.com/zh/event/btc-updown-5m-1783597800,19:50-19:55,,0.10,99.90,,,3755.10,3746.16,,,,,,17932.41,,,12937.41,90,0,0,90,62604.27,62671.37,,
2026-07-09T19:54:52+08:00,btc-updown-5m-1783597800,https://polymarket.com/zh/event/btc-updown-5m-1783597800,19:50-19:55,,0.10,99.90,,,3760.10,3760.10,,,,,,11282.41,,,11282.41,97,0,0,93,62604.27,62671.38,,
2026-07-09T19:54:53+08:00,btc-updown-5m-1783597800,https://polymarket.com/zh/event/btc-updown-5m-1783597800,19:50-19:55,,0.10,99.90,,,3769.17,3769.17,,,,,,11387.41,,,11392.41,98,0,0,98,62604.27,62676.06,,
2026-07-09T19:54:55+08:00,btc-updown-5m-1783597800,https://polymarket.com/zh/event/btc-updown-5m-1783597800,19:50-19:55,,0.10,99.90,,,4165.63,4165.63,,,,,,11277.41,,,11262.41,96,0,0,96,62604.27,62676.06,,
2026-07-09T19:54:57+08:00,btc-updown-5m-1783597800,https://polymarket.com/zh/event/btc-updown-5m-1783597800,19:50-19:55,,0.10,99.90,,,4385.65,4385.65,,,,,,11282.41,,,11277.41,97,0,0,97,62604.27,62676.75,,
2026-07-09T19:54:59+08:00,btc-updown-5m-1783597800,https://polymarket.com/zh/event/btc-updown-5m-1783597800,19:50-19:55,,0.10,99.90,,,34533.55,4423.40,,,,,,10723.06,,,10556.41,101,0,0,98,62604.27,62678.32,,
2026-07-09T19:55:02+08:00,btc-updown-5m-1783598100,https://polymarket.com/zh/event/btc-updown-5m-1783598100,19:55-20:00,50.00,51.00,49.00,50.00,332.48,346.26,346.26,332.48,49.50,50.50,1.00,1.00,18690.68,17718.13,17718.13,18690.68,49,50,50,49,62679.27,62679.26,,
2026-07-09T19:55:04+08:00,btc-updown-5m-1783598100,https://polymarket.com/zh/event/btc-updown-5m-1783598100,19:55-20:00,55.00,46.00,54.00,45.00,62.00,774.03,853.43,62.00,54.50,45.50,1.00,1.00,19565.69,18493.13,18493.13,19555.68,54,45,45,54,62679.27,62680.01,,
2026-07-09T19:55:06+08:00,btc-updown-5m-1783598100,https://polymarket.com/zh/event/btc-updown-5m-1783598100,19:55-20:00,57.00,44.00,56.00,43.00,682.96,503.04,498.04,682.96,56.50,43.50,1.00,1.00,20186.68,18574.13,18569.13,19681.68,56,43,43,56,62679.27,62683.27,,
2026-07-09T19:55:07+08:00,btc-updown-5m-1783598100,https://polymarket.com/zh/event/btc-updown-5m-1783598100,19:55-20:00,57.00,44.00,56.00,43.00,560.54,156.82,151.82,570.54,56.50,43.50,1.00,1.00,19388.68,18394.13,18384.13,19403.69,56,43,43,56,62679.27,62683.27,,
2026-07-09T19:55:09+08:00,btc-updown-5m-1783598100,https://polymarket.com/zh/event/btc-updown-5m-1783598100,19:55-20:00,56.00,45.00,55.00,44.00,1135.59,242.60,227.60,1165.06,55.50,44.50,1.00,1.00,18514.68,17516.13,17511.13,19004.68,55,44,44,55,62679.27,62683.27,,
2026-07-09T19:55:11+08:00,btc-updown-5m-1783598100,https://polymarket.com/zh/event/btc-updown-5m-1783598100,19:55-20:00,56.00,45.00,55.00,44.00,763.21,202.80,229.66,733.81,55.50,44.50,1.00,1.00,18888.39,17913.16,17908.16,19373.38,55,44,44,55,62679.27,62683.27,,
2026-07-09T19:55:13+08:00,btc-updown-5m-1783598100,https://polymarket.com/zh/event/btc-updown-5m-1783598100,19:55-20:00,56.00,45.00,55.00,44.00,116.00,701.39,822.39,116.00,55.50,44.50,1.00,1.00,18883.38,17828.16,17838.16,19388.38,55,44,44,55,62679.27,62683.28,,
2026-07-09T19:55:15+08:00,btc-updown-5m-1783598100,https://polymarket.com/zh/event/btc-updown-5m-1783598100,19:55-20:00,56.00,45.00,55.00,44.00,566.16,200.10,277.19,698.99,55.50,44.50,1.00,1.00,19496.48,18852.16,18772.16,20001.49,55,44,44,55,62679.27,62683.62,,
2026-07-09T19:55:17+08:00,btc-updown-5m-1783598100,https://polymarket.com/zh/event/btc-updown-5m-1783598100,19:55-20:00,57.00,44.00,56.00,43.00,184.09,1212.10,1261.26,184.09,56.50,43.50,1.00,1.00,19812.38,18762.16,18772.16,19812.38,56,43,43,56,62679.27,62683.62,,
2026-07-09T19:55:19+08:00,btc-updown-5m-1783598100,https://polymarket.com/zh/event/btc-updown-5m-1783598100,19:55-20:00,58.00,43.00,57.00,42.00,1684.31,76.63,81.63,1701.76,57.50,42.50,1.00,1.00,19827.39,18977.16,18972.16,19817.38,57,42,42,57,62679.27,62683.62,,
2026-07-09T19:55:21+08:00,btc-updown-5m-1783598100,https://polymarket.com/zh/event/btc-updown-5m-1783598100,19:55-20:00,58.00,43.00,57.00,42.00,866.79,280.87,267.35,670.66,57.50,42.50,1.00,1.00,20420.04,21640.54,21645.54,19925.04,57,42,42,57,62679.27,62684.96,,
2026-07-09T19:55:23+08:00,btc-updown-5m-1783598100,https://polymarket.com/zh/event/btc-updown-5m-1783598100,19:55-20:00,63.00,38.00,62.00,37.00,29.57,1250.41,1199.41,16.55,62.50,37.50,1.00,1.00,20927.33,21596.58,21596.58,21412.32,62,37,37,62,62679.27,62693.05,,
2026-07-09T19:55:25+08:00,btc-updown-5m-1783598100,https://polymarket.com/zh/event/btc-updown-5m-1783598100,19:55-20:00,64.00,37.00,63.00,36.00,204.64,937.40,937.40,193.77,63.50,36.50,1.00,1.00,20907.32,22163.87,22153.87,20917.32,63,36,36,63,62679.27,62695.12,,
2026-07-09T19:55:26+08:00,btc-updown-5m-1783598100,https://polymarket.com/zh/event/btc-updown-5m-1783598100,19:55-20:00,64.00,37.00,63.00,36.00,265.93,879.35,869.52,129.09,63.50,36.50,1.00,1.00,21054.32,22188.57,22183.57,21049.33,63,36,36,63,62679.27,62696.20,,
2026-07-09T19:55:28+08:00,btc-updown-5m-1783598100,https://polymarket.com/zh/event/btc-updown-5m-1783598100,19:55-20:00,65.00,36.00,64.00,35.00,40.69,1068.19,1049.19,40.69,64.50,35.50,1.00,1.00,21099.03,22190.57,22190.57,21094.02,64,35,35,64,62679.27,62696.31,,
2026-07-09T19:55:30+08:00,btc-updown-5m-1783598100,https://polymarket.com/zh/event/btc-updown-5m-1783598100,19:55-20:00,66.00,35.00,65.00,34.00,420.84,657.22,740.79,470.84,65.50,34.50,1.00,1.00,21144.02,21730.57,21730.57,20644.03,65,34,34,65,62679.27,62696.31,,
2026-07-09T19:55:32+08:00,btc-updown-5m-1783598100,https://polymarket.com/zh/event/btc-updown-5m-1783598100,19:55-20:00,66.00,35.00,65.00,34.00,638.02,411.60,411.60,636.50,65.50,34.50,1.00,1.00,21144.02,21730.57,21730.57,20644.02,65,34,34,65,62679.27,62696.31,,
2026-07-09T19:55:34+08:00,btc-updown-5m-1783598100,https://polymarket.com/zh/event/btc-updown-5m-1783598100,19:55-20:00,66.00,35.00,65.00,34.00,333.81,1899.96,639.25,46.96,65.50,34.50,1.00,1.00,20538.02,21759.57,21779.57,20528.03,65,34,34,65,62679.27,62696.20,,
2026-07-09T19:55:36+08:00,btc-updown-5m-1783598100,https://polymarket.com/zh/event/btc-updown-5m-1783598100,19:55-20:00,70.00,31.00,69.00,30.00,298.03,543.55,518.55,298.03,69.50,30.50,1.00,1.00,21087.02,21798.37,21783.37,20592.02,69,30,30,69,62679.27,62698.82,,
2026-07-09T19:55:38+08:00,btc-updown-5m-1783598100,https://polymarket.com/zh/event/btc-updown-5m-1783598100,19:55-20:00,70.00,31.00,69.00,30.00,71.14,774.41,760.41,71.14,69.50,30.50,1.00,1.00,21252.02,21759.37,21774.37,20862.03,69,30,30,69,62679.27,62698.82,,
2026-07-09T19:55:40+08:00,btc-updown-5m-1783598100,https://polymarket.com/zh/event/btc-updown-5m-1783598100,19:55-20:00,71.00,29.00,70.00,28.00,48.00,934.63,1463.04,58.93,70.50,28.50,1.00,1.00,20862.02,21816.37,21821.37,21367.02,70,29,28,71,62679.27,62701.12,,
2026-07-09T19:55:42+08:00,btc-updown-5m-1783598100,https://polymarket.com/zh/event/btc-updown-5m-1783598100,19:55-20:00,74.00,27.00,73.00,26.00,2049.76,441.08,448.20,1962.79,73.50,26.50,1.00,1.00,21357.02,21846.37,21846.37,20867.03,73,26,26,73,62679.27,62701.22,,
2026-07-09T19:55:44+08:00,btc-updown-5m-1783598100,https://polymarket.com/zh/event/btc-updown-5m-1783598100,19:55-20:00,74.00,33.00,73.00,29.00,1288.44,139.93,56.58,372.09,73.50,31.00,1.00,4.00,21362.02,21867.12,21839.12,20867.02,73,26,29,67,62679.27,62702.83,,
2026-07-09T19:55:45+08:00,btc-updown-5m-1783598100,https://polymarket.com/zh/event/btc-updown-5m-1783598100,19:55-20:00,68.00,33.00,67.00,32.00,379.98,675.93,515.01,48.82,67.50,32.50,1.00,1.00,20757.02,21830.79,21835.79,20762.02,67,32,32,67,62679.27,62699.37,,
2026-07-09T19:55:47+08:00,btc-updown-5m-1783598100,https://polymarket.com/zh/event/btc-updown-5m-1783598100,19:55-20:00,70.00,31.00,69.00,30.00,52.05,860.65,880.15,47.76,69.50,30.50,1.00,1.00,21268.02,21755.79,21760.79,20768.03,69,30,30,69,62679.27,62700.25,,
2026-07-09T19:55:49+08:00,btc-updown-5m-1783598100,https://polymarket.com/zh/event/btc-updown-5m-1783598100,19:55-20:00,71.00,30.00,70.00,29.00,420.87,943.13,943.05,326.66,70.50,29.50,1.00,1.00,21273.02,21741.79,21746.79,20763.02,70,29,29,70,62679.27,62700.25,,
2026-07-09T19:55:51+08:00,btc-updown-5m-1783598100,https://polymarket.com/zh/event/btc-updown-5m-1783598100,19:55-20:00,71.00,30.00,70.00,29.00,577.20,340.50,312.50,544.56,70.50,29.50,1.00,1.00,20583.02,21036.79,21036.79,20568.02,70,29,29,70,62679.27,62700.25,,
2026-07-09T19:55:53+08:00,btc-updown-5m-1783598100,https://polymarket.com/zh/event/btc-updown-5m-1783598100,19:55-20:00,71.00,28.00,70.00,27.00,110.11,311.54,953.26,718.87,70.50,27.50,1.00,1.00,20583.02,21041.79,21041.79,20068.02,70,29,27,72,62679.27,62701.28,,
2026-07-09T19:55:55+08:00,btc-updown-5m-1783598100,https://polymarket.com/zh/event/btc-updown-5m-1783598100,19:55-20:00,73.00,28.00,72.00,27.00,1008.56,204.12,232.24,1008.56,72.50,27.50,1.00,1.00,20578.02,21036.79,21041.79,20073.02,72,27,27,72,62679.27,62701.27,,
2026-07-09T19:55:57+08:00,btc-updown-5m-1783598100,https://polymarket.com/zh/event/btc-updown-5m-1783598100,19:55-20:00,73.00,27.00,72.00,26.00,28.56,296.00,1151.36,231.00,72.50,26.50,1.00,1.00,20079.02,21031.79,21041.79,20079.02,72,27,26,73,62679.27,62702.77,,
2026-07-09T19:55:59+08:00,btc-updown-5m-1783598100,https://polymarket.com/zh/event/btc-updown-5m-1783598100,19:55-20:00,75.00,26.00,74.00,25.00,678.55,634.16,636.13,678.55,74.50,25.50,1.00,1.00,20564.02,21051.79,21041.79,20584.03,74,25,25,74,62679.27,62705.25,,
2026-07-09T19:56:01+08:00,btc-updown-5m-1783598100,https://polymarket.com/zh/event/btc-updown-5m-1783598100,19:55-20:00,75.00,26.00,74.00,25.00,505.13,196.82,285.48,480.13,74.50,25.50,1.00,1.00,26884.02,26031.79,26526.79,27379.03,74,25,25,74,62679.27,62705.25,,
2026-07-09T19:56:03+08:00,btc-updown-5m-1783598100,https://polymarket.com/zh/event/btc-updown-5m-1783598100,19:55-20:00,74.00,27.00,73.00,26.00,502.15,815.84,418.68,130.92,73.50,26.50,1.00,1.00,26884.02,26606.79,26616.79,26894.02,73,26,26,73,62679.27,62705.25,,
2026-07-09T19:56:05+08:00,btc-updown-5m-1783598100,https://polymarket.com/zh/event/btc-updown-5m-1783598100,19:55-20:00,79.00,22.00,78.00,21.00,994.65,900.83,905.83,1035.74,78.50,21.50,1.00,1.00,26525.02,21490.79,21469.79,27015.02,78,21,21,78,62679.27,62706.09,,
2026-07-09T19:56:06+08:00,btc-updown-5m-1783598100,https://polymarket.com/zh/event/btc-updown-5m-1783598100,19:55-20:00,79.00,22.00,78.00,21.00,730.39,716.96,736.14,730.39,78.50,21.50,1.00,1.00,26702.02,21132.79,21141.79,26687.02,78,21,21,78,62679.27,62709.35,,
2026-07-09T19:56:08+08:00,btc-updown-5m-1783598100,https://polymarket.com/zh/event/btc-updown-5m-1783598100,19:55-20:00,80.00,21.00,79.00,20.00,95.33,850.87,845.91,100.33,79.50,20.50,1.00,1.00,26692.02,19539.79,19539.79,26687.02,79,20,20,79,62679.27,62715.91,,
2026-07-09T19:56:10+08:00,btc-updown-5m-1783598100,https://polymarket.com/zh/event/btc-updown-5m-1783598100,19:55-20:00,84.00,17.00,83.00,16.00,1019.78,53.61,64.50,1059.98,83.50,16.50,1.00,1.00,25662.02,19798.79,20358.79,25672.02,83,16,16,83,62679.27,62717.58,,
2026-07-09T19:56:12+08:00,btc-updown-5m-1783598100,https://polymarket.com/zh/event/btc-updown-5m-1783598100,19:55-20:00,85.00,16.00,84.00,15.00,793.85,863.27,370.02,511.51,84.50,15.50,1.00,1.00,24997.03,21230.79,21430.79,25507.02,84,15,15,84,62679.27,62719.13,,
2026-07-09T19:56:14+08:00,btc-updown-5m-1783598100,https://polymarket.com/zh/event/btc-updown-5m-1783598100,19:55-20:00,84.00,17.00,83.00,16.00,648.66,230.25,432.31,740.29,83.50,16.50,1.00,1.00,25007.02,21290.79,21285.79,25497.02,83,16,16,83,62679.27,62724.27,,
2026-07-09T19:56:16+08:00,btc-updown-5m-1783598100,https://polymarket.com/zh/event/btc-updown-5m-1783598100,19:55-20:00,81.00,20.00,80.00,19.00,5.00,761.24,756.24,5.00,80.50,19.50,1.00,1.00,24997.02,21685.79,21685.79,24997.02,80,19,19,80,62679.27,62719.12,,
2026-07-09T19:56:18+08:00,btc-updown-5m-1783598100,https://polymarket.com/zh/event/btc-updown-5m-1783598100,19:55-20:00,82.00,19.00,81.00,18.00,657.41,309.98,356.62,652.41,81.50,18.50,1.00,1.00,24917.02,21149.79,21149.79,25012.03,81,18,18,81,62679.27,62721.09,,
2026-07-09T19:56:20+08:00,btc-updown-5m-1783598100,https://polymarket.com/zh/event/btc-updown-5m-1783598100,19:55-20:00,87.00,14.00,86.00,13.00,50.00,602.45,582.40,50.00,86.50,13.50,1.00,1.00,24997.02,21359.49,21364.49,25007.02,86,13,13,86,62679.27,62725.65,,
2026-07-09T19:56:22+08:00,btc-updown-5m-1783598100,https://polymarket.com/zh/event/btc-updown-5m-1783598100,19:55-20:00,88.00,13.00,87.00,12.00,419.50,653.11,676.20,434.91,87.50,12.50,1.00,1.00,24997.02,21255.16,21278.26,25002.02,87,12,12,87,62679.27,62735.43,,
2026-07-09T19:56:28+08:00,btc-updown-5m-1783598100,https://polymarket.com/zh/event/btc-updown-5m-1783598100,19:55-20:00,91.00,10.00,90.00,9.00,719.15,376.43,289.63,727.52,90.50,9.50,1.00,1.00,24981.02,21524.56,21550.56,25496.02,90,9,9,90,62679.27,62740.00,,
2026-07-09T19:56:29+08:00,btc-updown-5m-1783598100,https://polymarket.com/zh/event/btc-updown-5m-1783598100,19:55-20:00,91.00,10.00,90.00,9.00,755.41,138.54,60.89,724.80,90.50,9.50,1.00,1.00,24981.02,21594.56,21594.56,25491.02,90,9,9,90,62679.27,62742.00,,
2026-07-09T19:56:31+08:00,btc-updown-5m-1783598100,https://polymarket.com/zh/event/btc-updown-5m-1783598100,19:55-20:00,91.00,10.00,90.00,9.00,242.80,864.71,864.71,155.10,90.50,9.50,1.00,1.00,24511.02,22427.91,22432.91,25016.02,90,9,9,90,62679.27,62742.50,,
2026-07-09T19:56:33+08:00,btc-updown-5m-1783598100,https://polymarket.com/zh/event/btc-updown-5m-1783598100,19:55-20:00,91.00,10.00,90.00,9.00,24.44,904.65,916.20,30.00,90.50,9.50,1.00,1.00,25031.02,21948.91,21948.91,24511.02,90,9,9,90,62679.27,62744.00,,
2026-07-09T19:56:35+08:00,btc-updown-5m-1783598100,https://polymarket.com/zh/event/btc-updown-5m-1783598100,19:55-20:00,92.00,9.00,91.00,8.00,766.45,311.49,311.49,759.92,91.50,8.50,1.00,1.00,24546.03,21855.91,21875.91,24511.02,91,8,8,91,62679.27,62744.00,,
2026-07-09T19:56:37+08:00,btc-updown-5m-1783598100,https://polymarket.com/zh/event/btc-updown-5m-1783598100,19:55-20:00,92.00,9.00,91.00,8.00,488.06,705.07,947.98,518.06,91.50,8.50,1.00,1.00,25016.02,20610.18,20642.18,24541.02,91,8,8,91,62679.27,62744.99,,
2026-07-09T19:56:39+08:00,btc-updown-5m-1783598100,https://polymarket.com/zh/event/btc-updown-5m-1783598100,19:55-20:00,93.00,8.00,92.00,7.00,638.89,601.55,677.98,483.51,92.50,7.50,1.00,1.00,24516.02,21171.54,21175.54,24526.02,92,7,7,92,62679.27,62748.47,,
2026-07-09T19:56:41+08:00,btc-updown-5m-1783598100,https://polymarket.com/zh/event/btc-updown-5m-1783598100,19:55-20:00,91.00,10.00,90.00,9.00,557.64,296.85,325.30,557.64,90.50,9.50,1.00,1.00,24427.02,19484.77,19484.77,24937.03,90,9,9,90,62679.27,62749.98,,
2026-07-09T19:56:43+08:00,btc-updown-5m-1783598100,https://polymarket.com/zh/event/btc-updown-5m-1783598100,19:55-20:00,91.00,10.00,90.00,9.00,347.61,621.05,615.32,284.37,90.50,9.50,1.00,1.00,24427.02,20306.68,20222.48,24432.02,90,9,9,90,62679.27,62741.97,,
2026-07-09T19:56:45+08:00,btc-updown-5m-1783598100,https://polymarket.com/zh/event/btc-updown-5m-1783598100,19:55-20:00,91.00,10.00,90.00,9.00,575.16,554.96,554.96,574.06,90.50,9.50,1.00,1.00,24932.03,20311.68,20222.48,24427.02,90,9,9,90,62679.27,62740.00,,
2026-07-09T19:56:47+08:00,btc-updown-5m-1783598100,https://polymarket.com/zh/event/btc-updown-5m-1783598100,19:55-20:00,89.00,12.00,88.00,11.00,891.40,45.90,45.90,1031.85,88.50,11.50,1.00,1.00,24357.02,19831.42,19760.67,24347.02,88,11,11,88,62679.27,62732.18,,
2026-07-09T19:56:49+08:00,btc-updown-5m-1783598100,https://polymarket.com/zh/event/btc-updown-5m-1783598100,19:55-20:00,88.00,13.00,87.00,12.00,408.27,179.09,186.36,408.27,87.50,12.50,1.00,1.00,24447.02,20508.82,20628.53,24452.02,87,12,12,87,62679.27,62732.98,,
2026-07-09T19:56:50+08:00,btc-updown-5m-1783598100,https://polymarket.com/zh/event/btc-updown-5m-1783598100,19:55-20:00,88.00,13.00,87.00,12.00,552.14,231.24,226.24,527.14,87.50,12.50,1.00,1.00,24563.02,20491.48,20521.48,25048.02,87,12,12,87,62679.27,62732.98,,
2026-07-09T19:56:52+08:00,btc-updown-5m-1783598100,https://polymarket.com/zh/event/btc-updown-5m-1783598100,19:55-20:00,87.00,14.00,86.00,13.00,546.79,768.91,776.06,546.79,86.50,13.50,1.00,1.00,24447.02,20790.45,20779.45,24447.02,86,13,13,86,62679.27,62732.98,,
2026-07-09T19:56:54+08:00,btc-updown-5m-1783598100,https://polymarket.com/zh/event/btc-updown-5m-1783598100,19:55-20:00,88.00,13.00,87.00,12.00,126.00,1343.50,485.09,72.07,87.50,12.50,1.00,1.00,25032.02,20038.69,19333.70,25037.03,87,12,11,87,62679.27,62731.99,,
2026-07-09T19:56:56+08:00,btc-updown-5m-1783598100,https://polymarket.com/zh/event/btc-updown-5m-1783598100,19:55-20:00,92.00,9.00,91.00,8.00,622.36,470.19,470.19,622.36,91.50,8.50,1.00,1.00,24532.02,20127.38,20147.38,25002.02,91,8,8,91,62679.27,62742.00,,
2026-07-09T19:56:58+08:00,btc-updown-5m-1783598100,https://polymarket.com/zh/event/btc-updown-5m-1783598100,19:55-20:00,93.00,8.00,92.00,7.00,875.44,131.99,116.99,875.44,92.50,7.50,1.00,1.00,24907.02,20012.09,20022.09,24407.02,92,7,7,92,62679.27,62742.01,,
2026-07-09T19:57:00+08:00,btc-updown-5m-1783598100,https://polymarket.com/zh/event/btc-updown-5m-1783598100,19:55-20:00,93.00,8.00,92.00,7.00,533.87,444.16,429.65,526.84,92.50,7.50,1.00,1.00,24402.02,19948.09,20379.59,24412.02,92,7,7,92,62679.27,62742.01,,
2026-07-09T19:57:02+08:00,btc-updown-5m-1783598100,https://polymarket.com/zh/event/btc-updown-5m-1783598100,19:55-20:00,93.00,8.00,92.00,7.00,70.00,451.81,451.81,34.87,92.50,7.50,1.00,1.00,24912.02,20457.59,21112.59,24407.03,92,7,7,92,62679.27,62742.04,,
2026-07-09T19:57:04+08:00,btc-updown-5m-1783598100,https://polymarket.com/zh/event/btc-updown-5m-1783598100,19:55-20:00,94.00,7.00,93.00,6.00,939.52,33.29,39.49,929.30,93.50,6.50,1.00,1.00,24402.02,20774.93,20817.59,24907.02,93,6,6,93,62679.27,62742.03,,
2026-07-09T19:57:06+08:00,btc-updown-5m-1783598100,https://polymarket.com/zh/event/btc-updown-5m-1783598100,19:55-20:00,93.00,8.00,92.00,7.00,75.00,557.30,572.30,68.92,92.50,7.50,1.00,1.00,24907.02,20936.23,20919.89,24402.02,92,7,7,92,62679.27,62742.05,,
2026-07-09T19:57:07+08:00,btc-updown-5m-1783598100,https://polymarket.com/zh/event/btc-updown-5m-1783598100,19:55-20:00,93.00,8.00,92.00,7.00,8.92,382.22,353.02,109.92,92.50,7.50,1.00,1.00,24897.02,20923.23,20961.89,24882.02,92,7,7,92,62679.27,62742.05,,
2026-07-09T19:57:09+08:00,btc-updown-5m-1783598100,https://polymarket.com/zh/event/btc-updown-5m-1783598100,19:55-20:00,93.00,8.00,92.00,7.00,182.44,542.31,567.31,182.44,92.50,7.50,1.00,1.00,24892.02,20812.23,20812.23,24912.03,92,7,7,92,62679.27,62742.05,,
2026-07-09T19:57:11+08:00,btc-updown-5m-1783598100,https://polymarket.com/zh/event/btc-updown-5m-1783598100,19:55-20:00,93.00,8.00,92.00,7.00,313.82,251.40,404.32,784.02,92.50,7.50,1.00,1.00,24892.02,20270.23,20404.53,24332.02,92,7,7,92,62679.27,62738.99,,
2026-07-09T19:57:13+08:00,btc-updown-5m-1783598100,https://polymarket.com/zh/event/btc-updown-5m-1783598100,19:55-20:00,91.00,10.00,90.00,9.00,60.00,423.94,381.75,565.73,90.50,9.50,1.00,1.00,24321.03,20152.92,20604.90,24831.02,90,9,9,90,62679.27,62736.25,,
2026-07-09T19:57:15+08:00,btc-updown-5m-1783598100,https://polymarket.com/zh/event/btc-updown-5m-1783598100,19:55-20:00,91.00,10.00,90.00,9.00,220.27,492.03,492.03,199.91,90.50,9.50,1.00,1.00,24831.02,21160.91,21155.91,24311.02,90,9,9,90,62679.27,62734.00,,
2026-07-09T19:57:17+08:00,btc-updown-5m-1783598100,https://polymarket.com/zh/event/btc-updown-5m-1783598100,19:55-20:00,91.00,10.00,90.00,9.00,166.35,409.76,345.37,174.38,90.50,9.50,1.00,1.00,24826.02,21051.71,21051.71,24316.02,90,9,9,90,62679.27,62734.01,,
2026-07-09T19:57:19+08:00,btc-updown-5m-1783598100,https://polymarket.com/zh/event/btc-updown-5m-1783598100,19:55-20:00,91.00,10.00,90.00,9.00,92.62,492.74,456.95,77.62,90.50,9.50,1.00,1.00,24336.02,20993.71,20926.01,24816.02,90,9,9,90,62679.27,62734.00,,
2026-07-09T19:57:21+08:00,btc-updown-5m-1783598100,https://polymarket.com/zh/event/btc-updown-5m-1783598100,19:55-20:00,92.00,9.00,91.00,8.00,3.51,580.96,569.44,3.51,91.50,8.50,1.00,1.00,24386.02,20909.67,20916.67,24896.02,91,8,8,91,62679.27,62737.00,,
2026-07-09T19:57:23+08:00,btc-updown-5m-1783598100,https://polymarket.com/zh/event/btc-updown-5m-1783598100,19:55-20:00,94.00,7.00,93.00,6.00,603.61,385.77,375.14,625.39,93.50,6.50,1.00,1.00,24001.02,20560.83,20539.07,24501.02,93,6,6,93,62679.27,62737.00,,
2026-07-09T19:57:24+08:00,btc-updown-5m-1783598100,https://polymarket.com/zh/event/btc-updown-5m-1783598100,19:55-20:00,91.00,10.00,90.00,9.00,24.24,727.47,691.46,24.24,90.50,9.50,1.00,1.00,24010.02,20922.61,20906.61,24505.02,90,9,9,90,62679.27,62736.03,,
2026-07-09T19:57:26+08:00,btc-updown-5m-1783598100,https://polymarket.com/zh/event/btc-updown-5m-1783598100,19:55-20:00,92.00,9.00,91.00,8.00,570.89,485.63,463.22,549.23,91.50,8.50,1.00,1.00,24505.03,20176.11,20186.10,24020.02,91,8,8,91,62679.27,62736.03,,
2026-07-09T19:57:28+08:00,btc-updown-5m-1783598100,https://polymarket.com/zh/event/btc-updown-5m-1783598100,19:55-20:00,92.00,9.00,91.00,8.00,449.88,511.68,506.68,364.89,91.50,8.50,1.00,1.00,24500.02,20901.57,20922.85,24510.02,91,8,8,91,62679.27,62736.03,,
2026-07-09T19:57:30+08:00,btc-updown-5m-1783598100,https://polymarket.com/zh/event/btc-updown-5m-1783598100,19:55-20:00,92.00,9.00,91.00,8.00,361.33,82.17,41.53,330.89,91.50,8.50,1.00,1.00,24010.02,20796.42,20718.92,24020.02,91,8,8,91,62679.27,62736.00,,
2026-07-09T19:57:32+08:00,btc-updown-5m-1783598100,https://polymarket.com/zh/event/btc-updown-5m-1783598100,19:55-20:00,92.00,9.00,91.00,8.00,478.43,65.00,65.00,482.34,91.50,8.50,1.00,1.00,24380.53,20687.04,20687.04,23865.52,91,8,8,91,62679.27,62733.97,,
2026-07-09T19:57:34+08:00,btc-updown-5m-1783598100,https://polymarket.com/zh/event/btc-updown-5m-1783598100,19:55-20:00,92.00,9.00,91.00,8.00,294.23,219.44,247.92,303.80,91.50,8.50,1.00,1.00,23840.52,20586.04,20586.04,24345.52,91,8,8,91,62679.27,62733.97,,
2026-07-09T19:57:36+08:00,btc-updown-5m-1783598100,https://polymarket.com/zh/event/btc-updown-5m-1783598100,19:55-20:00,91.00,10.00,90.00,9.00,570.56,315.71,343.27,492.10,90.50,9.50,1.00,1.00,23780.52,19394.95,19379.53,23770.52,90,9,9,90,62679.27,62732.19,,
2026-07-09T19:57:38+08:00,btc-updown-5m-1783598100,https://polymarket.com/zh/event/btc-updown-5m-1783598100,19:55-20:00,91.00,10.00,90.00,9.00,337.75,789.84,890.84,329.62,90.50,9.50,1.00,1.00,23840.53,19385.06,19379.53,23860.52,90,9,9,90,62679.27,62732.19,,
2026-07-09T19:57:39+08:00,btc-updown-5m-1783598100,https://polymarket.com/zh/event/btc-updown-5m-1783598100,19:55-20:00,91.00,10.00,90.00,9.00,243.78,1055.87,970.87,179.24,90.50,9.50,1.00,1.00,23845.52,19324.53,19324.53,23840.53,90,9,9,90,62679.27,62732.19,,
2026-07-09T19:57:41+08:00,btc-updown-5m-1783598100,https://polymarket.com/zh/event/btc-updown-5m-1783598100,19:55-20:00,90.00,11.00,89.00,10.00,410.27,667.58,391.90,373.48,89.50,10.50,1.00,1.00,23765.53,20950.69,20841.39,23760.52,89,10,10,89,62679.27,62725.66,,
2026-07-09T19:57:43+08:00,btc-updown-5m-1783598100,https://polymarket.com/zh/event/btc-updown-5m-1783598100,19:55-20:00,90.00,11.00,89.00,10.00,285.67,858.82,858.82,306.67,89.50,10.50,1.00,1.00,24265.52,20325.69,20325.69,24265.53,89,10,10,89,62679.27,62728.02,,
2026-07-09T19:57:45+08:00,btc-updown-5m-1783598100,https://polymarket.com/zh/event/btc-updown-5m-1783598100,19:55-20:00,93.00,8.00,92.00,7.00,334.84,712.99,712.99,334.84,92.50,7.50,1.00,1.00,23840.52,20839.23,20802.96,23845.52,92,7,7,92,62679.27,62728.02,,
2026-07-09T19:57:47+08:00,btc-updown-5m-1783598100,https://polymarket.com/zh/event/btc-updown-5m-1783598100,19:55-20:00,94.00,6.00,93.00,5.00,180.99,571.01,830.64,1092.72,93.50,5.50,1.00,1.00,23855.52,19869.23,19839.23,24340.52,93,6,5,94,62679.27,62733.14,,
2026-07-09T19:57:49+08:00,btc-updown-5m-1783598100,https://polymarket.com/zh/event/btc-updown-5m-1783598100,19:55-20:00,94.00,7.00,93.00,6.00,718.09,2.18,2.18,690.97,93.50,6.50,1.00,1.00,24339.52,19436.57,19319.04,24329.52,93,6,6,93,62679.27,62727.76,,
2026-07-09T19:57:51+08:00,btc-updown-5m-1783598100,https://polymarket.com/zh/event/btc-updown-5m-1783598100,19:55-20:00,91.00,10.00,90.00,9.00,219.48,479.43,484.43,234.48,90.50,9.50,1.00,1.00,24349.52,19404.33,19394.33,23834.52,90,9,9,90,62679.27,62726.23,,
2026-07-09T19:57:53+08:00,btc-updown-5m-1783598100,https://polymarket.com/zh/event/btc-updown-5m-1783598100,19:55-20:00,93.00,8.00,92.00,7.00,129.37,670.71,670.71,129.37,92.50,7.50,1.00,1.00,23829.52,19382.85,19404.41,24339.52,92,7,7,92,62679.27,62726.23,,
2026-07-09T19:57:55+08:00,btc-updown-5m-1783598100,https://polymarket.com/zh/event/btc-updown-5m-1783598100,19:55-20:00,94.00,7.00,93.00,6.00,589.53,409.06,409.06,589.53,93.50,6.50,1.00,1.00,23839.52,18885.99,18990.88,23834.52,93,6,6,93,62679.27,62726.23,,
2026-07-09T19:57:57+08:00,btc-updown-5m-1783598100,https://polymarket.com/zh/event/btc-updown-5m-1783598100,19:55-20:00,94.00,7.00,93.00,6.00,682.06,23.47,237.76,676.99,93.50,6.50,1.00,1.00,24324.52,18534.40,18640.40,24334.52,93,6,6,93,62679.27,62726.24,,
2026-07-09T19:57:59+08:00,btc-updown-5m-1783598100,https://polymarket.com/zh/event/btc-updown-5m-1783598100,19:55-20:00,95.00,6.00,94.00,5.00,1210.92,699.23,699.23,1210.92,94.50,5.50,1.00,1.00,24259.52,18615.18,18624.93,23758.52,94,5,5,94,62679.27,62726.23,,
2026-07-09T19:58:00+08:00,btc-updown-5m-1783598100,https://polymarket.com/zh/event/btc-updown-5m-1783598100,19:55-20:00,95.00,6.00,94.00,5.00,136.13,872.70,859.20,5.00,94.50,5.50,1.00,1.00,24022.02,18099.00,17897.76,24532.02,94,5,5,94,62679.27,62730.01,,
2026-07-09T19:58:02+08:00,btc-updown-5m-1783598100,https://polymarket.com/zh/event/btc-updown-5m-1783598100,19:55-20:00,96.00,5.00,95.00,4.00,580.89,804.08,731.84,508.67,95.50,4.50,1.00,1.00,24001.02,17159.27,16087.05,23976.02,95,4,4,95,62679.27,62730.01,,
2026-07-09T19:58:04+08:00,btc-updown-5m-1783598100,https://polymarket.com/zh/event/btc-updown-5m-1783598100,19:55-20:00,96.00,6.00,95.00,5.00,593.00,585.15,245.73,131.19,95.50,5.50,1.00,1.00,23996.02,16425.06,16487.55,23986.02,95,4,5,94,62679.27,62732.00,,
2026-07-09T19:58:06+08:00,btc-updown-5m-1783598100,https://polymarket.com/zh/event/btc-updown-5m-1783598100,19:55-20:00,96.00,5.00,95.00,4.00,518.07,396.21,396.21,518.07,95.50,4.50,1.00,1.00,23986.03,16132.13,16132.13,23981.02,95,4,4,95,62679.27,62732.00,,
2026-07-09T19:58:08+08:00,btc-updown-5m-1783598100,https://polymarket.com/zh/event/btc-updown-5m-1783598100,19:55-20:00,97.00,4.00,96.00,3.00,2215.28,44.94,564.94,2480.40,96.50,3.50,1.00,1.00,23839.02,16630.70,16496.82,23764.02,96,3,3,96,62679.27,62732.01,,
2026-07-09T19:58:10+08:00,btc-updown-5m-1783598100,https://polymarket.com/zh/event/btc-updown-5m-1783598100,19:55-20:00,94.00,7.00,93.00,6.00,584.52,450.71,391.07,584.52,93.50,6.50,1.00,1.00,23834.02,17740.68,17752.31,23844.02,93,6,6,93,62679.27,62722.81,,
2026-07-09T19:58:12+08:00,btc-updown-5m-1783598100,https://polymarket.com/zh/event/btc-updown-5m-1783598100,19:55-20:00,94.00,7.00,93.00,6.00,473.13,481.12,489.57,416.74,93.50,6.50,1.00,1.00,23839.03,17655.65,17224.12,23834.02,93,6,6,93,62679.27,62722.81,,
2026-07-09T19:58:14+08:00,btc-updown-5m-1783598100,https://polymarket.com/zh/event/btc-updown-5m-1783598100,19:55-20:00,96.00,5.00,95.00,4.00,103.95,676.18,720.03,73.53,95.50,4.50,1.00,1.00,23834.02,13473.89,12923.47,23844.03,95,4,4,95,62679.27,62731.97,,
2026-07-09T19:58:16+08:00,btc-updown-5m-1783598100,https://polymarket.com/zh/event/btc-updown-5m-1783598100,19:55-20:00,97.00,4.00,96.00,3.00,935.04,249.48,249.48,935.04,96.50,3.50,1.00,1.00,23834.02,13629.88,13629.88,23849.02,96,3,3,96,62679.27,62731.97,,
2026-07-09T19:58:17+08:00,btc-updown-5m-1783598100,https://polymarket.com/zh/event/btc-updown-5m-1783598100,19:55-20:00,97.00,4.00,96.00,3.00,789.04,250.99,191.17,809.18,96.50,3.50,1.00,1.00,23829.02,13488.27,13508.41,23844.02,96,3,3,96,62679.27,62731.97,,
2026-07-09T19:58:19+08:00,btc-updown-5m-1783598100,https://polymarket.com/zh/event/btc-updown-5m-1783598100,19:55-20:00,96.00,5.00,95.00,4.00,542.67,482.46,482.46,527.13,95.50,4.50,1.00,1.00,23829.02,14132.78,14117.24,23804.02,95,4,4,95,62679.27,62731.97,,
2026-07-09T19:58:21+08:00,btc-updown-5m-1783598100,https://polymarket.com/zh/event/btc-updown-5m-1783598100,19:55-20:00,95.00,6.00,94.00,5.00,649.25,153.27,153.27,649.25,94.50,5.50,1.00,1.00,23590.69,16339.10,16349.10,23575.68,94,5,5,94,62679.27,62726.99,,
2026-07-09T19:58:23+08:00,btc-updown-5m-1783598100,https://polymarket.com/zh/event/btc-updown-5m-1783598100,19:55-20:00,94.00,7.00,93.00,6.00,191.25,482.19,482.19,191.25,93.50,6.50,1.00,1.00,23510.68,15903.01,15888.01,23500.68,93,6,6,93,62679.27,62723.30,,
2026-07-09T19:58:25+08:00,btc-updown-5m-1783598100,https://polymarket.com/zh/event/btc-updown-5m-1783598100,19:55-20:00,93.00,8.00,92.00,7.00,253.94,418.04,408.04,184.15,92.50,7.50,1.00,1.00,23510.95,16543.32,16518.32,23500.68,92,7,7,92,62679.27,62723.30,,
2026-07-09T19:58:27+08:00,btc-updown-5m-1783598100,https://polymarket.com/zh/event/btc-updown-5m-1783598100,19:55-20:00,93.00,8.00,92.00,7.00,192.47,350.60,333.50,206.95,92.50,7.50,1.00,1.00,23525.68,15847.02,15852.02,23505.68,92,7,7,92,62679.27,62723.30,,
2026-07-09T19:58:29+08:00,btc-updown-5m-1783598100,https://polymarket.com/zh/event/btc-updown-5m-1783598100,19:55-20:00,93.00,7.00,92.00,6.00,19.07,175.00,627.14,351.64,92.50,6.50,1.00,1.00,23500.68,15809.02,15804.02,23580.68,92,7,6,93,62679.27,62722.82,,
2026-07-09T19:58:31+08:00,btc-updown-5m-1783598100,https://polymarket.com/zh/event/btc-updown-5m-1783598100,19:55-20:00,94.00,6.00,93.00,5.00,12.11,147.02,393.74,510.74,93.50,5.50,1.00,1.00,23565.68,14545.01,14635.63,23575.68,93,6,5,94,62679.27,62722.82,,
2026-07-09T19:58:32+08:00,btc-updown-5m-1783598100,https://polymarket.com/zh/event/btc-updown-5m-1783598100,19:55-20:00,95.00,6.00,94.00,5.00,601.46,373.26,318.19,350.77,94.50,5.50,1.00,1.00,23580.68,15062.22,14801.53,23580.68,94,5,5,94,62679.27,62722.82,,
2026-07-09T19:58:34+08:00,btc-updown-5m-1783598100,https://polymarket.com/zh/event/btc-updown-5m-1783598100,19:55-20:00,96.00,5.00,95.00,4.00,938.23,228.84,228.84,926.15,95.50,4.50,1.00,1.00,23580.68,15485.84,15468.76,23575.68,95,4,4,95,62679.27,62722.82,,
2026-07-09T19:58:36+08:00,btc-updown-5m-1783598100,https://polymarket.com/zh/event/btc-updown-5m-1783598100,19:55-20:00,95.00,7.00,93.00,6.00,105.00,281.57,272.20,432.57,94.00,6.50,2.00,1.00,23505.68,15988.37,15998.79,23510.69,93,5,6,93,62679.27,62722.40,,
2026-07-09T19:58:38+08:00,btc-updown-5m-1783598100,https://polymarket.com/zh/event/btc-updown-5m-1783598100,19:55-20:00,94.00,7.00,93.00,6.00,396.72,320.76,245.38,155.90,93.50,6.50,1.00,1.00,23495.68,14880.49,14337.38,23505.68,93,6,6,93,62679.27,62719.67,,
2026-07-09T19:58:40+08:00,btc-updown-5m-1783598100,https://polymarket.com/zh/event/btc-updown-5m-1783598100,19:55-20:00,95.00,6.00,94.00,5.00,298.23,402.95,392.96,298.23,94.50,5.50,1.00,1.00,23580.68,15532.09,15542.09,23580.68,94,5,5,94,62679.27,62719.67,,
2026-07-09T19:58:42+08:00,btc-updown-5m-1783598100,https://polymarket.com/zh/event/btc-updown-5m-1783598100,19:55-20:00,92.00,9.00,91.00,8.00,324.80,429.97,626.18,365.98,91.50,8.50,1.00,1.00,23580.68,15798.44,15461.43,23580.68,91,8,8,91,62679.27,62712.64,,
2026-07-09T19:58:44+08:00,btc-updown-5m-1783598100,https://polymarket.com/zh/event/btc-updown-5m-1783598100,19:55-20:00,92.00,9.00,91.00,8.00,65.00,591.39,636.39,50.00,91.50,8.50,1.00,1.00,23585.68,16308.81,16285.28,23575.68,91,8,8,91,62679.27,62712.64,,
2026-07-09T19:58:46+08:00,btc-updown-5m-1783598100,https://polymarket.com/zh/event/btc-updown-5m-1783598100,19:55-20:00,92.00,9.00,91.00,8.00,25.85,584.90,584.90,24.76,91.50,8.50,1.00,1.00,23559.68,16319.43,16363.43,23564.68,91,8,8,91,62679.27,62712.64,,
2026-07-09T19:58:48+08:00,btc-updown-5m-1783598100,https://polymarket.com/zh/event/btc-updown-5m-1783598100,19:55-20:00,93.00,8.00,92.00,7.00,20.00,698.69,698.69,20.00,92.50,7.50,1.00,1.00,23564.68,17517.65,17511.49,23559.68,92,7,7,92,62679.27,62712.64,,
2026-07-09T19:58:49+08:00,btc-updown-5m-1783598100,https://polymarket.com/zh/event/btc-updown-5m-1783598100,19:55-20:00,96.00,5.00,95.00,4.00,673.35,425.63,425.63,668.14,95.50,4.50,1.00,1.00,23559.68,16101.69,16109.73,23554.68,95,4,4,95,62679.27,62715.43,,
2026-07-09T19:58:51+08:00,btc-updown-5m-1783598100,https://polymarket.com/zh/event/btc-updown-5m-1783598100,19:55-20:00,96.00,5.00,95.00,4.00,10.13,688.27,530.70,10.13,95.50,4.50,1.00,1.00,23559.69,15869.47,14619.47,23559.68,95,4,4,95,62679.27,62715.43,,
2026-07-09T19:58:53+08:00,btc-updown-5m-1783598100,https://polymarket.com/zh/event/btc-updown-5m-1783598100,19:55-20:00,97.00,4.00,96.00,3.00,50.86,645.57,622.43,50.86,96.50,3.50,1.00,1.00,23553.68,12970.10,12945.10,23548.68,96,3,3,96,62679.27,62719.81,,
2026-07-09T19:58:55+08:00,btc-updown-5m-1783598100,https://polymarket.com/zh/event/btc-updown-5m-1783598100,19:55-20:00,97.00,4.00,96.00,3.00,53.09,609.53,609.53,53.09,96.50,3.50,1.00,1.00,23543.68,12781.33,12781.33,23558.68,96,3,3,96,62679.27,62719.81,,
2026-07-09T19:58:57+08:00,btc-updown-5m-1783598100,https://polymarket.com/zh/event/btc-updown-5m-1783598100,19:55-20:00,98.00,3.00,97.00,2.00,1749.83,228.50,134.55,1663.08,97.50,2.50,1.00,1.00,23558.68,11958.86,11872.11,23553.68,97,2,2,97,62679.27,62719.81,,
2026-07-09T19:58:59+08:00,btc-updown-5m-1783598100,https://polymarket.com/zh/event/btc-updown-5m-1783598100,19:55-20:00,98.00,3.00,97.00,2.00,1638.68,35.00,145.14,1638.68,97.50,2.50,1.00,1.00,23548.68,12447.71,12447.71,23548.68,97,2,2,97,62679.27,62719.81,,
2026-07-09T19:59:01+08:00,btc-updown-5m-1783598100,https://polymarket.com/zh/event/btc-updown-5m-1783598100,19:55-20:00,97.00,4.00,96.00,3.00,110.00,110.84,103.16,149.21,96.50,3.50,1.00,1.00,23425.84,11210.21,10840.42,23430.84,96,3,3,96,62679.27,62720.04,,
2026-07-09T19:59:03+08:00,btc-updown-5m-1783598100,https://polymarket.com/zh/event/btc-updown-5m-1783598100,19:55-20:00,97.00,4.00,96.00,3.00,219.94,143.16,143.16,219.94,96.50,3.50,1.00,1.00,22910.84,5730.20,5685.20,22945.85,96,3,3,96,62679.27,62720.04,,
2026-07-09T19:59:05+08:00,btc-updown-5m-1783598100,https://polymarket.com/zh/event/btc-updown-5m-1783598100,19:55-20:00,97.00,4.00,96.00,3.00,200.67,189.93,189.93,200.67,96.50,3.50,1.00,1.00,22910.85,5611.93,5661.93,22915.84,96,3,3,96,62679.27,62720.05,,
2026-07-09T19:59:06+08:00,btc-updown-5m-1783598100,https://polymarket.com/zh/event/btc-updown-5m-1783598100,19:55-20:00,97.00,3.00,96.00,2.00,110.01,110.39,322.41,848.14,96.50,2.50,1.00,1.00,22682.50,5546.27,5441.57,22677.51,96,3,2,97,62679.27,62720.04,,
2026-07-09T19:59:08+08:00,btc-updown-5m-1783598100,https://polymarket.com/zh/event/btc-updown-5m-1783598100,19:55-20:00,98.00,3.00,97.00,2.00,759.83,150.39,150.39,784.83,97.50,2.50,1.00,1.00,22660.50,5328.26,5353.26,22675.50,97,2,2,97,62679.27,62720.04,,
2026-07-09T19:59:10+08:00,btc-updown-5m-1783598100,https://polymarket.com/zh/event/btc-updown-5m-1783598100,19:55-20:00,98.00,3.00,97.00,2.00,252.10,155.39,150.39,252.10,97.50,2.50,1.00,1.00,22639.43,3788.53,3788.53,22621.42,97,2,2,97,62679.27,62720.04,,
2026-07-09T19:59:12+08:00,btc-updown-5m-1783598100,https://polymarket.com/zh/event/btc-updown-5m-1783598100,19:55-20:00,99.00,2.00,98.00,1.00,3794.32,602.97,609.97,3768.32,98.50,1.50,1.00,1.00,22725.42,3794.32,3768.32,22725.43,98,1,1,98,62679.27,62720.04,,
2026-07-09T19:59:14+08:00,btc-updown-5m-1783598100,https://polymarket.com/zh/event/btc-updown-5m-1783598100,19:55-20:00,99.00,2.00,98.00,1.00,3538.31,626.83,576.83,3511.21,98.50,1.50,1.00,1.00,22636.42,3538.31,3511.21,22631.42,98,1,1,98,62679.27,62720.05,,
2026-07-09T19:59:16+08:00,btc-updown-5m-1783598100,https://polymarket.com/zh/event/btc-updown-5m-1783598100,19:55-20:00,99.00,2.00,98.00,1.00,3128.43,95.83,595.83,3075.53,98.50,1.50,1.00,1.00,22636.42,3128.43,3075.53,22621.42,98,1,1,98,62679.27,62720.04,,
2026-07-09T19:59:18+08:00,btc-updown-5m-1783598100,https://polymarket.com/zh/event/btc-updown-5m-1783598100,19:55-20:00,99.00,2.00,98.00,1.00,2520.84,784.78,784.78,2524.78,98.50,1.50,1.00,1.00,23126.42,2520.84,2524.78,22641.43,98,1,1,98,62679.27,62720.04,,
2026-07-09T19:59:19+08:00,btc-updown-5m-1783598100,https://polymarket.com/zh/event/btc-updown-5m-1783598100,19:55-20:00,99.00,2.00,98.00,1.00,2466.89,545.52,545.52,2463.89,98.50,1.50,1.00,1.00,22626.42,2466.89,2463.89,22631.42,98,1,1,98,62679.27,62720.04,,
2026-07-09T19:59:21+08:00,btc-updown-5m-1783598100,https://polymarket.com/zh/event/btc-updown-5m-1783598100,19:55-20:00,99.00,2.00,98.00,1.00,2491.49,366.52,366.52,2481.49,98.50,1.50,1.00,1.00,32631.42,2491.49,2481.49,32631.43,98,1,1,98,62679.27,62720.04,,
2026-07-09T19:59:23+08:00,btc-updown-5m-1783598100,https://polymarket.com/zh/event/btc-updown-5m-1783598100,19:55-20:00,99.00,2.00,98.00,1.00,12431.93,138.02,138.02,12406.93,98.50,1.50,1.00,1.00,33174.63,12431.93,12406.93,33179.63,98,1,1,98,62679.27,62720.04,,
2026-07-09T19:59:25+08:00,btc-updown-5m-1783598100,https://polymarket.com/zh/event/btc-updown-5m-1783598100,19:55-20:00,99.00,2.00,98.00,1.00,9081.33,586.98,586.98,9081.33,98.50,1.50,1.00,1.00,32853.66,9081.33,9081.33,32853.66,98,1,1,98,62679.27,62720.04,,
2026-07-09T19:59:27+08:00,btc-updown-5m-1783598100,https://polymarket.com/zh/event/btc-updown-5m-1783598100,19:55-20:00,99.00,2.00,98.00,1.00,8915.25,535.13,535.13,8915.25,98.50,1.50,1.00,1.00,32848.66,8915.25,8915.25,32853.67,98,1,1,98,62679.27,62720.04,,
2026-07-09T19:59:29+08:00,btc-updown-5m-1783598100,https://polymarket.com/zh/event/btc-updown-5m-1783598100,19:55-20:00,99.00,2.00,98.00,1.00,8841.16,972.82,972.82,8841.16,98.50,1.50,1.00,1.00,32848.66,8841.16,8841.16,32843.66,98,1,1,98,62679.27,62720.04,,
2026-07-09T19:59:31+08:00,btc-updown-5m-1783598100,https://polymarket.com/zh/event/btc-updown-5m-1783598100,19:55-20:00,99.00,2.00,98.00,1.00,6024.86,661.88,661.88,6054.86,98.50,1.50,1.00,1.00,32552.00,6024.86,6054.86,32547.00,98,1,1,98,62679.27,62718.90,,
2026-07-09T19:59:33+08:00,btc-updown-5m-1783598100,https://polymarket.com/zh/event/btc-updown-5m-1783598100,19:55-20:00,99.00,2.00,98.00,1.00,5922.00,798.55,799.57,5922.00,98.50,1.50,1.00,1.00,32567.00,5922.00,5922.00,32582.00,98,1,1,98,62679.27,62718.90,,
2026-07-09T19:59:35+08:00,btc-updown-5m-1783598100,https://polymarket.com/zh/event/btc-updown-5m-1783598100,19:55-20:00,99.00,2.00,98.00,1.00,2848.86,508.59,798.55,2853.86,98.50,1.50,1.00,1.00,32567.00,2848.86,2853.86,31051.01,98,1,1,98,62679.27,62718.90,,
2026-07-09T19:59:37+08:00,btc-updown-5m-1783598100,https://polymarket.com/zh/event/btc-updown-5m-1783598100,19:55-20:00,99.00,1.00,98.00,,2032.84,591.07,579.34,,98.50,,1.00,,30856.02,2032.84,,30846.01,98,1,0,99,62679.27,62718.90,,
2026-07-09T19:59:38+08:00,btc-updown-5m-1783598100,https://polymarket.com/zh/event/btc-updown-5m-1783598100,19:55-20:00,,1.00,99.00,,,3516.42,3511.41,,,,,,30856.01,,,30846.02,99,0,0,99,62679.27,62718.90,,
2026-07-09T19:59:40+08:00,btc-updown-5m-1783598100,https://polymarket.com/zh/event/btc-updown-5m-1783598100,19:55-20:00,,1.00,99.00,,,4711.75,4711.75,,,,,,30840.01,,,30850.01,99,0,0,99,62679.27,62718.91,,
2026-07-09T19:59:42+08:00,btc-updown-5m-1783598100,https://polymarket.com/zh/event/btc-updown-5m-1783598100,19:55-20:00,,1.00,99.00,,,7009.60,7009.60,,,,,,30840.01,,,30855.01,99,0,0,99,62679.27,62718.91,,
2026-07-09T19:59:44+08:00,btc-updown-5m-1783598100,https://polymarket.com/zh/event/btc-updown-5m-1783598100,19:55-20:00,,1.00,99.00,,,7356.13,7346.12,,,,,,30850.01,,,30845.02,99,0,0,99,62679.27,62718.90,,
2026-07-09T19:59:46+08:00,btc-updown-5m-1783598100,https://polymarket.com/zh/event/btc-updown-5m-1783598100,19:55-20:00,,1.00,99.00,,,9108.52,9108.52,,,,,,29735.42,,,29730.42,95,0,0,95,62679.27,62718.90,,
2026-07-09T19:59:48+08:00,btc-updown-5m-1783598100,https://polymarket.com/zh/event/btc-updown-5m-1783598100,19:55-20:00,,1.00,99.00,,,9201.34,9201.34,,,,,,29645.42,,,29640.42,95,0,0,95,62679.27,62718.97,,
2026-07-09T19:59:50+08:00,btc-updown-5m-1783598100,https://polymarket.com/zh/event/btc-updown-5m-1783598100,19:55-20:00,,1.00,99.00,,,9381.82,9346.82,,,,,,29660.42,,,24640.42,85,0,0,85,62679.27,62718.96,,
2026-07-09T19:59:52+08:00,btc-updown-5m-1783598100,https://polymarket.com/zh/event/btc-updown-5m-1783598100,19:55-20:00,,1.00,99.00,,,10427.45,10427.45,,,,,,22495.42,,,22505.42,84,0,0,84,62679.27,62718.96,,
2026-07-09T19:59:53+08:00,btc-updown-5m-1783598100,https://polymarket.com/zh/event/btc-updown-5m-1783598100,19:55-20:00,,1.00,99.00,,,10677.17,10677.17,,,,,,22495.42,,,22495.42,84,0,0,84,62679.27,62718.96,,
2026-07-09T19:59:55+08:00,btc-updown-5m-1783598100,https://polymarket.com/zh/event/btc-updown-5m-1783598100,19:55-20:00,,1.00,99.00,,,11374.55,11334.20,,,,,,23195.43,,,23195.42,82,0,0,82,62679.27,62718.96,,
2026-07-09T19:59:57+08:00,btc-updown-5m-1783598100,https://polymarket.com/zh/event/btc-updown-5m-1783598100,19:55-20:00,,1.00,99.00,,,23172.06,23172.06,,,,,,23240.42,,,23225.42,83,0,0,83,62679.27,62718.97,,
2026-07-09T19:59:59+08:00,btc-updown-5m-1783598100,https://polymarket.com/zh/event/btc-updown-5m-1783598100,19:55-20:00,,1.00,99.00,,,50079.41,46084.41,,,,,,23854.07,,,23351.07,79,0,0,78,62679.27,62718.96,,
2026-07-09T20:00:01+08:00,btc-updown-5m-1783598400,https://polymarket.com/zh/event/btc-updown-5m-1783598400,20:00-20:05,49.00,52.00,48.00,51.00,184.64,317.04,387.04,90.17,48.50,51.50,1.00,1.00,19370.74,17254.25,17243.25,19355.74,48,51,51,48,62720.09,62720.09,,
2026-07-09T20:00:03+08:00,btc-updown-5m-1783598400,https://polymarket.com/zh/event/btc-updown-5m-1783598400,20:00-20:05,34.00,69.00,31.00,68.00,624.91,87.15,90.01,140.00,32.50,68.50,3.00,1.00,19347.74,17488.25,17573.25,19662.74,31,66,68,31,62720.09,62693.26,,
2026-07-09T20:00:05+08:00,btc-updown-5m-1783598400,https://polymarket.com/zh/event/btc-updown-5m-1783598400,20:00-20:05,32.00,69.00,31.00,68.00,559.40,418.82,378.44,485.12,31.50,68.50,1.00,1.00,20185.74,18272.25,18273.25,20180.74,31,68,68,31,62720.09,62693.06,,
2026-07-09T20:00:07+08:00,btc-updown-5m-1783598400,https://polymarket.com/zh/event/btc-updown-5m-1783598400,20:00-20:05,32.00,69.00,31.00,68.00,177.70,566.45,514.71,122.35,31.50,68.50,1.00,1.00,20126.74,18179.25,18185.25,20126.74,31,68,68,31,62720.09,62694.60,,
2026-07-09T20:00:09+08:00,btc-updown-5m-1783598400,https://polymarket.com/zh/event/btc-updown-5m-1783598400,20:00-20:05,32.00,69.00,31.00,68.00,103.52,672.88,704.13,80.39,31.50,68.50,1.00,1.00,19226.74,17211.25,17191.26,19211.74,31,68,68,31,62720.09,62695.97,,
2026-07-09T20:00:11+08:00,btc-updown-5m-1783598400,https://polymarket.com/zh/event/btc-updown-5m-1783598400,20:00-20:05,46.00,56.00,44.00,55.00,157.03,33.00,33.00,5.00,45.00,55.50,2.00,1.00,19233.99,17287.51,17297.52,19362.32,41,54,55,43,62720.09,62714.01,,
2026-07-09T20:00:13+08:00,btc-updown-5m-1783598400,https://polymarket.com/zh/event/btc-updown-5m-1783598400,20:00-20:05,50.00,51.00,49.00,50.00,627.96,893.77,909.77,627.96,49.50,50.50,1.00,1.00,19632.77,17485.78,17495.78,19632.77,49,50,50,49,62720.09,62720.09,,
2026-07-09T20:00:15+08:00,btc-updown-5m-1783598400,https://polymarket.com/zh/event/btc-updown-5m-1783598400,20:00-20:05,50.00,50.00,49.00,44.00,128.67,205.23,1289.14,7.64,49.50,47.00,1.00,6.00,20452.87,18428.88,18586.39,20452.87,49,50,44,50,62720.09,62726.36,,
2026-07-09T20:00:17+08:00,btc-updown-5m-1783598400,https://polymarket.com/zh/event/btc-updown-5m-1783598400,20:00-20:05,60.00,41.00,59.00,40.00,11.99,876.87,876.87,11.99,59.50,40.50,1.00,1.00,20978.77,18494.46,18494.46,20978.77,59,40,40,59,62720.09,62732.00,,
2026-07-09T20:00:19+08:00,btc-updown-5m-1783598400,https://polymarket.com/zh/event/btc-updown-5m-1783598400,20:00-20:05,61.00,40.00,60.00,39.00,148.33,1030.05,1030.05,144.33,60.50,39.50,1.00,1.00,20940.44,18522.79,18687.79,20610.44,60,39,39,60,62720.09,62732.00,,
2026-07-09T20:00:20+08:00,btc-updown-5m-1783598400,https://polymarket.com/zh/event/btc-updown-5m-1783598400,20:00-20:05,63.00,38.00,62.00,37.00,489.20,387.96,387.96,457.45,62.50,37.50,1.00,1.00,21121.44,18625.79,18625.79,21121.44,62,37,37,62,62720.09,62737.03,,
2026-07-09T20:00:22+08:00,btc-updown-5m-1783598400,https://polymarket.com/zh/event/btc-updown-5m-1783598400,20:00-20:05,61.00,47.00,54.00,43.00,37.00,15.67,0.04,196.00,57.50,45.00,7.00,4.00,20623.11,18407.46,18407.46,20638.12,54,38,42,53,62720.09,62715.34,,
2026-07-09T20:00:24+08:00,btc-updown-5m-1783598400,https://polymarket.com/zh/event/btc-updown-5m-1783598400,20:00-20:05,53.00,48.00,52.00,47.00,226.40,766.47,623.14,224.40,52.50,47.50,1.00,1.00,21092.69,19067.41,19067.41,21097.69,52,47,47,52,62720.09,62720.95,,
2026-07-09T20:00:26+08:00,btc-updown-5m-1783598400,https://polymarket.com/zh/event/btc-updown-5m-1783598400,20:00-20:05,50.00,51.00,49.00,50.00,324.00,618.77,537.93,312.00,49.50,50.50,1.00,1.00,21460.68,19847.70,19841.71,21520.38,49,50,50,49,62720.09,62716.06,,
2026-07-09T20:00:28+08:00,btc-updown-5m-1783598400,https://polymarket.com/zh/event/btc-updown-5m-1783598400,20:00-20:05,50.00,51.00,49.00,50.00,319.00,618.77,618.77,319.00,49.50,50.50,1.00,1.00,21609.68,19846.72,19846.72,21609.68,49,50,50,49,62720.09,62720.74,,
2026-07-09T20:00:30+08:00,btc-updown-5m-1783598400,https://polymarket.com/zh/event/btc-updown-5m-1783598400,20:00-20:05,52.00,51.00,50.00,49.00,379.70,237.22,5.00,25.00,51.00,50.00,2.00,2.00,21594.68,19896.41,19896.41,21594.68,50,48,49,49,62720.09,62712.62,,
2026-07-09T20:00:32+08:00,btc-updown-5m-1783598400,https://polymarket.com/zh/event/btc-updown-5m-1783598400,20:00-20:05,45.00,56.00,44.00,55.00,69.14,464.08,464.08,64.14,44.50,55.50,1.00,1.00,21212.65,21642.11,21641.11,21212.65,44,54,54,44,62720.09,62711.32,,
2026-07-09T20:00:34+08:00,btc-updown-5m-1783598400,https://polymarket.com/zh/event/btc-updown-5m-1783598400,20:00-20:05,45.00,56.00,44.00,55.00,328.10,57.31,57.31,345.26,44.50,55.50,1.00,1.00,23392.38,19537.11,19532.11,23392.38,44,55,55,44,62720.09,62707.83,,
2026-07-09T20:00:36+08:00,btc-updown-5m-1783598400,https://polymarket.com/zh/event/btc-updown-5m-1783598400,20:00-20:05,44.00,57.00,43.00,56.00,599.11,137.98,137.98,612.11,43.50,56.50,1.00,1.00,23382.38,19477.10,19472.10,23367.38,43,56,56,43,62720.09,62707.82,,
2026-07-09T20:00:38+08:00,btc-updown-5m-1783598400,https://polymarket.com/zh/event/btc-updown-5m-1783598400,20:00-20:05,44.00,57.00,43.00,56.00,577.66,94.39,290.79,552.17,43.50,56.50,1.00,1.00,23362.38,19462.10,19483.11,23362.38,43,56,56,43,62720.09,62707.83,,
2026-07-09T20:00:40+08:00,btc-updown-5m-1783598400,https://polymarket.com/zh/event/btc-updown-5m-1783598400,20:00-20:05,44.00,57.00,43.00,56.00,412.98,218.30,208.30,412.98,43.50,56.50,1.00,1.00,23457.38,19492.11,19493.10,23452.38,43,56,56,43,62720.09,62707.84,,
2026-07-09T20:00:42+08:00,btc-updown-5m-1783598400,https://polymarket.com/zh/event/btc-updown-5m-1783598400,20:00-20:05,44.00,57.00,43.00,56.00,583.73,172.39,172.39,562.51,43.50,56.50,1.00,1.00,23378.38,19483.10,19498.11,23398.38,43,56,56,43,62720.09,62707.84,,
2026-07-09T20:00:43+08:00,btc-updown-5m-1783598400,https://polymarket.com/zh/event/btc-updown-5m-1783598400,20:00-20:05,43.00,57.00,42.00,56.00,620.34,146.60,217.61,217.12,42.50,56.50,1.00,1.00,23393.38,19477.10,19408.10,23383.38,42,57,56,43,62720.09,62707.83,,
2026-07-09T20:00:46+08:00,btc-updown-5m-1783598400,https://polymarket.com/zh/event/btc-updown-5m-1783598400,20:00-20:05,36.00,65.00,35.00,64.00,620.32,896.93,222.69,385.18,35.50,64.50,1.00,1.00,23276.38,19457.10,19473.10,23358.38,35,64,64,35,62720.09,62696.64,,
2026-07-09T20:00:48+08:00,btc-updown-5m-1783598400,https://polymarket.com/zh/event/btc-updown-5m-1783598400,20:00-20:05,32.00,69.00,31.00,68.00,1107.30,313.49,186.52,860.43,31.50,68.50,1.00,1.00,23233.05,19338.10,19344.10,23218.05,31,68,68,31,62720.09,62689.81,,
2026-07-09T20:00:49+08:00,btc-updown-5m-1783598400,https://polymarket.com/zh/event/btc-updown-5m-1783598400,20:00-20:05,32.00,69.00,31.00,68.00,662.39,137.46,137.46,662.39,31.50,68.50,1.00,1.00,23253.43,19343.10,19344.10,23223.43,31,68,68,31,62720.09,62692.95,,
2026-07-09T20:00:51+08:00,btc-updown-5m-1783598400,https://polymarket.com/zh/event/btc-updown-5m-1783598400,20:00-20:05,32.00,69.00,31.00,68.00,101.37,489.78,567.25,162.37,31.50,68.50,1.00,1.00,22518.43,18578.10,18599.10,22528.43,31,68,68,31,62720.09,62692.95,,
2026-07-09T20:00:53+08:00,btc-updown-5m-1783598400,https://polymarket.com/zh/event/btc-updown-5m-1783598400,20:00-20:05,32.00,69.00,31.00,68.00,474.17,165.94,277.14,745.00,31.50,68.50,1.00,1.00,22574.43,18583.11,18609.11,22585.43,31,68,68,31,62720.09,62692.95,,
2026-07-09T20:00:55+08:00,btc-updown-5m-1783598400,https://polymarket.com/zh/event/btc-updown-5m-1783598400,20:00-20:05,31.00,70.00,30.00,69.00,440.45,951.76,1001.76,396.09,30.50,69.50,1.00,1.00,22590.43,18659.10,18628.10,22655.43,30,69,69,30,62720.09,62692.95,,
2026-07-09T20:00:57+08:00,btc-updown-5m-1783598400,https://polymarket.com/zh/event/btc-updown-5m-1783598400,20:00-20:05,41.00,65.00,35.00,61.00,210.53,87.73,63.46,5.81,38.00,63.00,6.00,4.00,22610.43,18573.10,18568.10,22610.43,35,59,61,35,62720.09,62706.27,,
2026-07-09T20:00:59+08:00,btc-updown-5m-1783598400,https://polymarket.com/zh/event/btc-updown-5m-1783598400,20:00-20:05,43.00,58.00,42.00,57.00,119.48,965.94,889.87,109.48,42.50,57.50,1.00,1.00,22639.43,18970.10,18960.10,22639.43,42,57,57,42,62720.09,62709.35,,
2026-07-09T20:01:01+08:00,btc-updown-5m-1783598400,https://polymarket.com/zh/event/btc-updown-5m-1783598400,20:00-20:05,42.00,59.00,41.00,58.00,180.61,229.15,129.93,573.72,41.50,58.50,1.00,1.00,29606.13,25936.80,25945.80,29626.13,41,58,58,41,62720.09,62707.24,,
2026-07-09T20:01:03+08:00,btc-updown-5m-1783598400,https://polymarket.com/zh/event/btc-updown-5m-1783598400,20:00-20:05,48.00,53.00,47.00,52.00,137.00,692.63,692.63,137.00,47.50,52.50,1.00,1.00,29598.13,25648.80,25662.81,29618.13,47,52,52,47,62720.09,62709.76,,
2026-07-09T20:01:05+08:00,btc-updown-5m-1783598400,https://polymarket.com/zh/event/btc-updown-5m-1783598400,20:00-20:05,48.00,52.00,47.00,51.00,53.85,50.00,770.52,1371.51,47.50,51.50,1.00,1.00,29588.13,25648.80,25648.80,29593.13,47,52,51,48,62720.09,62712.38,,
2026-07-09T20:01:06+08:00,btc-updown-5m-1783598400,https://polymarket.com/zh/event/btc-updown-5m-1783598400,20:00-20:05,49.00,52.00,48.00,51.00,901.00,1278.87,1413.69,525.12,48.50,51.50,1.00,1.00,29288.13,25348.80,25347.80,29278.13,48,51,51,48,62720.09,62715.76,,
2026-07-09T20:01:08+08:00,btc-updown-5m-1783598400,https://polymarket.com/zh/event/btc-updown-5m-1783598400,20:00-20:05,50.00,45.00,49.00,44.00,8.00,21.00,321.15,192.57,49.50,44.50,1.00,1.00,29089.13,25158.81,25149.81,29099.13,49,48,44,52,62720.09,62715.87,,
2026-07-09T20:01:10+08:00,btc-updown-5m-1783598400,https://polymarket.com/zh/event/btc-updown-5m-1783598400,20:00-20:05,58.00,43.00,57.00,42.00,234.38,861.87,648.76,271.09,57.50,42.50,1.00,1.00,29609.14,27347.80,27332.80,29114.14,57,42,42,57,62720.09,62722.39,,
2026-07-09T20:01:12+08:00,btc-updown-5m-1783598400,https://polymarket.com/zh/event/btc-updown-5m-1783598400,20:00-20:05,50.00,57.00,47.00,52.00,639.03,151.50,58.00,489.08,48.50,54.50,3.00,5.00,27660.44,24563.10,24563.10,27650.43,46,50,52,43,62720.09,62715.88,,
2026-07-09T20:01:14+08:00,btc-updown-5m-1783598400,https://polymarket.com/zh/event/btc-updown-5m-1783598400,20:00-20:05,39.00,62.00,38.00,61.00,539.05,458.41,262.41,349.05,38.50,61.50,1.00,1.00,27531.43,24553.10,24558.10,27496.43,38,61,61,38,62720.09,62701.59,,
2026-07-09T20:01:16+08:00,btc-updown-5m-1783598400,https://polymarket.com/zh/event/btc-updown-5m-1783598400,20:00-20:05,39.00,62.00,38.00,61.00,410.64,84.46,766.68,796.50,38.50,61.50,1.00,1.00,27606.43,24549.10,24554.10,27606.43,38,61,61,38,62720.09,62706.04,,
2026-07-09T20:01:18+08:00,btc-updown-5m-1783598400,https://polymarket.com/zh/event/btc-updown-5m-1783598400,20:00-20:05,37.00,64.00,36.00,63.00,385.94,854.92,831.97,218.37,36.50,63.50,1.00,1.00,27468.43,24490.11,24485.11,27468.43,36,63,63,36,62720.09,62702.90,,
2026-07-09T20:01:20+08:00,btc-updown-5m-1783598400,https://polymarket.com/zh/event/btc-updown-5m-1783598400,20:00-20:05,40.00,61.00,39.00,60.00,287.67,368.59,485.69,287.67,39.50,60.50,1.00,1.00,27563.43,24506.11,24495.10,27548.43,39,60,60,39,62720.09,62709.02,,
2026-07-09T20:01:22+08:00,btc-updown-5m-1783598400,https://polymarket.com/zh/event/btc-updown-5m-1783598400,20:00-20:05,39.00,62.00,38.00,61.00,245.09,840.56,859.40,245.09,38.50,61.50,1.00,1.00,27548.43,24486.10,24501.10,27558.43,38,61,61,38,62720.09,62704.48,,
2026-07-09T20:01:24+08:00,btc-updown-5m-1783598400,https://polymarket.com/zh/event/btc-updown-5m-1783598400,20:00-20:05,39.00,62.00,38.00,61.00,102.10,827.28,822.28,174.01,38.50,61.50,1.00,1.00,27538.43,24495.10,24491.10,27548.43,38,61,61,38,62720.09,62706.05,,
2026-07-09T20:01:25+08:00,btc-updown-5m-1783598400,https://polymarket.com/zh/event/btc-updown-5m-1783598400,20:00-20:05,39.00,62.00,38.00,61.00,84.63,844.43,844.59,84.63,38.50,61.50,1.00,1.00,27543.43,24410.10,24426.10,27533.43,38,61,61,38,62720.09,62706.05,,
2026-07-09T20:01:28+08:00,btc-updown-5m-1783598400,https://polymarket.com/zh/event/btc-updown-5m-1783598400,20:00-20:05,42.00,59.00,41.00,58.00,81.00,723.25,717.75,81.00,41.50,58.50,1.00,1.00,27577.43,24506.11,24500.10,27577.43,41,58,58,41,62720.09,62709.08,,
2026-07-09T20:01:29+08:00,btc-updown-5m-1783598400,https://polymarket.com/zh/event/btc-updown-5m-1783598400,20:00-20:05,42.00,59.00,41.00,58.00,20.00,689.01,669.35,25.00,41.50,58.50,1.00,1.00,27597.43,24501.10,24490.10,27577.43,41,58,58,41,62720.09,62709.08,,
2026-07-09T20:01:31+08:00,btc-updown-5m-1783598400,https://polymarket.com/zh/event/btc-updown-5m-1783598400,20:00-20:05,43.00,58.00,42.00,57.00,308.59,735.97,735.97,358.59,42.50,57.50,1.00,1.00,27117.43,24021.11,24026.10,27122.43,42,57,57,42,62720.09,62709.08,,
2026-07-09T20:01:33+08:00,btc-updown-5m-1783598400,https://polymarket.com/zh/event/btc-updown-5m-1783598400,20:00-20:05,43.00,58.00,42.00,57.00,290.56,589.60,589.60,361.56,42.50,57.50,1.00,1.00,27127.43,24020.10,24030.10,27107.43,42,57,57,42,62720.09,62709.08,,
2026-07-09T20:01:35+08:00,btc-updown-5m-1783598400,https://polymarket.com/zh/event/btc-updown-5m-1783598400,20:00-20:05,40.00,61.00,39.00,60.00,478.45,813.95,934.04,438.45,39.50,60.50,1.00,1.00,26727.43,24036.10,24022.10,26737.43,39,60,60,39,62720.09,62704.47,,
2026-07-09T20:01:37+08:00,btc-updown-5m-1783598400,https://polymarket.com/zh/event/btc-updown-5m-1783598400,20:00-20:05,40.00,61.00,39.00,60.00,89.11,1204.64,1382.59,89.11,39.50,60.50,1.00,1.00,26817.43,24057.11,24026.10,26807.43,39,60,60,39,62720.09,62704.50,,
2026-07-09T20:01:39+08:00,btc-updown-5m-1783598400,https://polymarket.com/zh/event/btc-updown-5m-1783598400,20:00-20:05,40.00,61.00,39.00,60.00,721.02,114.20,158.14,766.76,39.50,60.50,1.00,1.00,26737.43,24026.10,24041.10,26737.43,39,60,60,39,62720.09,62706.05,,
2026-07-09T20:01:41+08:00,btc-updown-5m-1783598400,https://polymarket.com/zh/event/btc-updown-5m-1783598400,20:00-20:05,40.00,61.00,39.00,60.00,134.61,425.99,175.97,215.23,39.50,60.50,1.00,1.00,26812.43,24032.10,24046.10,26812.43,39,60,60,39,62720.09,62706.05,,
2026-07-09T20:01:43+08:00,btc-updown-5m-1783598400,https://polymarket.com/zh/event/btc-updown-5m-1783598400,20:00-20:05,35.00,66.00,34.00,65.00,843.65,185.84,190.84,832.55,34.50,65.50,1.00,1.00,26625.43,23821.11,23815.10,26630.43,34,65,65,34,62720.09,62700.01,,
2026-07-09T20:01:45+08:00,btc-updown-5m-1783598400,https://polymarket.com/zh/event/btc-updown-5m-1783598400,20:00-20:05,32.00,70.00,31.00,69.00,1527.45,33.62,77.62,766.11,31.50,69.50,1.00,1.00,26435.43,23800.10,23811.10,26435.43,31,68,69,30,62720.09,62696.32,,
2026-07-09T20:01:47+08:00,btc-updown-5m-1783598400,https://polymarket.com/zh/event/btc-updown-5m-1783598400,20:00-20:05,30.00,71.00,29.00,70.00,742.21,168.08,179.69,688.21,29.50,70.50,1.00,1.00,26425.43,23811.11,23815.11,26430.43,29,70,70,29,62720.09,62696.32,,
2026-07-09T20:01:49+08:00,btc-updown-5m-1783598400,https://polymarket.com/zh/event/btc-updown-5m-1783598400,20:00-20:05,28.00,73.00,27.00,72.00,178.67,861.15,856.15,178.67,27.50,72.50,1.00,1.00,25241.43,23795.10,23806.10,25236.43,27,72,72,27,62720.09,62696.32,,
2026-07-09T20:01:51+08:00,btc-updown-5m-1783598400,https://polymarket.com/zh/event/btc-updown-5m-1783598400,20:00-20:05,29.00,72.00,28.00,71.00,181.05,710.86,635.06,125.75,28.50,71.50,1.00,1.00,25246.43,23816.10,23795.10,25236.43,28,71,71,28,62720.09,62693.20,,
2026-07-09T20:01:53+08:00,btc-updown-5m-1783598400,https://polymarket.com/zh/event/btc-updown-5m-1783598400,20:00-20:05,29.00,72.00,28.00,71.00,443.89,470.88,588.94,239.98,28.50,71.50,1.00,1.00,25336.43,23830.10,23915.10,25336.43,28,71,71,28,62720.09,62693.19,,
2026-07-09T20:01:55+08:00,btc-updown-5m-1783598400,https://polymarket.com/zh/event/btc-updown-5m-1783598400,20:00-20:05,28.00,73.00,27.00,72.00,274.56,630.15,635.27,272.56,27.50,72.50,1.00,1.00,25349.43,23921.11,23920.10,25349.43,27,72,72,27,62720.09,62693.19,,
2026-07-09T20:01:57+08:00,btc-updown-5m-1783598400,https://polymarket.com/zh/event/btc-updown-5m-1783598400,20:00-20:05,28.00,73.00,27.00,72.00,199.98,998.93,1012.63,188.19,27.50,72.50,1.00,1.00,25235.43,23920.10,23926.10,25219.43,27,72,72,27,62720.09,62693.19,,
2026-07-09T20:01:59+08:00,btc-updown-5m-1783598400,https://polymarket.com/zh/event/btc-updown-5m-1783598400,20:00-20:05,30.00,71.00,29.00,70.00,746.85,337.28,317.36,721.85,29.50,70.50,1.00,1.00,25144.43,23915.10,23926.10,25154.43,29,70,70,29,62720.09,62693.19,,
2026-07-09T20:02:01+08:00,btc-updown-5m-1783598400,https://polymarket.com/zh/event/btc-updown-5m-1783598400,20:00-20:05,30.00,71.00,29.00,70.00,556.34,314.41,320.84,556.34,29.50,70.50,1.00,1.00,25092.43,23914.10,23894.11,25092.43,29,70,70,29,62720.09,62709.36,,
2026-07-09T20:02:02+08:00,btc-updown-5m-1783598400,https://polymarket.com/zh/event/btc-updown-5m-1783598400,20:00-20:05,41.00,60.00,40.00,59.00,46.49,555.99,580.99,46.49,40.50,59.50,1.00,1.00,26776.13,24036.80,24046.80,26781.13,40,59,59,40,62720.09,62706.00,,
2026-07-09T20:02:04+08:00,btc-updown-5m-1783598400,https://polymarket.com/zh/event/btc-updown-5m-1783598400,20:00-20:05,38.00,69.00,32.00,65.00,159.33,117.24,2.65,114.00,35.00,67.00,6.00,4.00,26786.13,24280.81,24295.82,26781.13,32,62,65,31,62720.09,62706.00,,
2026-07-09T20:02:06+08:00,btc-updown-5m-1783598400,https://polymarket.com/zh/event/btc-updown-5m-1783598400,20:00-20:05,31.00,70.00,30.00,69.00,95.86,1.68,1.68,95.86,30.50,69.50,1.00,1.00,25251.13,24260.81,24265.81,25200.43,30,69,69,30,62720.09,62694.88,,
2026-07-09T20:02:08+08:00,btc-updown-5m-1783598400,https://polymarket.com/zh/event/btc-updown-5m-1783598400,20:00-20:05,30.00,71.00,29.00,70.00,775.54,29.93,31.79,780.65,29.50,70.50,1.00,1.00,25200.43,23967.10,23982.10,25190.43,29,70,70,29,62720.09,62693.20,,
2026-07-09T20:02:10+08:00,btc-updown-5m-1783598400,https://polymarket.com/zh/event/btc-updown-5m-1783598400,20:00-20:05,30.00,71.00,29.00,70.00,722.80,393.02,55.31,656.65,29.50,70.50,1.00,1.00,25200.43,23972.10,23998.10,25190.43,29,70,70,29,62720.09,62693.20,,
2026-07-09T20:02:12+08:00,btc-updown-5m-1783598400,https://polymarket.com/zh/event/btc-updown-5m-1783598400,20:00-20:05,29.00,76.00,28.00,73.00,686.95,32.67,54.29,182.00,28.50,74.50,1.00,3.00,20195.43,23961.10,23945.11,18480.43,28,71,73,24,62720.09,62693.20,,
2026-07-09T20:02:14+08:00,btc-updown-5m-1783598400,https://polymarket.com/zh/event/btc-updown-5m-1783598400,20:00-20:05,24.00,77.00,23.00,76.00,354.22,571.36,571.36,354.22,23.50,76.50,1.00,1.00,18063.43,23940.10,23940.10,18063.43,23,76,76,23,62720.09,62688.00,,
2026-07-09T20:02:16+08:00,btc-updown-5m-1783598400,https://polymarket.com/zh/event/btc-updown-5m-1783598400,20:00-20:05,24.00,77.00,23.00,76.00,354.22,580.32,580.32,374.22,23.50,76.50,1.00,1.00,18063.43,23945.11,23945.11,18058.43,23,76,76,23,62720.09,62688.00,,
2026-07-09T20:02:18+08:00,btc-updown-5m-1783598400,https://polymarket.com/zh/event/btc-updown-5m-1783598400,20:00-20:05,26.00,75.00,25.00,73.00,96.43,23.00,23.00,399.70,25.50,74.00,1.00,2.00,18063.43,23896.11,23896.11,18063.43,25,74,73,25,62720.09,62688.00,,
2026-07-09T20:02:19+08:00,btc-updown-5m-1783598400,https://polymarket.com/zh/event/btc-updown-5m-1783598400,20:00-20:05,26.00,75.00,25.00,74.00,269.07,404.12,167.78,166.41,25.50,74.50,1.00,1.00,18133.43,23881.10,23870.10,18123.43,25,74,74,25,62720.09,62688.00,,
2026-07-09T20:02:21+08:00,btc-updown-5m-1783598400,https://polymarket.com/zh/event/btc-updown-5m-1783598400,20:00-20:05,26.00,75.00,25.00,74.00,555.80,64.44,64.44,574.61,25.50,74.50,1.00,1.00,18123.43,23866.10,23966.10,18048.43,25,74,74,25,62720.09,62688.00,,
2026-07-09T20:02:23+08:00,btc-updown-5m-1783598400,https://polymarket.com/zh/event/btc-updown-5m-1783598400,20:00-20:05,21.00,83.00,18.00,81.00,134.65,6.49,17.20,242.85,19.50,82.00,3.00,2.00,18723.30,23971.11,23940.10,18623.30,18,79,81,17,62720.09,62687.36,,
2026-07-09T20:02:25+08:00,btc-updown-5m-1783598400,https://polymarket.com/zh/event/btc-updown-5m-1783598400,20:00-20:05,26.00,76.00,23.00,75.00,123.33,422.45,282.87,37.40,24.50,75.50,3.00,1.00,20490.43,23976.12,23950.12,19965.43,23,74,75,24,62720.09,62691.19,,
2026-07-09T20:02:27+08:00,btc-updown-5m-1783598400,https://polymarket.com/zh/event/btc-updown-5m-1783598400,20:00-20:05,31.00,70.00,30.00,69.00,89.47,168.64,156.95,58.10,30.50,69.50,1.00,1.00,26123.43,23885.11,23881.11,26128.43,30,69,69,30,62720.09,62694.89,,
2026-07-09T20:02:29+08:00,btc-updown-5m-1783598400,https://polymarket.com/zh/event/btc-updown-5m-1783598400,20:00-20:05,31.00,70.00,30.00,69.00,409.13,58.13,58.13,430.13,30.50,69.50,1.00,1.00,26104.43,23816.10,23802.10,26094.43,30,69,69,30,62720.09,62694.88,,
2026-07-09T20:02:31+08:00,btc-updown-5m-1783598400,https://polymarket.com/zh/event/btc-updown-5m-1783598400,20:00-20:05,31.00,70.00,30.00,69.00,408.41,25.24,25.24,428.12,30.50,69.50,1.00,1.00,24049.43,23806.11,23827.10,24054.43,30,69,69,30,62720.09,62694.88,,
