ts_iso,slug,market_url,window_text,buy_up_cents,buy_down_cents,sell_up_cents,sell_down_cents,buy_up_size,buy_down_size,sell_up_size,sell_down_size,mid_up_cents,mid_down_cents,spread_up_cents,spread_down_cents,bid_depth_up_5,ask_depth_up_5,bid_depth_down_5,ask_depth_down_5,level_count_bid_up,level_count_ask_up,level_count_bid_down,level_count_ask_down,target_price,final_price,trade_count_1s,trade_volume_1s
2026-09-03T05:41:32+08:00,btc-updown-5m-1788385200,https://polymarket.com/zh/event/btc-updown-5m-1788385200,05:40-05:45,69.00,32.00,68.00,31.00,95.02,176.01,140.00,63.00,68.50,31.50,1.00,1.00,12749.33,12733.04,12728.04,13269.33,68,31,31,68,,77358.12,,
2026-09-03T05:41:34+08:00,btc-updown-5m-1788385200,https://polymarket.com/zh/event/btc-updown-5m-1788385200,05:40-05:45,71.00,30.00,70.00,29.00,138.00,246.63,246.63,113.00,70.50,29.50,1.00,1.00,12754.33,12723.04,12713.04,12754.33,70,29,29,70,,77358.12,,
2026-09-03T05:41:37+08:00,btc-updown-5m-1788385200,https://polymarket.com/zh/event/btc-updown-5m-1788385200,05:40-05:45,72.00,29.00,71.00,28.00,39.52,412.71,287.71,39.52,71.50,28.50,1.00,1.00,13254.33,12728.04,12739.04,12749.33,71,28,28,71,,77358.12,,
2026-09-03T05:41:39+08:00,btc-updown-5m-1788385200,https://polymarket.com/zh/event/btc-updown-5m-1788385200,05:40-05:45,73.00,28.00,72.00,27.00,455.61,15.00,15.00,455.61,72.50,27.50,1.00,1.00,13254.34,12752.04,12742.04,12749.33,72,27,27,72,,77360.07,,
2026-09-03T05:41:41+08:00,btc-updown-5m-1788385200,https://polymarket.com/zh/event/btc-updown-5m-1788385200,05:40-05:45,73.00,29.00,72.00,28.00,380.14,226.02,74.74,163.33,72.50,28.50,1.00,1.00,12769.34,12735.04,12745.04,13254.33,72,27,28,71,,77360.26,,
2026-09-03T05:41:43+08:00,btc-updown-5m-1788385200,https://polymarket.com/zh/event/btc-updown-5m-1788385200,05:40-05:45,72.00,29.00,71.00,28.00,85.00,407.15,412.15,85.00,71.50,28.50,1.00,1.00,13249.33,12755.04,12755.04,12759.34,71,28,28,71,,77359.06,,
2026-09-03T05:41:46+08:00,btc-updown-5m-1788385200,https://polymarket.com/zh/event/btc-updown-5m-1788385200,05:40-05:45,72.00,29.00,71.00,28.00,108.33,290.00,290.00,94.44,71.50,28.50,1.00,1.00,12789.34,12765.04,12770.04,12784.34,71,28,28,71,,77359.06,,
2026-09-03T05:41:48+08:00,btc-updown-5m-1788385200,https://polymarket.com/zh/event/btc-updown-5m-1788385200,05:40-05:45,73.00,28.00,72.00,27.00,309.60,190.00,185.00,309.60,72.50,27.50,1.00,1.00,12749.33,12781.04,12786.04,12749.33,72,27,27,72,,77359.06,,
2026-09-03T05:41:50+08:00,btc-updown-5m-1788385200,https://polymarket.com/zh/event/btc-updown-5m-1788385200,05:40-05:45,73.00,28.00,72.00,27.00,234.08,102.84,106.42,240.15,72.50,27.50,1.00,1.00,13264.33,12786.04,12756.04,12754.33,72,27,27,72,,77359.06,,
2026-09-03T05:41:52+08:00,btc-updown-5m-1788385200,https://polymarket.com/zh/event/btc-updown-5m-1788385200,05:40-05:45,73.00,28.00,72.00,27.00,241.00,774.19,774.19,241.00,72.50,27.50,1.00,1.00,12754.33,12750.04,12755.04,12754.33,72,27,27,72,,77360.00,,
2026-09-03T05:41:54+08:00,btc-updown-5m-1788385200,https://polymarket.com/zh/event/btc-updown-5m-1788385200,05:40-05:45,73.00,28.00,72.00,27.00,141.00,487.70,492.70,141.00,72.50,27.50,1.00,1.00,12754.33,12750.04,12750.04,12754.33,72,27,27,72,,77360.00,,
2026-09-03T05:41:57+08:00,btc-updown-5m-1788385200,https://polymarket.com/zh/event/btc-updown-5m-1788385200,05:40-05:45,71.00,30.00,70.00,29.00,65.00,632.79,607.79,57.95,70.50,29.50,1.00,1.00,12675.33,12780.04,12790.04,12680.33,70,29,29,70,,77360.00,,
2026-09-03T05:41:59+08:00,btc-updown-5m-1788385200,https://polymarket.com/zh/event/btc-updown-5m-1788385200,05:40-05:45,71.00,30.00,70.00,29.00,62.95,242.93,608.93,62.95,70.50,29.50,1.00,1.00,12685.33,12760.04,12755.04,12690.33,70,29,29,70,,77360.00,,
2026-09-03T05:42:01+08:00,btc-updown-5m-1788385200,https://polymarket.com/zh/event/btc-updown-5m-1788385200,05:40-05:45,74.00,27.00,73.00,26.00,158.58,177.81,177.81,158.58,73.50,26.50,1.00,1.00,13616.33,12720.52,12775.52,12621.34,73,26,26,73,,77359.99,,
2026-09-03T05:42:03+08:00,btc-updown-5m-1788385200,https://polymarket.com/zh/event/btc-updown-5m-1788385200,05:40-05:45,74.00,27.00,73.00,26.00,264.58,547.28,41.35,153.70,73.50,26.50,1.00,1.00,13666.34,12710.52,12710.52,12671.34,73,26,26,73,,77360.00,,
2026-09-03T05:42:06+08:00,btc-updown-5m-1788385200,https://polymarket.com/zh/event/btc-updown-5m-1788385200,05:40-05:45,74.00,27.00,73.00,26.00,98.70,479.15,489.15,98.70,73.50,26.50,1.00,1.00,12621.33,12694.52,12709.52,13616.33,73,26,26,73,,77360.00,,
2026-09-03T05:42:08+08:00,btc-updown-5m-1788385200,https://polymarket.com/zh/event/btc-updown-5m-1788385200,05:40-05:45,74.00,27.00,73.00,26.00,124.70,272.08,258.00,49.70,73.50,26.50,1.00,1.00,12616.33,12714.52,12704.52,12616.33,73,26,26,73,,77359.99,,
2026-09-03T05:42:10+08:00,btc-updown-5m-1788385200,https://polymarket.com/zh/event/btc-updown-5m-1788385200,05:40-05:45,73.00,28.00,72.00,27.00,141.63,679.24,694.66,158.30,72.50,27.50,1.00,1.00,12576.33,12654.52,12649.52,13066.33,72,27,27,72,,77359.48,,
2026-09-03T05:42:12+08:00,btc-updown-5m-1788385200,https://polymarket.com/zh/event/btc-updown-5m-1788385200,05:40-05:45,75.00,26.00,74.00,25.00,424.87,785.41,785.41,424.87,74.50,25.50,1.00,1.00,12626.34,12649.52,12639.52,13136.34,74,25,25,74,,77359.48,,
2026-09-03T05:42:15+08:00,btc-updown-5m-1788385200,https://polymarket.com/zh/event/btc-updown-5m-1788385200,05:40-05:45,75.00,26.00,74.00,25.00,318.00,745.97,745.97,318.00,74.50,25.50,1.00,1.00,13136.34,12651.52,12651.52,13131.34,74,25,25,74,,77359.48,,
2026-09-03T05:42:17+08:00,btc-updown-5m-1788385200,https://polymarket.com/zh/event/btc-updown-5m-1788385200,05:40-05:45,75.00,26.00,74.00,25.00,149.31,786.89,798.33,149.31,74.50,25.50,1.00,1.00,13076.33,12601.52,12601.52,13081.34,74,25,25,74,,77359.49,,
2026-09-03T05:42:19+08:00,btc-updown-5m-1788385200,https://polymarket.com/zh/event/btc-updown-5m-1788385200,05:40-05:45,75.00,26.00,74.00,25.00,145.31,888.04,893.04,145.31,74.50,25.50,1.00,1.00,12576.33,12653.00,12653.00,12581.33,74,25,25,74,,77359.48,,
2026-09-03T05:42:21+08:00,btc-updown-5m-1788385200,https://polymarket.com/zh/event/btc-updown-5m-1788385200,05:40-05:45,75.00,26.00,74.00,25.00,108.30,680.20,675.20,158.30,74.50,25.50,1.00,1.00,13046.33,12622.00,12622.00,12546.33,74,25,25,74,,77360.00,,
2026-09-03T05:42:23+08:00,btc-updown-5m-1788385200,https://polymarket.com/zh/event/btc-updown-5m-1788385200,05:40-05:45,75.00,26.00,74.00,25.00,26.00,1013.29,1013.29,26.00,74.50,25.50,1.00,1.00,13096.33,12632.00,12632.00,12586.33,74,25,25,74,,77359.49,,
2026-09-03T05:42:26+08:00,btc-updown-5m-1788385200,https://polymarket.com/zh/event/btc-updown-5m-1788385200,05:40-05:45,76.00,25.00,75.00,24.00,5.00,284.83,284.83,2.73,75.50,24.50,1.00,1.00,13051.33,12749.49,12749.49,12551.33,75,24,24,75,,77359.49,,
2026-09-03T05:42:28+08:00,btc-updown-5m-1788385200,https://polymarket.com/zh/event/btc-updown-5m-1788385200,05:40-05:45,77.00,24.00,76.00,23.00,100.00,563.50,538.50,100.00,76.50,23.50,1.00,1.00,12581.33,12866.10,12876.10,12581.33,76,23,23,76,,77359.49,,
2026-09-03T05:42:30+08:00,btc-updown-5m-1788385200,https://polymarket.com/zh/event/btc-updown-5m-1788385200,05:40-05:45,77.00,23.00,76.00,22.00,5.00,146.18,563.50,218.00,76.50,22.50,1.00,1.00,12586.33,14412.10,14397.10,13076.33,76,23,22,77,,77359.49,,
2026-09-03T05:42:33+08:00,btc-updown-5m-1788385200,https://polymarket.com/zh/event/btc-updown-5m-1788385200,05:40-05:45,79.00,22.00,78.00,21.00,108.43,425.25,455.25,108.43,78.50,21.50,1.00,1.00,13076.33,14478.81,14478.81,13081.34,78,21,21,78,,77359.49,,
2026-09-03T05:42:35+08:00,btc-updown-5m-1788385200,https://polymarket.com/zh/event/btc-updown-5m-1788385200,05:40-05:45,79.00,22.00,78.00,20.00,5.00,510.25,450.25,162.64,78.50,21.00,1.00,2.00,13581.33,14526.59,14525.59,13288.63,78,21,20,78,,77359.49,,
2026-09-03T05:42:37+08:00,btc-updown-5m-1788385200,https://polymarket.com/zh/event/btc-updown-5m-1788385200,05:40-05:45,81.00,21.00,80.00,20.00,245.31,76.17,33.33,5.00,80.50,20.50,1.00,1.00,13268.62,14570.68,14570.68,12783.63,80,19,20,79,,77359.49,,
2026-09-03T05:42:39+08:00,btc-updown-5m-1788385200,https://polymarket.com/zh/event/btc-updown-5m-1788385200,05:40-05:45,81.00,20.00,80.00,19.00,86.00,243.33,218.33,65.00,80.50,19.50,1.00,1.00,12788.62,14646.27,14646.27,12773.62,80,19,19,80,,77359.49,,
2026-09-03T05:42:42+08:00,btc-updown-5m-1788385200,https://polymarket.com/zh/event/btc-updown-5m-1788385200,05:40-05:45,82.00,19.00,81.00,18.00,127.00,667.24,667.24,127.00,81.50,18.50,1.00,1.00,12778.62,14666.02,14676.02,13283.62,81,18,18,81,,77359.49,,
2026-09-03T05:42:44+08:00,btc-updown-5m-1788385200,https://polymarket.com/zh/event/btc-updown-5m-1788385200,05:40-05:45,82.00,18.00,81.00,17.00,5.00,180.00,737.00,47.00,81.50,17.50,1.00,1.00,12773.62,14672.02,14677.02,13283.62,81,18,17,82,,77359.49,,
2026-09-03T05:42:46+08:00,btc-updown-5m-1788385200,https://polymarket.com/zh/event/btc-updown-5m-1788385200,05:40-05:45,83.00,18.00,82.00,17.00,30.79,180.00,180.00,24.76,82.50,17.50,1.00,1.00,12778.62,14607.02,14607.02,12778.63,82,17,17,82,,77359.48,,
2026-09-03T05:42:48+08:00,btc-updown-5m-1788385200,https://polymarket.com/zh/event/btc-updown-5m-1788385200,05:40-05:45,82.00,19.00,81.00,18.00,207.45,26.00,26.00,207.45,81.50,18.50,1.00,1.00,12748.62,14644.02,14629.02,13273.62,81,18,18,81,,77359.48,,
2026-09-03T05:42:51+08:00,btc-updown-5m-1788385200,https://polymarket.com/zh/event/btc-updown-5m-1788385200,05:40-05:45,82.00,19.00,81.00,18.00,153.65,26.00,76.00,203.65,81.50,18.50,1.00,1.00,12783.62,14629.02,14629.02,12778.63,81,18,18,81,,77359.48,,
2026-09-03T05:42:53+08:00,btc-updown-5m-1788385200,https://polymarket.com/zh/event/btc-updown-5m-1788385200,05:40-05:45,93.00,6.00,91.00,5.00,11.00,149.66,26.66,235.58,92.00,5.50,2.00,1.00,13223.63,12493.75,11499.60,13213.62,91,7,5,94,,77364.55,,
2026-09-03T05:42:55+08:00,btc-updown-5m-1788385200,https://polymarket.com/zh/event/btc-updown-5m-1788385200,05:40-05:45,96.00,5.00,95.00,4.00,559.25,239.00,232.14,535.87,95.50,4.50,1.00,1.00,12650.33,11699.94,11621.56,13145.33,95,4,4,95,,77389.64,,
2026-09-03T05:42:57+08:00,btc-updown-5m-1788385200,https://polymarket.com/zh/event/btc-updown-5m-1788385200,05:40-05:45,96.00,5.00,95.00,4.00,298.39,307.10,312.10,313.39,95.50,4.50,1.00,1.00,12650.33,12080.10,12094.10,13145.33,95,4,4,95,,77389.64,,
2026-09-03T05:43:00+08:00,btc-updown-5m-1788385200,https://polymarket.com/zh/event/btc-updown-5m-1788385200,05:40-05:45,96.00,5.00,95.00,4.00,272.76,176.99,176.99,269.64,95.50,4.50,1.00,1.00,12645.33,12644.13,12943.01,13660.33,95,4,4,95,,77389.63,,
2026-09-03T05:43:04+08:00,btc-updown-5m-1788385200,https://polymarket.com/zh/event/btc-updown-5m-1788385200,05:40-05:45,97.00,4.00,96.00,3.00,283.18,108.00,334.20,346.18,96.50,3.50,1.00,1.00,12525.53,10111.82,10019.82,13030.54,96,3,3,96,,77389.65,,
2026-09-03T05:43:06+08:00,btc-updown-5m-1788385200,https://polymarket.com/zh/event/btc-updown-5m-1788385200,05:40-05:45,97.00,4.00,96.00,3.00,89.18,186.92,241.92,59.18,96.50,3.50,1.00,1.00,12530.53,10237.82,10207.82,12530.53,96,3,3,96,,77394.02,,
2026-09-03T05:43:08+08:00,btc-updown-5m-1788385200,https://polymarket.com/zh/event/btc-updown-5m-1788385200,05:40-05:45,98.00,3.00,97.00,2.00,1005.18,189.33,189.33,1005.18,97.50,2.50,1.00,1.00,13025.53,10029.58,10024.58,12530.53,97,2,2,97,,77397.04,,
2026-09-03T05:43:10+08:00,btc-updown-5m-1788385200,https://polymarket.com/zh/event/btc-updown-5m-1788385200,05:40-05:45,98.00,3.00,97.00,2.00,812.06,522.51,467.51,730.93,97.50,2.50,1.00,1.00,12530.53,4820.45,4739.32,12520.53,97,2,2,97,,77401.48,,
2026-09-03T05:43:13+08:00,btc-updown-5m-1788385200,https://polymarket.com/zh/event/btc-updown-5m-1788385200,05:40-05:45,76.00,25.00,75.00,24.00,48.14,420.11,475.11,29.35,75.50,24.50,1.00,1.00,13080.54,8649.89,8276.51,13070.54,75,24,24,75,,77381.48,,
2026-09-03T05:43:15+08:00,btc-updown-5m-1788385200,https://polymarket.com/zh/event/btc-updown-5m-1788385200,05:40-05:45,81.00,20.00,80.00,19.00,402.50,199.54,201.41,402.15,80.50,19.50,1.00,1.00,12585.53,7140.53,7120.53,13095.53,80,19,19,80,,77368.21,,
2026-09-03T05:43:18+08:00,btc-updown-5m-1788385200,https://polymarket.com/zh/event/btc-updown-5m-1788385200,05:40-05:45,92.00,8.00,87.00,7.00,1.54,35.00,10.00,70.00,89.50,7.50,5.00,1.00,13085.54,4775.42,5807.47,13080.53,87,8,6,91,,77374.49,,
2026-09-03T05:43:20+08:00,btc-updown-5m-1788385200,https://polymarket.com/zh/event/btc-updown-5m-1788385200,05:40-05:45,98.00,3.00,97.00,2.00,735.94,374.00,313.00,579.62,97.50,2.50,1.00,1.00,13070.53,4672.52,4411.20,13080.53,97,2,2,97,,77397.69,,
2026-09-03T05:43:22+08:00,btc-updown-5m-1788385200,https://polymarket.com/zh/event/btc-updown-5m-1788385200,05:40-05:45,89.00,11.00,88.00,10.00,51.98,203.58,201.32,155.00,88.50,10.50,1.00,1.00,12435.53,3020.84,4289.59,12440.53,88,11,10,89,,77391.72,,
2026-09-03T05:43:25+08:00,btc-updown-5m-1788385200,https://polymarket.com/zh/event/btc-updown-5m-1788385200,05:40-05:45,96.00,5.00,95.00,4.00,30.95,573.53,423.53,30.95,95.50,4.50,1.00,1.00,12930.53,1561.73,1486.73,12420.53,95,4,4,95,,77391.72,,
2026-09-03T05:43:27+08:00,btc-updown-5m-1788385200,https://polymarket.com/zh/event/btc-updown-5m-1788385200,05:40-05:45,98.00,3.00,97.00,2.00,238.84,60.00,60.00,220.97,97.50,2.50,1.00,1.00,12925.54,1330.32,1307.45,12930.54,97,2,2,97,,77391.73,,
2026-09-03T05:43:29+08:00,btc-updown-5m-1788385200,https://polymarket.com/zh/event/btc-updown-5m-1788385200,05:40-05:45,99.00,2.00,98.00,1.00,3352.46,195.00,186.66,1219.43,98.50,1.50,1.00,1.00,12405.54,3352.46,1219.43,13395.53,98,1,1,98,,77397.33,,
2026-09-03T05:43:31+08:00,btc-updown-5m-1788385200,https://polymarket.com/zh/event/btc-updown-5m-1788385200,05:40-05:45,99.00,2.00,98.00,1.00,370.97,19.30,287.09,370.97,98.50,1.50,1.00,1.00,12240.53,370.97,370.97,12720.53,98,1,1,98,,77397.33,,
2026-09-03T05:43:35+08:00,btc-updown-5m-1788385200,https://polymarket.com/zh/event/btc-updown-5m-1788385200,05:40-05:45,99.00,3.00,98.00,2.00,199.55,198.00,266.76,156.93,98.50,2.50,1.00,1.00,12735.53,199.55,3201.74,12730.53,98,1,2,97,,77391.45,,
2026-09-03T05:43:38+08:00,btc-updown-5m-1788385200,https://polymarket.com/zh/event/btc-updown-5m-1788385200,05:40-05:45,98.00,3.00,97.00,2.00,276.77,463.36,115.00,213.77,97.50,2.50,1.00,1.00,12225.53,3396.58,2763.31,12715.53,97,2,2,97,,77386.91,,
2026-09-03T05:43:40+08:00,btc-updown-5m-1788385200,https://polymarket.com/zh/event/btc-updown-5m-1788385200,05:40-05:45,98.00,3.00,97.00,2.00,65.00,278.00,263.00,47.63,97.50,2.50,1.00,1.00,12720.54,343.87,326.50,12225.54,97,2,2,97,,77387.84,,
2026-09-03T05:43:42+08:00,btc-updown-5m-1788385200,https://polymarket.com/zh/event/btc-updown-5m-1788385200,05:40-05:45,99.00,1.00,98.00,,268.87,1275.01,78.33,,98.50,,1.00,,13225.54,268.87,,12720.54,98,1,0,98,,77387.04,,
2026-09-03T05:43:44+08:00,btc-updown-5m-1788385200,https://polymarket.com/zh/event/btc-updown-5m-1788385200,05:40-05:45,,1.00,99.00,,,2186.02,2181.01,,,,,,13455.53,,,13485.54,99,0,0,99,,77389.14,,
2026-09-03T05:43:47+08:00,btc-updown-5m-1788385200,https://polymarket.com/zh/event/btc-updown-5m-1788385200,05:40-05:45,,1.00,99.00,,,3033.96,3028.95,,,,,,12790.53,,,13795.54,99,0,0,99,,77394.36,,
2026-09-03T05:43:49+08:00,btc-updown-5m-1788385200,https://polymarket.com/zh/event/btc-updown-5m-1788385200,05:40-05:45,,1.00,99.00,,,3278.10,3326.28,,,,,,13290.53,,,12785.53,99,0,0,99,,77396.21,,
2026-09-03T05:43:51+08:00,btc-updown-5m-1788385200,https://polymarket.com/zh/event/btc-updown-5m-1788385200,05:40-05:45,,1.00,99.00,,,3301.28,3301.28,,,,,,13285.53,,,13285.53,99,0,0,99,,77396.22,,
2026-09-03T05:43:53+08:00,btc-updown-5m-1788385200,https://polymarket.com/zh/event/btc-updown-5m-1788385200,05:40-05:45,,1.00,99.00,,,3356.28,3356.28,,,,,,13290.43,,,13780.43,99,0,0,99,,77396.21,,
2026-09-03T05:43:55+08:00,btc-updown-5m-1788385200,https://polymarket.com/zh/event/btc-updown-5m-1788385200,05:40-05:45,,1.00,99.00,,,3465.07,3465.07,,,,,,12711.57,,,12716.57,99,0,0,99,,77396.27,,
2026-09-03T05:43:58+08:00,btc-updown-5m-1788385200,https://polymarket.com/zh/event/btc-updown-5m-1788385200,05:40-05:45,,1.00,99.00,,,6673.08,6673.08,,,,,,5664.44,,,6664.44,99,0,0,99,,77396.28,,
2026-09-03T05:44:00+08:00,btc-updown-5m-1788385200,https://polymarket.com/zh/event/btc-updown-5m-1788385200,05:40-05:45,,1.00,99.00,,,7863.08,7803.08,,,,,,5660.44,,,5620.44,99,0,0,99,,77399.27,,
2026-09-03T05:44:02+08:00,btc-updown-5m-1788385200,https://polymarket.com/zh/event/btc-updown-5m-1788385200,05:40-05:45,,1.00,99.00,,,7985.28,7980.28,,,,,,5595.44,,,6105.44,99,0,0,99,,77402.74,,
2026-09-03T05:44:04+08:00,btc-updown-5m-1788385200,https://polymarket.com/zh/event/btc-updown-5m-1788385200,05:40-05:45,,1.00,99.00,,,9182.19,9173.28,,,,,,6100.44,,,6115.45,99,0,0,99,,77401.84,,
2026-09-03T05:44:07+08:00,btc-updown-5m-1788385200,https://polymarket.com/zh/event/btc-updown-5m-1788385200,05:40-05:45,,1.00,99.00,,,9379.44,9379.44,,,,,,6195.44,,,5715.44,99,0,0,99,,77401.44,,
2026-09-03T05:44:09+08:00,btc-updown-5m-1788385200,https://polymarket.com/zh/event/btc-updown-5m-1788385200,05:40-05:45,,1.00,99.00,,,9406.57,9406.57,,,,,,5710.44,,,5710.44,99,0,0,99,,77401.44,,
2026-09-03T05:44:11+08:00,btc-updown-5m-1788385200,https://polymarket.com/zh/event/btc-updown-5m-1788385200,05:40-05:45,,1.00,99.00,,,9827.97,9822.96,,,,,,6690.34,,,6195.35,99,0,0,99,,77401.43,,
2026-09-03T05:44:13+08:00,btc-updown-5m-1788385200,https://polymarket.com/zh/event/btc-updown-5m-1788385200,05:40-05:45,,1.00,99.00,,,12537.96,12437.96,,,,,,5595.34,,,6095.34,99,0,0,99,,77401.44,,
2026-09-03T05:44:16+08:00,btc-updown-5m-1788385200,https://polymarket.com/zh/event/btc-updown-5m-1788385200,05:40-05:45,,1.00,99.00,,,16200.21,16228.10,,,,,,5590.34,,,5590.34,99,0,0,99,,77401.43,,
2026-09-03T05:44:18+08:00,btc-updown-5m-1788385200,https://polymarket.com/zh/event/btc-updown-5m-1788385200,05:40-05:45,,1.00,99.00,,,16600.21,16600.21,,,,,,5590.34,,,6105.34,99,0,0,99,,77401.43,,
2026-09-03T05:44:20+08:00,btc-updown-5m-1788385200,https://polymarket.com/zh/event/btc-updown-5m-1788385200,05:40-05:45,,1.00,99.00,,,16511.21,16511.21,,,,,,5590.34,,,5590.34,99,0,0,99,,77400.01,,
2026-09-03T05:44:22+08:00,btc-updown-5m-1788385200,https://polymarket.com/zh/event/btc-updown-5m-1788385200,05:40-05:45,,1.00,99.00,,,16547.46,16547.46,,,,,,5595.34,,,6105.35,99,0,0,99,,77400.01,,
2026-09-03T05:44:25+08:00,btc-updown-5m-1788385200,https://polymarket.com/zh/event/btc-updown-5m-1788385200,05:40-05:45,,1.00,99.00,,,16547.46,16547.46,,,,,,5600.34,,,5590.34,99,0,0,99,,77401.44,,
2026-09-03T05:44:27+08:00,btc-updown-5m-1788385200,https://polymarket.com/zh/event/btc-updown-5m-1788385200,05:40-05:45,,1.00,99.00,,,16793.68,16788.67,,,,,,5575.34,,,6075.34,99,0,0,99,,77399.49,,
2026-09-03T05:44:29+08:00,btc-updown-5m-1788385200,https://polymarket.com/zh/event/btc-updown-5m-1788385200,05:40-05:45,,1.00,99.00,,,20683.67,20683.67,,,,,,6085.34,,,5575.34,99,0,0,99,,77401.44,,
2026-09-03T05:44:31+08:00,btc-updown-5m-1788385200,https://polymarket.com/zh/event/btc-updown-5m-1788385200,05:40-05:45,,1.00,99.00,,,33532.83,33532.83,,,,,,5562.61,,,6067.61,99,0,0,99,,77401.42,,
2026-09-03T05:44:33+08:00,btc-updown-5m-1788385200,https://polymarket.com/zh/event/btc-updown-5m-1788385200,05:40-05:45,,1.00,99.00,,,33697.96,33697.96,,,,,,5182.61,,,5677.61,99,0,0,99,,77400.86,,
2026-09-03T05:44:36+08:00,btc-updown-5m-1788385200,https://polymarket.com/zh/event/btc-updown-5m-1788385200,05:40-05:45,,1.00,99.00,,,33799.06,33799.06,,,,,,6177.61,,,6182.61,99,0,0,99,,77399.66,,
2026-09-03T05:44:38+08:00,btc-updown-5m-1788385200,https://polymarket.com/zh/event/btc-updown-5m-1788385200,05:40-05:45,,1.00,99.00,,,33894.06,33894.06,,,,,,5186.61,,,5181.61,99,0,0,99,,77399.63,,
2026-09-03T05:44:40+08:00,btc-updown-5m-1788385200,https://polymarket.com/zh/event/btc-updown-5m-1788385200,05:40-05:45,,1.00,99.00,,,33951.64,33946.63,,,,,,5671.61,,,5681.62,99,0,0,99,,77399.53,,
2026-09-03T05:44:42+08:00,btc-updown-5m-1788385200,https://polymarket.com/zh/event/btc-updown-5m-1788385200,05:40-05:45,,1.00,99.00,,,34068.73,34068.73,,,,,,5171.61,,,5691.61,99,0,0,99,,77399.51,,
2026-09-03T05:44:45+08:00,btc-updown-5m-1788385200,https://polymarket.com/zh/event/btc-updown-5m-1788385200,05:40-05:45,,1.00,99.00,,,34078.73,34078.73,,,,,,6181.61,,,5181.61,99,0,0,99,,77399.51,,
2026-09-03T05:44:47+08:00,btc-updown-5m-1788385200,https://polymarket.com/zh/event/btc-updown-5m-1788385200,05:40-05:45,,1.00,99.00,,,34147.69,34157.79,,,,,,5676.62,,,5181.62,99,0,0,99,,77399.51,,
2026-09-03T05:44:49+08:00,btc-updown-5m-1788385200,https://polymarket.com/zh/event/btc-updown-5m-1788385200,05:40-05:45,,1.00,99.00,,,34142.68,34142.68,,,,,,5181.61,,,5191.61,99,0,0,99,,77401.14,,
2026-09-03T05:44:51+08:00,btc-updown-5m-1788385200,https://polymarket.com/zh/event/btc-updown-5m-1788385200,05:40-05:45,,1.00,99.00,,,34393.25,34393.25,,,,,,5076.61,,,5081.61,99,0,0,99,,77401.14,,
2026-09-03T05:44:54+08:00,btc-updown-5m-1788385200,https://polymarket.com/zh/event/btc-updown-5m-1788385200,05:40-05:45,,1.00,99.00,,,45748.35,45753.35,,,,,,5061.61,,,5066.61,99,0,0,99,,77401.14,,
2026-09-03T05:44:56+08:00,btc-updown-5m-1788385200,https://polymarket.com/zh/event/btc-updown-5m-1788385200,05:40-05:45,,1.00,99.00,,,45854.35,45754.35,,,,,,5516.61,,,5516.61,99,0,0,99,,77401.14,,
2026-09-03T05:44:58+08:00,btc-updown-5m-1788385200,https://polymarket.com/zh/event/btc-updown-5m-1788385200,05:40-05:45,,1.00,99.00,,,56054.35,56054.35,,,,,,6101.61,,,5606.61,99,0,0,99,,77401.14,,
2026-09-03T05:45:00+08:00,btc-updown-5m-1788385500,https://polymarket.com/zh/event/btc-updown-5m-1788385500,05:45-05:50,50.00,51.00,49.00,50.00,25.00,373.33,433.33,18.00,49.50,50.50,1.00,1.00,135984.85,135844.84,136039.84,135969.85,49,50,50,49,77404.26,77404.26,,
2026-09-03T05:45:03+08:00,btc-updown-5m-1788385500,https://polymarket.com/zh/event/btc-updown-5m-1788385500,05:45-05:50,48.00,53.00,47.00,52.00,321.33,141.00,141.00,321.33,47.50,52.50,1.00,1.00,21820.12,21795.11,21794.11,21920.12,47,52,52,47,77404.26,77401.15,,
2026-09-03T05:45:05+08:00,btc-updown-5m-1788385500,https://polymarket.com/zh/event/btc-updown-5m-1788385500,05:45-05:50,48.00,53.00,47.00,52.00,75.00,292.13,281.13,75.00,47.50,52.50,1.00,1.00,22395.12,22294.11,22315.12,22425.12,47,52,52,47,77404.26,77401.15,,
2026-09-03T05:45:07+08:00,btc-updown-5m-1788385500,https://polymarket.com/zh/event/btc-updown-5m-1788385500,05:45-05:50,46.00,55.00,45.00,54.00,430.88,153.77,357.18,450.00,45.50,54.50,1.00,1.00,22394.46,22434.45,22439.45,22399.46,45,54,54,45,77404.26,77399.64,,
2026-09-03T05:45:09+08:00,btc-updown-5m-1788385500,https://polymarket.com/zh/event/btc-updown-5m-1788385500,05:45-05:50,55.00,46.00,54.00,44.00,30.00,495.33,588.33,140.00,54.50,45.00,1.00,2.00,20990.65,20298.45,20298.45,20985.64,54,45,44,54,77404.26,77390.91,,
2026-09-03T05:45:12+08:00,btc-updown-5m-1788385500,https://polymarket.com/zh/event/btc-updown-5m-1788385500,05:45-05:50,54.00,47.00,53.00,46.00,522.46,67.00,67.00,522.46,53.50,46.50,1.00,1.00,21051.90,20368.45,20353.45,21046.90,53,46,46,53,77404.26,77404.26,,
2026-09-03T05:45:14+08:00,btc-updown-5m-1788385500,https://polymarket.com/zh/event/btc-updown-5m-1788385500,05:45-05:50,54.00,47.00,53.00,46.00,446.03,47.00,35.50,446.03,53.50,46.50,1.00,1.00,20574.90,20368.45,20353.45,20549.89,53,46,46,53,77404.26,77404.26,,
2026-09-03T05:45:16+08:00,btc-updown-5m-1788385500,https://polymarket.com/zh/event/btc-updown-5m-1788385500,05:45-05:50,53.00,48.00,52.00,47.00,361.22,49.00,23.00,348.31,52.50,47.50,1.00,1.00,21450.48,20774.04,20764.04,21450.49,52,47,47,52,77404.26,77404.26,,
2026-09-03T05:45:19+08:00,btc-updown-5m-1788385500,https://polymarket.com/zh/event/btc-updown-5m-1788385500,05:45-05:50,52.00,49.00,51.00,48.00,521.80,57.95,57.95,516.80,51.50,48.50,1.00,1.00,20510.86,20284.04,20299.04,20515.86,51,48,48,51,77404.26,77403.17,,
2026-09-03T05:45:21+08:00,btc-updown-5m-1788385500,https://polymarket.com/zh/event/btc-updown-5m-1788385500,05:45-05:50,49.00,56.00,48.00,54.00,331.24,122.19,220.40,80.00,48.50,55.00,1.00,2.00,19810.86,19569.04,19340.05,19575.86,48,51,54,44,77404.26,77403.17,,
2026-09-03T05:45:23+08:00,btc-updown-5m-1788385500,https://polymarket.com/zh/event/btc-updown-5m-1788385500,05:45-05:50,34.00,67.00,33.00,66.00,270.82,58.00,88.00,265.82,33.50,66.50,1.00,1.00,19472.52,19424.79,19465.79,19487.52,33,66,66,33,77404.26,77388.36,,
2026-09-03T05:45:25+08:00,btc-updown-5m-1788385500,https://polymarket.com/zh/event/btc-updown-5m-1788385500,05:45-05:50,44.00,57.00,43.00,56.00,138.25,215.92,215.92,238.25,43.50,56.50,1.00,1.00,19068.95,19019.13,19013.13,19083.95,43,56,56,43,77404.26,77386.14,,
2026-09-03T05:45:29+08:00,btc-updown-5m-1788385500,https://polymarket.com/zh/event/btc-updown-5m-1788385500,05:45-05:50,32.00,69.00,31.00,68.00,83.49,244.21,258.00,163.40,31.50,68.50,1.00,1.00,18830.61,18774.79,18754.79,18825.61,31,68,68,31,77404.26,77378.35,,
2026-09-03T05:45:31+08:00,btc-updown-5m-1788385500,https://polymarket.com/zh/event/btc-updown-5m-1788385500,05:45-05:50,32.00,69.00,31.00,68.00,335.58,251.69,84.89,17.05,31.50,68.50,1.00,1.00,18530.61,18525.79,18504.79,18505.61,31,68,68,31,77404.26,77378.34,,
2026-09-03T05:45:33+08:00,btc-updown-5m-1788385500,https://polymarket.com/zh/event/btc-updown-5m-1788385500,05:45-05:50,25.00,75.00,24.00,74.00,20.00,150.68,282.16,48.29,24.50,74.50,1.00,1.00,20458.60,17871.79,17877.79,20468.60,24,75,74,25,77404.26,77370.67,,
2026-09-03T05:45:36+08:00,btc-updown-5m-1788385500,https://polymarket.com/zh/event/btc-updown-5m-1788385500,05:45-05:50,27.00,74.00,26.00,73.00,324.43,64.27,64.27,285.91,26.50,73.50,1.00,1.00,18484.61,17882.80,17866.79,18484.61,26,73,73,26,77404.26,77370.66,,
2026-09-03T05:45:38+08:00,btc-updown-5m-1788385500,https://polymarket.com/zh/event/btc-updown-5m-1788385500,05:45-05:50,25.00,76.00,24.00,75.00,564.34,28.10,28.10,438.34,24.50,75.50,1.00,1.00,18484.61,17873.79,17861.79,18509.61,24,75,75,24,77404.26,77369.04,,
2026-09-03T05:45:40+08:00,btc-updown-5m-1788385500,https://polymarket.com/zh/event/btc-updown-5m-1788385500,05:45-05:50,20.00,87.00,18.00,85.00,200.00,72.39,29.98,11.00,19.00,86.00,2.00,2.00,19887.27,17868.79,17894.80,20600.60,18,80,85,13,77404.26,77361.36,,
2026-09-03T05:45:42+08:00,btc-updown-5m-1788385500,https://polymarket.com/zh/event/btc-updown-5m-1788385500,05:45-05:50,12.00,89.00,11.00,88.00,342.00,573.25,623.25,212.00,11.50,88.50,1.00,1.00,20589.37,17888.89,17888.89,21495.37,11,88,88,11,77404.26,77347.93,,
2026-09-03T05:45:45+08:00,btc-updown-5m-1788385500,https://polymarket.com/zh/event/btc-updown-5m-1788385500,05:45-05:50,12.00,89.00,11.00,88.00,34.00,589.02,792.95,34.00,11.50,88.50,1.00,1.00,20701.08,17879.89,17868.89,20716.08,11,88,88,11,77404.26,77340.01,,
2026-09-03T05:45:47+08:00,btc-updown-5m-1788385500,https://polymarket.com/zh/event/btc-updown-5m-1788385500,05:45-05:50,13.00,88.00,12.00,87.00,242.49,439.89,153.13,184.49,12.50,87.50,1.00,1.00,20606.18,17864.89,17863.90,20711.18,12,87,87,12,77404.26,77337.78,,
2026-09-03T05:45:49+08:00,btc-updown-5m-1788385500,https://polymarket.com/zh/event/btc-updown-5m-1788385500,05:45-05:50,13.00,88.00,12.00,87.00,85.53,408.06,458.06,135.53,12.50,87.50,1.00,1.00,20589.07,17879.00,17863.00,20589.07,12,87,87,12,77404.26,77337.60,,
2026-09-03T05:45:51+08:00,btc-updown-5m-1788385500,https://polymarket.com/zh/event/btc-updown-5m-1788385500,05:45-05:50,11.00,90.00,10.00,89.00,515.26,72.86,77.88,630.26,10.50,89.50,1.00,1.00,20379.88,17664.00,17669.99,21359.88,10,89,89,10,77404.26,77337.60,,
2026-09-03T05:45:54+08:00,btc-updown-5m-1788385500,https://polymarket.com/zh/event/btc-updown-5m-1788385500,05:45-05:50,11.00,90.00,10.00,89.00,433.55,114.73,108.00,356.82,10.50,89.50,1.00,1.00,21146.27,17663.99,17657.99,21131.27,10,89,89,10,77404.26,77329.23,,
2026-09-03T05:45:56+08:00,btc-updown-5m-1788385500,https://polymarket.com/zh/event/btc-updown-5m-1788385500,05:45-05:50,11.00,90.00,10.00,89.00,217.79,110.68,110.68,217.79,10.50,89.50,1.00,1.00,21131.27,17667.99,17673.99,21116.27,10,89,89,10,77404.26,77327.65,,
2026-09-03T05:45:58+08:00,btc-updown-5m-1788385500,https://polymarket.com/zh/event/btc-updown-5m-1788385500,05:45-05:50,9.00,92.00,8.00,91.00,819.37,23.00,23.00,831.37,8.50,91.50,1.00,1.00,20678.97,17652.99,17652.99,20553.97,8,91,91,8,77404.26,77327.65,,
2026-09-03T05:46:00+08:00,btc-updown-5m-1788385500,https://polymarket.com/zh/event/btc-updown-5m-1788385500,05:45-05:50,10.00,91.00,9.00,90.00,244.86,605.35,812.16,150.86,9.50,90.50,1.00,1.00,20059.26,17567.99,17563.99,19752.26,9,90,90,9,77404.26,77327.30,,
2026-09-03T05:46:03+08:00,btc-updown-5m-1788385500,https://polymarket.com/zh/event/btc-updown-5m-1788385500,05:45-05:50,9.00,92.00,8.00,91.00,644.45,218.48,228.48,654.96,8.50,91.50,1.00,1.00,16664.57,13458.99,13458.99,16529.57,8,91,91,8,77404.26,77327.24,,
2026-09-03T05:46:05+08:00,btc-updown-5m-1788385500,https://polymarket.com/zh/event/btc-updown-5m-1788385500,05:45-05:50,8.00,93.00,7.00,92.00,264.34,623.98,558.98,264.34,7.50,92.50,1.00,1.00,15701.07,13499.99,13494.99,14524.41,7,92,92,7,77404.26,77313.83,,
2026-09-03T05:46:07+08:00,btc-updown-5m-1788385500,https://polymarket.com/zh/event/btc-updown-5m-1788385500,05:45-05:50,8.00,93.00,7.00,92.00,261.74,273.91,273.91,261.74,7.50,92.50,1.00,1.00,16401.93,13450.99,13444.99,16401.93,7,92,92,7,77404.26,77312.19,,
2026-09-03T05:46:09+08:00,btc-updown-5m-1788385500,https://polymarket.com/zh/event/btc-updown-5m-1788385500,05:45-05:50,10.00,89.00,7.00,88.00,164.70,152.90,470.32,8.61,8.50,88.50,3.00,1.00,15738.46,13471.99,13448.33,14058.08,7,88,84,11,77404.26,77336.65,,
2026-09-03T05:46:12+08:00,btc-updown-5m-1788385500,https://polymarket.com/zh/event/btc-updown-5m-1788385500,05:45-05:50,10.00,91.00,9.00,90.00,219.11,7.23,12.23,234.11,9.50,90.50,1.00,1.00,14551.85,13502.00,13511.99,15340.18,9,90,90,9,77404.26,77320.31,,
2026-09-03T05:46:14+08:00,btc-updown-5m-1788385500,https://polymarket.com/zh/event/btc-updown-5m-1788385500,05:45-05:50,10.00,91.00,9.00,90.00,382.39,64.85,75.00,397.39,9.50,90.50,1.00,1.00,16429.62,13484.99,13490.99,15701.29,9,90,90,9,77404.26,77320.03,,
2026-09-03T05:46:16+08:00,btc-updown-5m-1788385500,https://polymarket.com/zh/event/btc-updown-5m-1788385500,05:45-05:50,8.00,93.00,7.00,92.00,371.33,386.21,318.21,332.90,7.50,92.50,1.00,1.00,16328.63,13504.99,13501.99,16353.63,7,92,92,7,77404.26,77320.03,,
2026-09-03T05:46:18+08:00,btc-updown-5m-1788385500,https://polymarket.com/zh/event/btc-updown-5m-1788385500,05:45-05:50,8.00,93.00,7.00,92.00,410.70,179.21,164.21,408.78,7.50,92.50,1.00,1.00,15596.62,13500.99,13499.99,15596.62,7,92,92,7,77404.26,77317.50,,
2026-09-03T05:46:21+08:00,btc-updown-5m-1788385500,https://polymarket.com/zh/event/btc-updown-5m-1788385500,05:45-05:50,8.00,93.00,7.00,92.00,193.86,194.46,180.54,216.59,7.50,92.50,1.00,1.00,15595.62,13509.99,13510.99,15610.62,7,92,92,7,77404.26,77312.08,,
2026-09-03T05:46:23+08:00,btc-updown-5m-1788385500,https://polymarket.com/zh/event/btc-updown-5m-1788385500,05:45-05:50,10.00,91.00,9.00,90.00,1168.36,309.67,340.00,1168.36,9.50,90.50,1.00,1.00,15532.62,13511.00,13511.00,15527.62,9,90,90,9,77404.26,77315.75,,
2026-09-03T05:46:25+08:00,btc-updown-5m-1788385500,https://polymarket.com/zh/event/btc-updown-5m-1788385500,05:45-05:50,10.00,91.00,9.00,90.00,1203.96,224.67,249.67,1218.36,9.50,90.50,1.00,1.00,15515.02,13505.99,13499.99,15515.02,9,90,90,9,77404.26,77315.77,,
2026-09-03T05:46:28+08:00,btc-updown-5m-1788385500,https://polymarket.com/zh/event/btc-updown-5m-1788385500,05:45-05:50,9.00,92.00,8.00,91.00,88.33,17.09,7.09,560.72,8.50,91.50,1.00,1.00,14894.09,13485.99,13506.00,15921.69,8,91,91,8,77404.26,77322.05,,
2026-09-03T05:46:30+08:00,btc-updown-5m-1788385500,https://polymarket.com/zh/event/btc-updown-5m-1788385500,05:45-05:50,7.00,94.00,6.00,93.00,189.33,256.55,251.55,116.00,6.50,93.50,1.00,1.00,15840.13,13505.00,13505.00,16010.13,6,93,93,6,77404.26,77322.04,,
2026-09-03T05:46:32+08:00,btc-updown-5m-1788385500,https://polymarket.com/zh/event/btc-updown-5m-1788385500,05:45-05:50,7.00,94.00,6.00,93.00,196.00,528.00,529.07,196.00,6.50,93.50,1.00,1.00,16076.94,13502.99,13497.99,16076.94,6,93,93,6,77404.26,77314.44,,
2026-09-03T05:46:34+08:00,btc-updown-5m-1788385500,https://polymarket.com/zh/event/btc-updown-5m-1788385500,05:45-05:50,7.00,94.00,6.00,93.00,189.92,576.93,576.93,189.92,6.50,93.50,1.00,1.00,15877.24,13536.99,13547.99,15872.24,6,93,93,6,77404.26,77313.56,,
2026-09-03T05:46:37+08:00,btc-updown-5m-1788385500,https://polymarket.com/zh/event/btc-updown-5m-1788385500,05:45-05:50,7.00,94.00,6.00,93.00,219.92,380.86,380.86,219.92,6.50,93.50,1.00,1.00,15973.94,13551.99,13541.99,15993.94,6,93,93,6,77404.26,77313.39,,
2026-09-03T05:46:39+08:00,btc-updown-5m-1788385500,https://polymarket.com/zh/event/btc-updown-5m-1788385500,05:45-05:50,7.00,95.00,6.00,94.00,368.68,641.94,13.87,95.00,6.50,94.50,1.00,1.00,15722.91,13552.99,13546.99,15788.60,6,93,94,5,77404.26,77313.49,,
2026-09-03T05:46:41+08:00,btc-updown-5m-1788385500,https://polymarket.com/zh/event/btc-updown-5m-1788385500,05:45-05:50,7.00,94.00,6.00,93.00,271.68,7.00,40.00,276.68,6.50,93.50,1.00,1.00,15587.12,13536.99,13541.99,15637.12,6,93,93,6,77404.26,77313.50,,
2026-09-03T05:46:44+08:00,btc-updown-5m-1788385500,https://polymarket.com/zh/event/btc-updown-5m-1788385500,05:45-05:50,5.00,96.00,4.00,95.00,97.87,616.71,616.71,87.77,4.50,95.50,1.00,1.00,15868.74,13498.34,13487.34,15843.74,4,95,95,4,77404.26,77313.63,,
2026-09-03T05:46:46+08:00,btc-updown-5m-1788385500,https://polymarket.com/zh/event/btc-updown-5m-1788385500,05:45-05:50,7.00,94.00,6.00,93.00,31.35,453.09,448.09,31.35,6.50,93.50,1.00,1.00,15765.40,13503.34,13518.35,16072.40,6,93,93,6,77404.26,77322.06,,
2026-09-03T05:46:49+08:00,btc-updown-5m-1788385500,https://polymarket.com/zh/event/btc-updown-5m-1788385500,05:45-05:50,6.00,95.00,5.00,94.00,145.00,175.82,180.82,145.00,5.50,94.50,1.00,1.00,15870.22,13502.34,13492.34,15960.22,5,94,94,5,77404.26,77323.56,,
2026-09-03T05:46:51+08:00,btc-updown-5m-1788385500,https://polymarket.com/zh/event/btc-updown-5m-1788385500,05:45-05:50,15.00,87.00,14.00,86.00,104.06,173.00,63.00,72.85,14.50,86.50,1.00,1.00,14792.37,13518.35,13517.34,12856.67,14,85,86,13,77404.26,77337.55,,
2026-09-03T05:46:53+08:00,btc-updown-5m-1788385500,https://polymarket.com/zh/event/btc-updown-5m-1788385500,05:45-05:50,13.00,88.00,12.00,87.00,118.00,1083.62,1219.31,118.00,12.50,87.50,1.00,1.00,12749.05,13492.35,13473.35,12605.06,12,87,87,12,77404.26,77345.88,,
2026-09-03T05:46:55+08:00,btc-updown-5m-1788385500,https://polymarket.com/zh/event/btc-updown-5m-1788385500,05:45-05:50,10.00,91.00,9.00,90.00,194.00,95.90,95.90,194.00,9.50,90.50,1.00,1.00,14720.42,13507.34,13498.34,15759.42,9,90,90,9,77404.26,77345.31,,
2026-09-03T05:46:58+08:00,btc-updown-5m-1788385500,https://polymarket.com/zh/event/btc-updown-5m-1788385500,05:45-05:50,9.00,92.00,8.00,91.00,100.00,166.33,166.33,70.00,8.50,91.50,1.00,1.00,15826.24,13503.34,13508.34,15826.24,8,91,91,8,77404.26,77337.77,,
2026-09-03T05:47:00+08:00,btc-updown-5m-1788385500,https://polymarket.com/zh/event/btc-updown-5m-1788385500,05:45-05:50,7.00,94.00,6.00,93.00,203.33,6.50,29.50,342.33,6.50,93.50,1.00,1.00,15578.85,13507.34,13432.34,15069.84,6,93,93,6,77404.26,77323.46,,
2026-09-03T05:47:02+08:00,btc-updown-5m-1788385500,https://polymarket.com/zh/event/btc-updown-5m-1788385500,05:45-05:50,7.00,94.00,6.00,93.00,185.42,89.61,40.68,200.42,6.50,93.50,1.00,1.00,14895.99,13309.34,13314.34,14840.99,6,93,93,6,77404.26,77323.00,,
2026-09-03T05:47:04+08:00,btc-updown-5m-1788385500,https://polymarket.com/zh/event/btc-updown-5m-1788385500,05:45-05:50,6.00,95.00,5.00,94.00,111.00,198.94,198.94,27.66,5.50,94.50,1.00,1.00,15694.74,13309.34,13310.34,15550.75,5,94,94,5,77404.26,77324.57,,
2026-09-03T05:47:07+08:00,btc-updown-5m-1788385500,https://polymarket.com/zh/event/btc-updown-5m-1788385500,05:45-05:50,6.00,95.00,5.00,94.00,123.80,231.33,231.33,103.80,5.50,94.50,1.00,1.00,15750.18,13309.34,13314.34,15750.18,5,94,94,5,77404.26,77323.01,,
2026-09-03T05:47:09+08:00,btc-updown-5m-1788385500,https://polymarket.com/zh/event/btc-updown-5m-1788385500,05:45-05:50,5.00,96.00,4.00,95.00,151.00,432.42,432.42,150.00,4.50,95.50,1.00,1.00,14681.71,13304.34,13304.34,14991.71,4,95,95,4,77404.26,77332.04,,
2026-09-03T05:47:11+08:00,btc-updown-5m-1788385500,https://polymarket.com/zh/event/btc-updown-5m-1788385500,05:45-05:50,4.00,97.00,3.00,96.00,617.90,328.30,328.30,617.90,3.50,96.50,1.00,1.00,6856.71,13265.81,13259.81,6856.71,3,96,96,3,77404.26,77313.49,,
2026-09-03T05:47:13+08:00,btc-updown-5m-1788385500,https://polymarket.com/zh/event/btc-updown-5m-1788385500,05:45-05:50,4.00,97.00,3.00,96.00,640.71,246.26,246.26,640.71,3.50,96.50,1.00,1.00,6744.23,13270.81,13259.81,6749.23,3,96,96,3,77404.26,77311.00,,
2026-09-03T05:47:15+08:00,btc-updown-5m-1788385500,https://polymarket.com/zh/event/btc-updown-5m-1788385500,05:45-05:50,3.00,98.00,2.00,97.00,257.06,937.89,907.89,233.72,2.50,97.50,1.00,1.00,6567.21,13138.31,13139.31,6552.21,2,97,97,2,77404.26,77307.36,,
2026-09-03T05:47:18+08:00,btc-updown-5m-1788385500,https://polymarket.com/zh/event/btc-updown-5m-1788385500,05:45-05:50,3.00,98.00,2.00,97.00,402.41,585.64,452.95,412.41,2.50,97.50,1.00,1.00,5974.50,13083.31,13094.31,6122.19,2,97,97,2,77404.26,77307.36,,
2026-09-03T05:47:20+08:00,btc-updown-5m-1788385500,https://polymarket.com/zh/event/btc-updown-5m-1788385500,05:45-05:50,3.00,98.00,2.00,97.00,570.24,430.41,450.41,522.24,2.50,97.50,1.00,1.00,5996.96,13099.31,13089.31,6021.96,2,97,97,2,77404.26,77301.66,,
2026-09-03T05:47:22+08:00,btc-updown-5m-1788385500,https://polymarket.com/zh/event/btc-updown-5m-1788385500,05:45-05:50,2.00,99.00,1.00,98.00,6.00,6912.19,6907.19,134.00,1.50,98.50,1.00,1.00,6907.19,13063.31,13029.72,6912.19,1,98,98,1,77404.26,77301.65,,
2026-09-03T05:47:25+08:00,btc-updown-5m-1788385500,https://polymarket.com/zh/event/btc-updown-5m-1788385500,05:45-05:50,2.00,99.00,1.00,98.00,158.20,5471.37,5483.18,186.20,1.50,98.50,1.00,1.00,5483.18,13039.73,13038.72,5471.37,1,98,98,1,77404.26,77301.65,,
2026-09-03T05:47:27+08:00,btc-updown-5m-1788385500,https://polymarket.com/zh/event/btc-updown-5m-1788385500,05:45-05:50,2.00,99.00,1.00,98.00,55.00,4598.84,4588.84,83.00,1.50,98.50,1.00,1.00,4588.84,13033.72,13028.72,4598.84,1,98,98,1,77404.26,77301.65,,
2026-09-03T05:47:29+08:00,btc-updown-5m-1788385500,https://polymarket.com/zh/event/btc-updown-5m-1788385500,05:45-05:50,2.00,99.00,1.00,98.00,149.30,4522.91,4532.07,149.30,1.50,98.50,1.00,1.00,4532.07,13023.72,13039.73,4522.91,1,98,98,1,77404.26,77301.66,,
2026-09-03T05:47:33+08:00,btc-updown-5m-1788385500,https://polymarket.com/zh/event/btc-updown-5m-1788385500,05:45-05:50,2.00,99.00,1.00,98.00,285.66,4429.97,4414.97,285.66,1.50,98.50,1.00,1.00,4414.97,13055.72,13044.72,4429.97,1,98,98,1,77404.26,77301.65,,
2026-09-03T05:47:36+08:00,btc-updown-5m-1788385500,https://polymarket.com/zh/event/btc-updown-5m-1788385500,05:45-05:50,2.00,,1.00,99.00,673.80,,3752.20,1319.05,1.50,,1.00,,3752.20,13034.72,13041.72,,1,98,99,0,77404.26,77301.62,,
2026-09-03T05:47:38+08:00,btc-updown-5m-1788385500,https://polymarket.com/zh/event/btc-updown-5m-1788385500,05:45-05:50,1.00,,,99.00,1305.08,,,1305.08,,,,,,13719.72,13730.72,,0,99,99,0,77404.26,77294.30,,
2026-09-03T05:47:40+08:00,btc-updown-5m-1788385500,https://polymarket.com/zh/event/btc-updown-5m-1788385500,05:45-05:50,1.00,,,99.00,1853.09,,,1983.37,,,,,,13724.72,13725.72,,0,99,99,0,77404.26,77294.15,,
2026-09-03T05:47:43+08:00,btc-updown-5m-1788385500,https://polymarket.com/zh/event/btc-updown-5m-1788385500,05:45-05:50,1.00,,,99.00,2793.37,,,2693.37,,,,,,13724.72,13734.72,,0,99,99,0,77404.26,77294.15,,
2026-09-03T05:47:45+08:00,btc-updown-5m-1788385500,https://polymarket.com/zh/event/btc-updown-5m-1788385500,05:45-05:50,1.00,,,99.00,2127.32,,,2127.32,,,,,,13719.72,13725.72,,0,99,99,0,77404.26,77291.59,,
2026-09-03T05:47:47+08:00,btc-updown-5m-1788385500,https://polymarket.com/zh/event/btc-updown-5m-1788385500,05:45-05:50,1.00,,,99.00,2132.32,,,2394.92,,,,,,13704.72,13694.72,,0,99,99,0,77404.26,77291.49,,
2026-09-03T05:47:49+08:00,btc-updown-5m-1788385500,https://polymarket.com/zh/event/btc-updown-5m-1788385500,05:45-05:50,1.00,,,99.00,2334.92,,,2334.92,,,,,,13705.72,13704.72,,0,99,99,0,77404.26,77291.35,,
2026-09-03T05:47:52+08:00,btc-updown-5m-1788385500,https://polymarket.com/zh/event/btc-updown-5m-1788385500,05:45-05:50,1.00,,,99.00,2392.80,,,2442.80,,,,,,13704.72,13694.72,,0,99,99,0,77404.26,77291.35,,
2026-09-03T05:47:54+08:00,btc-updown-5m-1788385500,https://polymarket.com/zh/event/btc-updown-5m-1788385500,05:45-05:50,1.00,,,99.00,3397.80,,,3364.81,,,,,,13699.72,13694.72,,0,99,99,0,77404.26,77291.35,,
2026-09-03T05:47:56+08:00,btc-updown-5m-1788385500,https://polymarket.com/zh/event/btc-updown-5m-1788385500,05:45-05:50,1.00,,,99.00,3449.81,,,3599.81,,,,,,13716.72,13709.72,,0,99,99,0,77404.26,77282.85,,
2026-09-03T05:47:59+08:00,btc-updown-5m-1788385500,https://polymarket.com/zh/event/btc-updown-5m-1788385500,05:45-05:50,1.00,,,99.00,4305.82,,,4305.82,,,,,,13705.72,13704.72,,0,99,99,0,77404.26,77267.19,,
2026-09-03T05:48:01+08:00,btc-updown-5m-1788385500,https://polymarket.com/zh/event/btc-updown-5m-1788385500,05:45-05:50,1.00,,,99.00,6806.49,,,6916.49,,,,,,13715.72,13715.72,,0,99,99,0,77404.26,77267.14,,
2026-09-03T05:48:03+08:00,btc-updown-5m-1788385500,https://polymarket.com/zh/event/btc-updown-5m-1788385500,05:45-05:50,1.00,,,99.00,7652.81,,,7652.81,,,,,,13699.72,13704.72,,0,99,99,0,77404.26,77267.14,,
2026-09-03T05:48:05+08:00,btc-updown-5m-1788385500,https://polymarket.com/zh/event/btc-updown-5m-1788385500,05:45-05:50,1.00,,,99.00,10597.83,,,9843.83,,,,,,13710.72,13694.72,,0,99,99,0,77404.26,77268.68,,
2026-09-03T05:48:07+08:00,btc-updown-5m-1788385500,https://polymarket.com/zh/event/btc-updown-5m-1788385500,05:45-05:50,1.00,,,99.00,8987.35,,,8992.35,,,,,,13699.72,13699.72,,0,99,99,0,77404.26,77289.18,,
2026-09-03T05:48:10+08:00,btc-updown-5m-1788385500,https://polymarket.com/zh/event/btc-updown-5m-1788385500,05:45-05:50,1.00,,,99.00,8892.35,,,8892.35,,,,,,13715.72,13699.72,,0,99,99,0,77404.26,77289.18,,
2026-09-03T05:48:12+08:00,btc-updown-5m-1788385500,https://polymarket.com/zh/event/btc-updown-5m-1788385500,05:45-05:50,1.00,,,99.00,8892.35,,,8892.35,,,,,,13700.72,13711.72,,0,99,99,0,77404.26,77294.29,,
2026-09-03T05:48:14+08:00,btc-updown-5m-1788385500,https://polymarket.com/zh/event/btc-updown-5m-1788385500,05:45-05:50,1.00,,,99.00,9592.35,,,9587.02,,,,,,13725.72,13709.72,,0,99,99,0,77404.26,77294.30,,
2026-09-03T05:48:17+08:00,btc-updown-5m-1788385500,https://polymarket.com/zh/event/btc-updown-5m-1788385500,05:45-05:50,1.00,,,99.00,9873.68,,,9723.68,,,,,,13704.72,13665.72,,0,99,99,0,77404.26,77291.17,,
2026-09-03T05:48:19+08:00,btc-updown-5m-1788385500,https://polymarket.com/zh/event/btc-updown-5m-1788385500,05:45-05:50,1.00,,,99.00,10167.02,,,10167.02,,,,,,13660.72,13664.72,,0,99,99,0,77404.26,77267.36,,
2026-09-03T05:48:21+08:00,btc-updown-5m-1788385500,https://polymarket.com/zh/event/btc-updown-5m-1788385500,05:45-05:50,1.00,,,99.00,10057.02,,,10057.02,,,,,,13666.72,13669.72,,0,99,99,0,77404.26,77266.81,,
2026-09-03T05:48:23+08:00,btc-updown-5m-1788385500,https://polymarket.com/zh/event/btc-updown-5m-1788385500,05:45-05:50,1.00,,,99.00,10057.02,,,10057.02,,,,,,13670.72,13665.72,,0,99,99,0,77404.26,77266.80,,
2026-09-03T05:48:25+08:00,btc-updown-5m-1788385500,https://polymarket.com/zh/event/btc-updown-5m-1788385500,05:45-05:50,1.00,,,99.00,10046.01,,,10046.01,,,,,,13649.72,13649.72,,0,99,99,0,77404.26,77266.79,,
2026-09-03T05:48:28+08:00,btc-updown-5m-1788385500,https://polymarket.com/zh/event/btc-updown-5m-1788385500,05:45-05:50,1.00,,,99.00,10051.01,,,10051.01,,,,,,13671.72,13654.72,,0,99,99,0,77404.26,77259.44,,
2026-09-03T05:48:30+08:00,btc-updown-5m-1788385500,https://polymarket.com/zh/event/btc-updown-5m-1788385500,05:45-05:50,1.00,,,99.00,10412.01,,,10472.01,,,,,,13549.72,13555.72,,0,99,99,0,77404.26,77257.91,,
2026-09-03T05:48:32+08:00,btc-updown-5m-1788385500,https://polymarket.com/zh/event/btc-updown-5m-1788385500,05:45-05:50,1.00,,,99.00,11328.01,,,11328.01,,,,,,14529.72,14523.72,,0,99,99,0,77404.26,77256.97,,
2026-09-03T05:48:34+08:00,btc-updown-5m-1788385500,https://polymarket.com/zh/event/btc-updown-5m-1788385500,05:45-05:50,1.00,,,99.00,11458.01,,,11458.01,,,,,,14534.72,14514.72,,0,99,99,0,77404.26,77256.66,,
2026-09-03T05:48:37+08:00,btc-updown-5m-1788385500,https://polymarket.com/zh/event/btc-updown-5m-1788385500,05:45-05:50,1.00,,,99.00,11458.01,,,11458.01,,,,,,14529.72,14534.72,,0,99,99,0,77404.26,77252.07,,
2026-09-03T05:48:39+08:00,btc-updown-5m-1788385500,https://polymarket.com/zh/event/btc-updown-5m-1788385500,05:45-05:50,1.00,,,99.00,11823.20,,,11823.20,,,,,,14513.72,14508.72,,0,99,99,0,77404.26,77255.62,,
2026-09-03T05:48:41+08:00,btc-updown-5m-1788385500,https://polymarket.com/zh/event/btc-updown-5m-1788385500,05:45-05:50,1.00,,,99.00,11198.20,,,11228.20,,,,,,14564.72,14575.72,,0,99,99,0,77404.26,77279.20,,
2026-09-03T05:48:43+08:00,btc-updown-5m-1788385500,https://polymarket.com/zh/event/btc-updown-5m-1788385500,05:45-05:50,1.00,,,99.00,11134.20,,,11134.20,,,,,,14558.72,14569.72,,0,99,99,0,77404.26,77281.84,,
2026-09-03T05:48:46+08:00,btc-updown-5m-1788385500,https://polymarket.com/zh/event/btc-updown-5m-1788385500,05:45-05:50,1.00,,,99.00,11238.20,,,11238.20,,,,,,14569.72,14564.72,,0,99,99,0,77404.26,77281.84,,
2026-09-03T05:48:48+08:00,btc-updown-5m-1788385500,https://polymarket.com/zh/event/btc-updown-5m-1788385500,05:45-05:50,1.00,,,99.00,11583.20,,,11583.20,,,,,,14558.72,14563.72,,0,99,99,0,77404.26,77276.70,,
2026-09-03T05:48:50+08:00,btc-updown-5m-1788385500,https://polymarket.com/zh/event/btc-updown-5m-1788385500,05:45-05:50,1.00,,,99.00,11852.57,,,11852.57,,,,,,14584.72,14558.72,,0,99,99,0,77404.26,77275.56,,
2026-09-03T05:48:52+08:00,btc-updown-5m-1788385500,https://polymarket.com/zh/event/btc-updown-5m-1788385500,05:45-05:50,1.00,,,99.00,11547.57,,,11547.57,,,,,,14575.72,14559.62,,0,99,99,0,77404.26,77284.82,,
2026-09-03T05:48:55+08:00,btc-updown-5m-1788385500,https://polymarket.com/zh/event/btc-updown-5m-1788385500,05:45-05:50,1.00,,,99.00,12691.57,,,12397.67,,,,,,14574.62,13658.03,,0,99,99,0,77404.26,77271.31,,
2026-09-03T05:48:57+08:00,btc-updown-5m-1788385500,https://polymarket.com/zh/event/btc-updown-5m-1788385500,05:45-05:50,1.00,,,99.00,12292.20,,,12306.20,,,,,,6555.90,6544.90,,0,99,99,0,77404.26,77272.55,,
2026-09-03T05:48:59+08:00,btc-updown-5m-1788385500,https://polymarket.com/zh/event/btc-updown-5m-1788385500,05:45-05:50,1.00,,,99.00,16227.57,,,16227.57,,,,,,6575.90,6559.90,,0,99,99,0,77404.26,77261.09,,
2026-09-03T05:49:02+08:00,btc-updown-5m-1788385500,https://polymarket.com/zh/event/btc-updown-5m-1788385500,05:45-05:50,1.00,,,99.00,19856.30,,,19856.30,,,,,,6494.90,6499.90,,0,99,99,0,77404.26,77256.66,,
2026-09-03T05:49:04+08:00,btc-updown-5m-1788385500,https://polymarket.com/zh/event/btc-updown-5m-1788385500,05:45-05:50,0.10,,,99.90,7768.56,,,10776.57,,,,,,6511.90,6510.90,,0,108,110,0,77404.26,77263.56,,
2026-09-03T05:49:06+08:00,btc-updown-5m-1788385500,https://polymarket.com/zh/event/btc-updown-5m-1788385500,05:45-05:50,0.10,,,99.90,12895.06,,,12895.06,,,,,,6499.90,6494.90,,0,112,112,0,77404.26,77263.56,,
2026-09-03T05:49:08+08:00,btc-updown-5m-1788385500,https://polymarket.com/zh/event/btc-updown-5m-1788385500,05:45-05:50,0.10,,,99.90,12885.05,,,12885.05,,,,,,6494.90,6505.90,,0,111,111,0,77404.26,77263.56,,
2026-09-03T05:49:11+08:00,btc-updown-5m-1788385500,https://polymarket.com/zh/event/btc-updown-5m-1788385500,05:45-05:50,0.10,,,99.90,13210.05,,,13210.05,,,,,,6499.80,6499.80,,0,111,111,0,77404.26,77263.56,,
2026-09-03T05:49:13+08:00,btc-updown-5m-1788385500,https://polymarket.com/zh/event/btc-updown-5m-1788385500,05:45-05:50,0.10,,,99.90,14012.58,,,14012.58,,,,,,6500.80,6495.80,,0,112,112,0,77404.26,77261.91,,
2026-09-03T05:49:15+08:00,btc-updown-5m-1788385500,https://polymarket.com/zh/event/btc-updown-5m-1788385500,05:45-05:50,0.10,,,99.90,12168.77,,,12168.77,,,,,,6276.80,6287.80,,0,113,113,0,77404.26,77256.66,,
2026-09-03T05:49:17+08:00,btc-updown-5m-1788385500,https://polymarket.com/zh/event/btc-updown-5m-1788385500,05:45-05:50,0.10,,,99.90,12168.77,,,12168.77,,,,,,6191.80,6191.80,,0,113,113,0,77404.26,77263.61,,
2026-09-03T05:49:20+08:00,btc-updown-5m-1788385500,https://polymarket.com/zh/event/btc-updown-5m-1788385500,05:45-05:50,0.10,,,99.90,15501.77,,,15501.77,,,,,,6137.80,6138.80,,0,114,114,0,77404.26,77263.25,,
2026-09-03T05:49:22+08:00,btc-updown-5m-1788385500,https://polymarket.com/zh/event/btc-updown-5m-1788385500,05:45-05:50,0.10,,,99.90,15521.77,,,15521.77,,,,,,6143.80,6141.80,,0,114,114,0,77404.26,77252.62,,
2026-09-03T05:49:24+08:00,btc-updown-5m-1788385500,https://polymarket.com/zh/event/btc-updown-5m-1788385500,05:45-05:50,0.10,,,99.90,15521.77,,,15521.77,,,,,,6126.80,6131.80,,0,114,114,0,77404.26,77256.77,,
2026-09-03T05:49:26+08:00,btc-updown-5m-1788385500,https://polymarket.com/zh/event/btc-updown-5m-1788385500,05:45-05:50,0.10,,,99.90,15656.77,,,15656.77,,,,,,6127.80,6123.80,,0,113,113,0,77404.26,77256.86,,
2026-09-03T05:49:29+08:00,btc-updown-5m-1788385500,https://polymarket.com/zh/event/btc-updown-5m-1788385500,05:45-05:50,0.10,,,99.90,16767.77,,,16767.77,,,,,,6126.80,6131.80,,0,112,112,0,77404.26,77252.62,,
2026-09-03T05:49:31+08:00,btc-updown-5m-1788385500,https://polymarket.com/zh/event/btc-updown-5m-1788385500,05:45-05:50,0.10,,,99.90,16782.77,,,16782.77,,,,,,6110.39,6104.39,,0,113,113,0,77404.26,77251.99,,
2026-09-03T05:49:33+08:00,btc-updown-5m-1788385500,https://polymarket.com/zh/event/btc-updown-5m-1788385500,05:45-05:50,0.10,,,99.90,16902.77,,,16902.77,,,,,,5750.39,5739.39,,0,113,113,0,77404.26,77251.99,,
2026-09-03T05:49:36+08:00,btc-updown-5m-1788385500,https://polymarket.com/zh/event/btc-updown-5m-1788385500,05:45-05:50,0.10,,,99.90,16957.77,,,16957.77,,,,,,5736.39,5735.39,,0,113,113,0,77404.26,77252.00,,
2026-09-03T05:49:38+08:00,btc-updown-5m-1788385500,https://polymarket.com/zh/event/btc-updown-5m-1788385500,05:45-05:50,0.10,,,99.90,16957.77,,,16957.77,,,,,,5744.39,5724.39,,0,113,113,0,77404.26,77252.00,,
2026-09-03T05:49:40+08:00,btc-updown-5m-1788385500,https://polymarket.com/zh/event/btc-updown-5m-1788385500,05:45-05:50,0.10,,,99.90,19387.77,,,19444.69,,,,,,5736.39,5740.39,,0,113,113,0,77404.26,77256.15,,
2026-09-03T05:49:42+08:00,btc-updown-5m-1788385500,https://polymarket.com/zh/event/btc-updown-5m-1788385500,05:45-05:50,0.10,,,99.90,19494.01,,,19494.01,,,,,,5718.39,5723.39,,0,113,113,0,77404.26,77256.15,,
2026-09-03T05:49:44+08:00,btc-updown-5m-1788385500,https://polymarket.com/zh/event/btc-updown-5m-1788385500,05:45-05:50,0.10,,,99.90,19494.01,,,19494.01,,,,,,5733.39,5733.39,,0,113,113,0,77404.26,77250.20,,
2026-09-03T05:49:47+08:00,btc-updown-5m-1788385500,https://polymarket.com/zh/event/btc-updown-5m-1788385500,05:45-05:50,0.10,,,99.90,19558.39,,,19558.39,,,,,,5718.39,5723.39,,0,113,113,0,77404.26,77249.96,,
2026-09-03T05:49:49+08:00,btc-updown-5m-1788385500,https://polymarket.com/zh/event/btc-updown-5m-1788385500,05:45-05:50,0.10,,,99.90,20137.63,,,20137.63,,,,,,5729.39,5724.39,,0,113,113,0,77404.26,77246.52,,
2026-09-03T05:49:51+08:00,btc-updown-5m-1788385500,https://polymarket.com/zh/event/btc-updown-5m-1788385500,05:45-05:50,0.10,,,99.90,20172.31,,,20272.81,,,,,,5695.39,5694.39,,0,113,113,0,77404.26,77252.59,,
2026-09-03T05:49:54+08:00,btc-updown-5m-1788385500,https://polymarket.com/zh/event/btc-updown-5m-1788385500,05:45-05:50,0.10,,,99.90,23522.81,,,23572.05,,,,,,5733.39,5744.39,,0,113,113,0,77404.26,77260.48,,
2026-09-03T05:49:56+08:00,btc-updown-5m-1788385500,https://polymarket.com/zh/event/btc-updown-5m-1788385500,05:45-05:50,0.10,,,99.90,23582.05,,,23582.05,,,,,,5688.39,5683.39,,0,113,113,0,77404.26,77248.22,,
2026-09-03T05:49:58+08:00,btc-updown-5m-1788385500,https://polymarket.com/zh/event/btc-updown-5m-1788385500,05:45-05:50,0.10,,,99.90,23582.05,,,23582.05,,,,,,6168.39,6173.39,,0,113,113,0,77404.26,77252.08,,
2026-09-03T05:50:00+08:00,btc-updown-5m-1788385800,https://polymarket.com/zh/event/btc-updown-5m-1788385800,05:50-05:55,53.00,47.00,52.00,46.00,20.00,113.33,115.00,43.61,52.50,46.50,1.00,1.00,140476.46,139935.03,140150.03,140071.46,44,45,46,47,77252.80,77255.00,,
2026-09-03T05:50:03+08:00,btc-updown-5m-1788385800,https://polymarket.com/zh/event/btc-updown-5m-1788385800,05:50-05:55,55.00,46.00,54.00,45.00,186.48,176.00,176.00,135.57,54.50,45.50,1.00,1.00,25853.22,25511.79,25561.79,25963.23,54,45,45,54,77252.80,77259.04,,
2026-09-03T05:50:05+08:00,btc-updown-5m-1788385800,https://polymarket.com/zh/event/btc-updown-5m-1788385800,05:50-05:55,55.00,45.00,54.00,44.00,67.78,288.33,277.01,163.56,54.50,44.50,1.00,1.00,26264.31,26122.88,26107.88,26234.31,54,45,44,55,77252.80,77259.01,,
2026-09-03T05:50:07+08:00,btc-updown-5m-1788385800,https://polymarket.com/zh/event/btc-updown-5m-1788385800,05:50-05:55,56.00,45.00,55.00,44.00,107.01,256.07,256.07,107.01,55.50,44.50,1.00,1.00,26444.31,26217.88,26232.88,26954.31,55,44,44,55,77252.80,77262.42,,
2026-09-03T05:50:10+08:00,btc-updown-5m-1788385800,https://polymarket.com/zh/event/btc-updown-5m-1788385800,05:50-05:55,53.00,48.00,52.00,47.00,377.45,244.91,202.91,360.58,52.50,47.50,1.00,1.00,24444.31,24257.88,24267.88,24439.31,52,47,47,52,77252.80,77259.95,,
2026-09-03T05:50:12+08:00,btc-updown-5m-1788385800,https://polymarket.com/zh/event/btc-updown-5m-1788385800,05:50-05:55,56.00,45.00,55.00,44.00,133.01,131.33,182.33,128.01,55.50,44.50,1.00,1.00,24539.75,24321.48,24321.48,25059.75,55,44,44,55,77252.80,77261.01,,
2026-09-03T05:50:14+08:00,btc-updown-5m-1788385800,https://polymarket.com/zh/event/btc-updown-5m-1788385800,05:50-05:55,56.00,45.00,55.00,44.00,75.23,230.93,182.93,75.23,55.50,44.50,1.00,1.00,24566.48,24311.48,24321.48,24571.48,55,44,44,55,77252.80,77261.01,,
2026-09-03T05:50:16+08:00,btc-updown-5m-1788385800,https://polymarket.com/zh/event/btc-updown-5m-1788385800,05:50-05:55,59.00,41.00,58.00,40.00,5.00,173.00,255.42,208.73,58.50,40.50,1.00,1.00,24978.73,24674.18,24694.18,25478.73,58,41,40,59,77252.80,77265.00,,
2026-09-03T05:50:19+08:00,btc-updown-5m-1788385800,https://polymarket.com/zh/event/btc-updown-5m-1788385800,05:50-05:55,52.00,54.00,50.00,53.00,6.66,73.50,15.90,200.00,51.00,53.50,2.00,1.00,25007.07,24214.18,24243.52,24467.07,50,48,52,46,77252.80,77259.94,,
2026-09-03T05:50:21+08:00,btc-updown-5m-1788385800,https://polymarket.com/zh/event/btc-updown-5m-1788385800,05:50-05:55,47.00,54.00,46.00,53.00,179.86,192.30,192.30,179.86,46.50,53.50,1.00,1.00,22766.00,22563.79,22572.79,22771.00,46,53,53,46,77252.80,77257.69,,
2026-09-03T05:50:24+08:00,btc-updown-5m-1788385800,https://polymarket.com/zh/event/btc-updown-5m-1788385800,05:50-05:55,47.00,54.00,46.00,53.00,205.87,148.96,153.96,250.87,46.50,53.50,1.00,1.00,22497.00,22324.78,22334.78,22482.00,46,53,53,46,77252.80,77252.08,,
2026-09-03T05:50:26+08:00,btc-updown-5m-1788385800,https://polymarket.com/zh/event/btc-updown-5m-1788385800,05:50-05:55,47.00,54.00,46.00,53.00,80.00,295.38,301.96,30.00,46.50,53.50,1.00,1.00,22522.00,22328.78,22079.78,22267.00,46,53,53,46,77252.80,77252.08,,
2026-09-03T05:50:28+08:00,btc-updown-5m-1788385800,https://polymarket.com/zh/event/btc-updown-5m-1788385800,05:50-05:55,49.00,52.00,48.00,51.00,54.00,383.73,383.73,59.00,48.50,51.50,1.00,1.00,22022.00,21838.78,21848.78,22022.00,48,51,51,48,77252.80,77252.80,,
2026-09-03T05:50:30+08:00,btc-updown-5m-1788385800,https://polymarket.com/zh/event/btc-updown-5m-1788385800,05:50-05:55,48.00,53.00,47.00,52.00,18.00,400.85,395.85,3.00,47.50,52.50,1.00,1.00,21262.00,21363.78,21354.78,21267.00,47,52,52,47,77252.80,77252.79,,
2026-09-03T05:50:33+08:00,btc-updown-5m-1788385800,https://polymarket.com/zh/event/btc-updown-5m-1788385800,05:50-05:55,49.00,52.00,48.00,51.00,143.15,185.09,185.09,143.15,48.50,51.50,1.00,1.00,21049.73,20853.78,20838.78,21054.73,48,51,51,48,77252.80,77252.77,,
2026-09-03T05:50:35+08:00,btc-updown-5m-1788385800,https://polymarket.com/zh/event/btc-updown-5m-1788385800,05:50-05:55,47.00,56.00,46.00,55.00,378.00,99.98,40.00,201.17,46.50,55.50,1.00,1.00,20794.73,20609.78,20619.78,20767.00,46,53,55,44,77252.80,77252.74,,
2026-09-03T05:50:37+08:00,btc-updown-5m-1788385800,https://polymarket.com/zh/event/btc-updown-5m-1788385800,05:50-05:55,45.00,56.00,44.00,55.00,260.77,100.74,100.74,232.43,44.50,55.50,1.00,1.00,20757.00,20603.78,20614.78,20767.00,44,55,55,44,77252.80,77252.12,,
2026-09-03T05:50:39+08:00,btc-updown-5m-1788385800,https://polymarket.com/zh/event/btc-updown-5m-1788385800,05:50-05:55,49.00,52.00,48.00,51.00,65.00,442.88,442.88,65.00,48.50,51.50,1.00,1.00,20798.11,20598.78,20624.78,20798.11,48,51,51,48,77252.80,77252.12,,
2026-09-03T05:50:42+08:00,btc-updown-5m-1788385800,https://polymarket.com/zh/event/btc-updown-5m-1788385800,05:50-05:55,49.00,52.00,48.00,51.00,200.00,260.40,260.40,175.00,48.50,51.50,1.00,1.00,20803.11,20623.79,20603.79,20798.21,48,51,51,48,77252.80,77252.11,,
2026-09-03T05:50:44+08:00,btc-updown-5m-1788385800,https://polymarket.com/zh/event/btc-updown-5m-1788385800,05:50-05:55,47.00,54.00,46.00,53.00,125.00,202.62,227.62,125.00,46.50,53.50,1.00,1.00,20808.21,20608.88,20614.88,20818.21,46,53,53,46,77252.80,77252.12,,
2026-09-03T05:50:46+08:00,btc-updown-5m-1788385800,https://polymarket.com/zh/event/btc-updown-5m-1788385800,05:50-05:55,47.00,54.00,46.00,53.00,70.00,310.76,295.76,120.00,46.50,53.50,1.00,1.00,20778.31,20621.88,20637.88,20773.31,46,53,53,46,77252.80,77252.10,,
2026-09-03T05:50:48+08:00,btc-updown-5m-1788385800,https://polymarket.com/zh/event/btc-updown-5m-1788385800,05:50-05:55,46.00,55.00,45.00,54.00,79.30,398.00,398.00,89.30,45.50,54.50,1.00,1.00,20813.31,20651.89,20635.89,20803.31,45,54,54,45,77252.80,77252.08,,
2026-09-03T05:50:51+08:00,btc-updown-5m-1788385800,https://polymarket.com/zh/event/btc-updown-5m-1788385800,05:50-05:55,64.00,37.00,63.00,36.00,107.81,310.57,217.40,54.60,63.50,36.50,1.00,1.00,21753.47,20400.98,20435.98,21278.48,63,36,36,63,77252.80,77270.14,,
2026-09-03T05:50:53+08:00,btc-updown-5m-1788385800,https://polymarket.com/zh/event/btc-updown-5m-1788385800,05:50-05:55,64.00,37.00,63.00,36.00,158.79,312.92,307.92,158.79,63.50,36.50,1.00,1.00,20510.13,20162.64,20152.64,20995.13,63,36,36,63,77252.80,77270.14,,
2026-09-03T05:50:56+08:00,btc-updown-5m-1788385800,https://polymarket.com/zh/event/btc-updown-5m-1788385800,05:50-05:55,64.00,37.00,63.00,36.00,919.88,0.85,33.29,924.88,63.50,36.50,1.00,1.00,20500.13,20167.64,20192.64,20490.13,63,36,36,63,77252.80,77270.14,,
2026-09-03T05:50:58+08:00,btc-updown-5m-1788385800,https://polymarket.com/zh/event/btc-updown-5m-1788385800,05:50-05:55,63.00,38.00,62.00,37.00,191.91,330.00,330.00,191.91,62.50,37.50,1.00,1.00,20235.13,19907.64,19937.64,20260.13,62,37,37,62,77252.80,77270.15,,
2026-09-03T05:51:00+08:00,btc-updown-5m-1788385800,https://polymarket.com/zh/event/btc-updown-5m-1788385800,05:50-05:55,70.00,29.00,69.00,28.00,51.57,47.99,244.33,60.05,69.50,28.50,1.00,1.00,19830.13,19562.64,19542.64,19820.13,69,30,28,71,77252.80,77280.45,,
2026-09-03T05:51:03+08:00,btc-updown-5m-1788385800,https://polymarket.com/zh/event/btc-updown-5m-1788385800,05:50-05:55,62.00,40.00,61.00,39.00,146.33,190.57,66.92,162.08,61.50,39.50,1.00,1.00,15773.47,15055.98,15060.98,15743.47,61,38,39,60,77252.80,77281.96,,
2026-09-03T05:51:05+08:00,btc-updown-5m-1788385800,https://polymarket.com/zh/event/btc-updown-5m-1788385800,05:50-05:55,75.00,26.00,74.00,24.00,23.31,287.93,292.33,86.66,74.50,25.00,1.00,2.00,15231.14,15160.64,15205.64,15231.14,74,25,24,74,77252.80,77293.42,,
2026-09-03T05:51:07+08:00,btc-updown-5m-1788385800,https://polymarket.com/zh/event/btc-updown-5m-1788385800,05:50-05:55,76.00,25.00,75.00,24.00,127.55,382.78,370.33,27.55,75.50,24.50,1.00,1.00,14519.13,15076.64,15071.64,15024.13,75,24,24,75,77252.80,77295.78,,
2026-09-03T05:51:09+08:00,btc-updown-5m-1788385800,https://polymarket.com/zh/event/btc-updown-5m-1788385800,05:50-05:55,76.00,26.00,75.00,25.00,275.46,63.00,18.00,907.47,75.50,25.50,1.00,1.00,15279.13,14776.64,14781.64,14779.13,75,24,25,74,77252.80,77295.95,,
2026-09-03T05:51:11+08:00,btc-updown-5m-1788385800,https://polymarket.com/zh/event/btc-updown-5m-1788385800,05:50-05:55,74.00,27.00,73.00,26.00,261.87,17.31,19.00,256.87,73.50,26.50,1.00,1.00,14809.13,14845.64,14840.64,14314.13,73,26,26,73,77252.80,77295.79,,
2026-09-03T05:51:14+08:00,btc-updown-5m-1788385800,https://polymarket.com/zh/event/btc-updown-5m-1788385800,05:50-05:55,75.00,26.00,74.00,25.00,65.00,335.37,335.37,73.02,74.50,25.50,1.00,1.00,14809.13,14668.64,14683.64,14299.13,74,25,25,74,77252.80,77295.79,,
2026-09-03T05:51:16+08:00,btc-updown-5m-1788385800,https://polymarket.com/zh/event/btc-updown-5m-1788385800,05:50-05:55,73.00,28.00,72.00,27.00,308.33,81.40,58.26,300.33,72.50,27.50,1.00,1.00,14299.13,14625.64,14678.64,14814.13,72,27,27,72,77252.80,77295.82,,
2026-09-03T05:51:18+08:00,btc-updown-5m-1788385800,https://polymarket.com/zh/event/btc-updown-5m-1788385800,05:50-05:55,71.00,29.00,70.00,28.00,69.33,49.33,233.86,159.14,70.50,28.50,1.00,1.00,14789.13,14308.64,14318.64,14779.13,70,29,28,71,77252.80,77295.84,,
2026-09-03T05:51:20+08:00,btc-updown-5m-1788385800,https://polymarket.com/zh/event/btc-updown-5m-1788385800,05:50-05:55,67.00,33.00,66.00,32.00,5.00,402.13,283.00,33.00,66.50,32.50,1.00,1.00,14312.47,14299.98,14314.98,14317.47,66,33,32,67,77252.80,77283.87,,
2026-09-03T05:51:23+08:00,btc-updown-5m-1788385800,https://polymarket.com/zh/event/btc-updown-5m-1788385800,05:50-05:55,68.00,33.00,67.00,32.00,23.00,286.25,120.00,21.03,67.50,32.50,1.00,1.00,14812.47,14315.81,14324.81,14842.47,67,32,32,67,77252.80,77283.01,,
2026-09-03T05:51:25+08:00,btc-updown-5m-1788385800,https://polymarket.com/zh/event/btc-updown-5m-1788385800,05:50-05:55,69.00,31.00,68.00,28.00,10.75,40.00,395.60,39.09,68.50,29.50,1.00,3.00,14342.47,14324.81,14309.81,14322.47,68,31,28,69,77252.80,77282.65,,
2026-09-03T05:51:27+08:00,btc-updown-5m-1788385800,https://polymarket.com/zh/event/btc-updown-5m-1788385800,05:50-05:55,71.00,30.00,70.00,29.00,17.77,96.97,96.97,17.77,70.50,29.50,1.00,1.00,14352.47,14348.37,14348.37,14332.47,70,29,29,70,77252.80,77283.01,,
2026-09-03T05:51:29+08:00,btc-updown-5m-1788385800,https://polymarket.com/zh/event/btc-updown-5m-1788385800,05:50-05:55,72.00,29.00,71.00,28.00,113.63,452.93,476.93,113.63,71.50,28.50,1.00,1.00,14327.47,14358.37,14363.37,14822.47,71,28,28,71,77252.80,77282.63,,
2026-09-03T05:51:32+08:00,btc-updown-5m-1788385800,https://polymarket.com/zh/event/btc-updown-5m-1788385800,05:50-05:55,72.00,29.00,71.00,28.00,51.00,409.18,409.18,23.36,71.50,28.50,1.00,1.00,14096.48,13628.37,13618.37,14106.48,71,28,28,71,77252.80,77282.73,,
2026-09-03T05:51:34+08:00,btc-updown-5m-1788385800,https://polymarket.com/zh/event/btc-updown-5m-1788385800,05:50-05:55,72.00,29.00,71.00,28.00,179.71,179.20,229.20,239.71,71.50,28.50,1.00,1.00,13548.13,13590.03,13600.03,13553.13,71,28,28,71,77252.80,77284.73,,
2026-09-03T05:51:36+08:00,btc-updown-5m-1788385800,https://polymarket.com/zh/event/btc-updown-5m-1788385800,05:50-05:55,72.00,29.00,71.00,28.00,142.61,75.00,306.67,197.61,71.50,28.50,1.00,1.00,14053.13,13599.03,13599.03,14053.13,71,28,28,71,77252.80,77282.72,,
2026-09-03T05:51:38+08:00,btc-updown-5m-1788385800,https://polymarket.com/zh/event/btc-updown-5m-1788385800,05:50-05:55,73.00,28.00,72.00,27.00,107.60,178.34,198.34,107.60,72.50,27.50,1.00,1.00,13533.13,13599.03,13604.03,13533.13,72,27,27,72,77252.80,77282.72,,
2026-09-03T05:51:41+08:00,btc-updown-5m-1788385800,https://polymarket.com/zh/event/btc-updown-5m-1788385800,05:50-05:55,75.00,26.00,74.00,25.00,131.40,172.73,172.73,131.40,74.50,25.50,1.00,1.00,13573.14,13662.03,13667.03,14068.13,74,25,25,74,77252.80,77282.73,,
2026-09-03T05:51:43+08:00,btc-updown-5m-1788385800,https://polymarket.com/zh/event/btc-updown-5m-1788385800,05:50-05:55,75.00,26.00,74.00,25.00,74.50,124.00,124.00,73.16,74.50,25.50,1.00,1.00,14073.13,13673.03,13663.03,14073.13,74,25,25,74,77252.80,77282.73,,
2026-09-03T05:51:45+08:00,btc-updown-5m-1788385800,https://polymarket.com/zh/event/btc-updown-5m-1788385800,05:50-05:55,75.00,25.00,74.00,24.00,27.08,38.33,135.15,510.67,74.50,24.50,1.00,1.00,13563.13,13638.03,13648.03,14023.13,74,25,24,75,77252.80,77282.73,,
2026-09-03T05:51:48+08:00,btc-updown-5m-1788385800,https://polymarket.com/zh/event/btc-updown-5m-1788385800,05:50-05:55,75.00,26.00,74.00,25.00,292.67,122.80,10.00,250.33,74.50,25.50,1.00,1.00,13528.13,13662.03,13657.03,14033.13,74,25,25,74,77252.80,77282.73,,
2026-09-03T05:51:50+08:00,btc-updown-5m-1788385800,https://polymarket.com/zh/event/btc-updown-5m-1788385800,05:50-05:55,75.00,26.00,74.00,25.00,239.12,69.76,69.76,244.12,74.50,25.50,1.00,1.00,14028.13,13647.03,13622.03,14033.13,74,25,25,74,77252.80,77282.59,,
2026-09-03T05:51:52+08:00,btc-updown-5m-1788385800,https://polymarket.com/zh/event/btc-updown-5m-1788385800,05:50-05:55,74.00,27.00,73.00,26.00,99.98,112.65,107.65,99.98,73.50,26.50,1.00,1.00,13543.13,13637.03,13637.03,13538.13,73,26,26,73,77252.80,77282.59,,
2026-09-03T05:51:54+08:00,btc-updown-5m-1788385800,https://polymarket.com/zh/event/btc-updown-5m-1788385800,05:50-05:55,73.00,28.00,72.00,27.00,70.00,229.60,244.60,70.00,72.50,27.50,1.00,1.00,13528.13,13633.03,13628.03,14033.13,72,27,27,72,77252.80,77282.58,,
2026-09-03T05:51:57+08:00,btc-updown-5m-1788385800,https://polymarket.com/zh/event/btc-updown-5m-1788385800,05:50-05:55,73.00,28.00,72.00,27.00,110.00,254.60,254.60,110.00,72.50,27.50,1.00,1.00,13991.83,13638.03,13643.03,13936.82,72,27,27,72,77252.80,77282.58,,
2026-09-03T05:51:59+08:00,btc-updown-5m-1788385800,https://polymarket.com/zh/event/btc-updown-5m-1788385800,05:50-05:55,73.00,28.00,72.00,27.00,110.00,254.60,254.60,110.00,72.50,27.50,1.00,1.00,13936.82,13627.03,13637.03,13441.82,72,27,27,72,77252.80,77282.59,,
2026-09-03T05:52:01+08:00,btc-updown-5m-1788385800,https://polymarket.com/zh/event/btc-updown-5m-1788385800,05:50-05:55,73.00,28.00,72.00,27.00,84.93,287.00,317.81,84.93,72.50,27.50,1.00,1.00,13377.82,13519.03,13514.03,13892.82,72,27,27,72,77252.80,77282.59,,
2026-09-03T05:52:03+08:00,btc-updown-5m-1788385800,https://polymarket.com/zh/event/btc-updown-5m-1788385800,05:50-05:55,74.00,27.00,73.00,26.00,65.00,439.00,439.00,65.00,73.50,26.50,1.00,1.00,13362.83,13494.03,13499.03,13857.83,73,26,26,73,77252.80,77282.58,,
2026-09-03T05:52:06+08:00,btc-updown-5m-1788385800,https://polymarket.com/zh/event/btc-updown-5m-1788385800,05:50-05:55,75.00,26.00,74.00,25.00,189.78,169.76,194.76,189.78,74.50,25.50,1.00,1.00,13852.82,13515.03,13510.03,13867.83,74,25,25,74,77252.80,77282.58,,
2026-09-03T05:52:08+08:00,btc-updown-5m-1788385800,https://polymarket.com/zh/event/btc-updown-5m-1788385800,05:50-05:55,75.00,26.00,74.00,25.00,168.38,268.17,19.00,129.09,74.50,25.50,1.00,1.00,13852.82,13534.03,13514.03,13857.82,74,25,25,74,77252.80,77282.56,,
2026-09-03T05:52:10+08:00,btc-updown-5m-1788385800,https://polymarket.com/zh/event/btc-updown-5m-1788385800,05:50-05:55,77.00,24.00,76.00,23.00,309.32,58.75,10.00,337.18,76.50,23.50,1.00,1.00,13857.82,13509.03,13504.03,13892.82,76,23,23,76,77252.80,77281.55,,
2026-09-03T05:52:12+08:00,btc-updown-5m-1788385800,https://polymarket.com/zh/event/btc-updown-5m-1788385800,05:50-05:55,77.00,24.00,76.00,23.00,317.90,117.03,117.03,284.44,76.50,23.50,1.00,1.00,14392.82,13504.03,13454.03,13882.82,76,23,23,76,77252.80,77281.55,,
2026-09-03T05:52:15+08:00,btc-updown-5m-1788385800,https://polymarket.com/zh/event/btc-updown-5m-1788385800,05:50-05:55,77.00,24.00,76.00,23.00,205.34,120.00,119.78,254.34,76.50,23.50,1.00,1.00,14382.82,13533.03,13543.03,13902.82,76,23,23,76,77252.80,77281.55,,
2026-09-03T05:52:17+08:00,btc-updown-5m-1788385800,https://polymarket.com/zh/event/btc-updown-5m-1788385800,05:50-05:55,90.00,11.00,89.00,10.00,62.74,399.99,364.99,52.50,89.50,10.50,1.00,1.00,13842.82,17048.83,17172.26,13837.82,89,10,10,89,77252.80,77297.05,,
2026-09-03T05:52:19+08:00,btc-updown-5m-1788385800,https://polymarket.com/zh/event/btc-updown-5m-1788385800,05:50-05:55,90.00,11.00,89.00,10.00,48.81,391.19,386.19,50.51,89.50,10.50,1.00,1.00,14301.82,16875.92,16880.92,13796.82,89,10,10,89,77252.80,77299.22,,
2026-09-03T05:52:22+08:00,btc-updown-5m-1788385800,https://polymarket.com/zh/event/btc-updown-5m-1788385800,05:50-05:55,90.00,11.00,89.00,10.00,45.50,328.09,322.56,45.50,89.50,10.50,1.00,1.00,13801.82,16246.42,16271.42,13301.82,89,10,10,89,77252.80,77300.00,,
2026-09-03T05:52:24+08:00,btc-updown-5m-1788385800,https://polymarket.com/zh/event/btc-updown-5m-1788385800,05:50-05:55,90.00,11.00,89.00,10.00,158.28,213.69,133.69,158.28,89.50,10.50,1.00,1.00,14281.82,16310.16,16306.56,13786.82,89,10,10,89,77252.80,77305.02,,
2026-09-03T05:52:26+08:00,btc-updown-5m-1788385800,https://polymarket.com/zh/event/btc-updown-5m-1788385800,05:50-05:55,90.00,11.00,89.00,10.00,197.00,262.06,252.06,176.56,89.50,10.50,1.00,1.00,13302.58,16331.56,15835.55,13292.58,89,10,10,89,77252.80,77305.70,,
2026-09-03T05:52:29+08:00,btc-updown-5m-1788385800,https://polymarket.com/zh/event/btc-updown-5m-1788385800,05:50-05:55,93.00,8.00,92.00,7.00,91.69,393.36,382.36,91.69,92.50,7.50,1.00,1.00,13322.58,16475.51,16480.51,13317.58,92,7,7,92,77252.80,77306.45,,
2026-09-03T05:52:31+08:00,btc-updown-5m-1788385800,https://polymarket.com/zh/event/btc-updown-5m-1788385800,05:50-05:55,86.00,15.00,85.00,14.00,124.00,456.57,260.00,74.83,85.50,14.50,1.00,1.00,13877.59,15623.10,15628.10,13392.59,85,14,14,85,77252.80,77299.41,,
2026-09-03T05:52:33+08:00,btc-updown-5m-1788385800,https://polymarket.com/zh/event/btc-updown-5m-1788385800,05:50-05:55,86.00,15.00,85.00,14.00,25.88,619.72,619.72,25.88,85.50,14.50,1.00,1.00,14372.58,15712.10,15712.10,13872.59,85,14,14,85,77252.80,77299.42,,
2026-09-03T05:52:35+08:00,btc-updown-5m-1788385800,https://polymarket.com/zh/event/btc-updown-5m-1788385800,05:50-05:55,87.00,14.00,86.00,13.00,7.63,1213.48,1203.48,7.63,86.50,13.50,1.00,1.00,14377.58,15744.71,15739.71,13887.58,86,13,13,86,77252.80,77299.41,,
2026-09-03T05:52:37+08:00,btc-updown-5m-1788385800,https://polymarket.com/zh/event/btc-updown-5m-1788385800,05:50-05:55,88.00,13.00,87.00,12.00,203.04,529.03,529.03,141.04,87.50,12.50,1.00,1.00,13872.58,15726.71,15736.96,13872.58,87,12,12,87,77252.80,77299.41,,
2026-09-03T05:52:40+08:00,btc-updown-5m-1788385800,https://polymarket.com/zh/event/btc-updown-5m-1788385800,05:50-05:55,88.00,14.00,86.00,13.00,70.00,348.21,9.32,15.00,87.00,13.50,2.00,1.00,13367.58,15751.96,15727.22,13367.58,86,12,13,86,77252.80,77299.41,,
2026-09-03T05:52:42+08:00,btc-updown-5m-1788385800,https://polymarket.com/zh/event/btc-updown-5m-1788385800,05:50-05:55,88.00,13.00,87.00,12.00,77.09,436.46,492.68,74.00,87.50,12.50,1.00,1.00,13872.58,15779.79,15764.79,13887.58,87,12,12,87,77252.80,77299.41,,
2026-09-03T05:52:44+08:00,btc-updown-5m-1788385800,https://polymarket.com/zh/event/btc-updown-5m-1788385800,05:50-05:55,88.00,13.00,87.00,12.00,179.98,635.19,635.19,115.00,87.50,12.50,1.00,1.00,13372.58,15761.87,15751.87,13372.58,87,12,12,87,77252.80,77299.41,,
2026-09-03T05:52:46+08:00,btc-updown-5m-1788385800,https://polymarket.com/zh/event/btc-updown-5m-1788385800,05:50-05:55,89.00,12.00,88.00,11.00,24.00,757.76,757.76,24.00,88.50,11.50,1.00,1.00,13877.58,15783.96,15793.18,13877.58,88,11,11,88,77252.80,77299.41,,
2026-09-03T05:52:48+08:00,btc-updown-5m-1788385800,https://polymarket.com/zh/event/btc-updown-5m-1788385800,05:50-05:55,90.00,11.00,89.00,10.00,185.29,325.00,325.00,196.47,89.50,10.50,1.00,1.00,13367.58,15801.04,15826.04,13367.58,89,10,10,89,77252.80,77299.42,,
2026-09-03T05:52:51+08:00,btc-updown-5m-1788385800,https://polymarket.com/zh/event/btc-updown-5m-1788385800,05:50-05:55,90.00,11.00,89.00,10.00,172.75,112.05,112.05,172.75,89.50,10.50,1.00,1.00,13372.58,15863.03,15897.25,13372.58,89,10,10,89,77252.80,77299.42,,
2026-09-03T05:52:53+08:00,btc-updown-5m-1788385800,https://polymarket.com/zh/event/btc-updown-5m-1788385800,05:50-05:55,90.00,11.00,89.00,10.00,36.08,195.72,195.72,36.08,89.50,10.50,1.00,1.00,13362.58,15902.25,15872.25,13867.58,89,10,10,89,77252.80,77299.41,,
2026-09-03T05:52:55+08:00,btc-updown-5m-1788385800,https://polymarket.com/zh/event/btc-updown-5m-1788385800,05:50-05:55,90.00,11.00,89.00,10.00,187.22,82.27,41.91,126.66,89.50,10.50,1.00,1.00,13342.58,15884.85,15882.04,13347.58,89,10,10,89,77252.80,77299.41,,
2026-09-03T05:52:57+08:00,btc-updown-5m-1788385800,https://polymarket.com/zh/event/btc-updown-5m-1788385800,05:50-05:55,88.00,13.00,87.00,12.00,152.18,203.00,108.00,113.85,87.50,12.50,1.00,1.00,13887.58,16520.61,16525.61,13377.58,87,12,12,87,77252.80,77299.42,,
2026-09-03T05:53:00+08:00,btc-updown-5m-1788385800,https://polymarket.com/zh/event/btc-updown-5m-1788385800,05:50-05:55,88.00,13.00,87.00,12.00,103.38,1109.94,1067.94,103.38,87.50,12.50,1.00,1.00,13872.58,16540.82,16288.82,13377.58,87,12,12,87,77252.80,77299.41,,
2026-09-03T05:53:02+08:00,btc-updown-5m-1788385800,https://polymarket.com/zh/event/btc-updown-5m-1788385800,05:50-05:55,84.00,19.00,83.00,18.00,93.33,95.29,20.00,33.33,83.50,18.50,1.00,1.00,13745.05,15068.71,15097.71,13750.05,82,16,18,81,77252.80,77288.30,,
2026-09-03T05:53:04+08:00,btc-updown-5m-1788385800,https://polymarket.com/zh/event/btc-updown-5m-1788385800,05:50-05:55,55.00,46.00,54.00,45.00,81.00,190.00,180.00,12.10,54.50,45.50,1.00,1.00,14344.00,14949.39,14949.39,14364.00,54,45,45,54,77252.80,77274.37,,
2026-09-03T05:53:07+08:00,btc-updown-5m-1788385800,https://polymarket.com/zh/event/btc-updown-5m-1788385800,05:50-05:55,57.00,44.00,56.00,41.00,227.00,85.00,25.00,276.60,56.50,42.50,1.00,3.00,13334.01,12819.40,12829.40,13844.00,56,43,41,56,77252.80,77266.81,,
2026-09-03T05:53:09+08:00,btc-updown-5m-1788385800,https://polymarket.com/zh/event/btc-updown-5m-1788385800,05:50-05:55,62.00,39.00,61.00,38.00,307.59,2.00,10.00,257.59,61.50,38.50,1.00,1.00,13839.00,12819.40,12824.40,14349.01,61,38,38,61,77252.80,77266.81,,
2026-09-03T05:53:11+08:00,btc-updown-5m-1788385800,https://polymarket.com/zh/event/btc-updown-5m-1788385800,05:50-05:55,59.00,42.00,58.00,41.00,39.30,287.73,207.73,59.70,58.50,41.50,1.00,1.00,13334.01,12804.40,12809.40,13344.01,58,41,41,58,77252.80,77266.81,,
2026-09-03T05:53:13+08:00,btc-updown-5m-1788385800,https://polymarket.com/zh/event/btc-updown-5m-1788385800,05:50-05:55,80.00,21.00,75.00,15.00,93.75,11.25,69.63,45.67,77.50,18.00,5.00,6.00,13320.66,12826.06,13497.39,14245.66,75,20,15,78,77252.80,77262.84,,
2026-09-03T05:53:16+08:00,btc-updown-5m-1788385800,https://polymarket.com/zh/event/btc-updown-5m-1788385800,05:50-05:55,86.00,15.00,85.00,14.00,476.28,5.00,68.00,532.08,85.50,14.50,1.00,1.00,13745.67,14996.05,14996.05,13245.67,84,14,14,85,77252.80,77276.94,,
2026-09-03T05:53:18+08:00,btc-updown-5m-1788385800,https://polymarket.com/zh/event/btc-updown-5m-1788385800,05:50-05:55,86.00,15.00,85.00,14.00,168.51,90.00,200.00,177.32,85.50,14.50,1.00,1.00,13240.66,14406.72,15117.05,13750.66,85,14,14,85,77252.80,77276.94,,
2026-09-03T05:53:20+08:00,btc-updown-5m-1788385800,https://polymarket.com/zh/event/btc-updown-5m-1788385800,05:50-05:55,91.00,10.00,90.00,9.00,223.22,14.80,14.80,223.22,90.50,9.50,1.00,1.00,13763.39,14975.63,14975.63,14253.39,90,9,9,90,77252.80,77282.38,,
2026-09-03T05:53:23+08:00,btc-updown-5m-1788385800,https://polymarket.com/zh/event/btc-updown-5m-1788385800,05:50-05:55,91.00,10.00,90.00,9.00,134.83,306.60,295.00,27.83,90.50,9.50,1.00,1.00,14220.05,15060.47,15065.47,13725.06,90,9,9,90,77252.80,77287.08,,
2026-09-03T05:53:25+08:00,btc-updown-5m-1788385800,https://polymarket.com/zh/event/btc-updown-5m-1788385800,05:50-05:55,92.00,9.00,91.00,8.00,804.20,411.19,406.19,749.20,91.50,8.50,1.00,1.00,13720.05,15151.70,15151.70,13220.05,91,8,8,91,77252.80,77287.07,,
2026-09-03T05:53:27+08:00,btc-updown-5m-1788385800,https://polymarket.com/zh/event/btc-updown-5m-1788385800,05:50-05:55,92.00,11.00,89.00,10.00,33.33,59.19,29.00,74.22,90.50,10.50,3.00,1.00,13725.06,15993.72,16053.12,14225.05,89,8,10,89,77252.80,77291.21,,
2026-09-03T05:53:30+08:00,btc-updown-5m-1788385800,https://polymarket.com/zh/event/btc-updown-5m-1788385800,05:50-05:55,93.00,8.00,92.00,7.00,36.00,272.33,316.33,36.00,92.50,7.50,1.00,1.00,13225.05,15685.53,15670.53,13525.05,92,7,7,92,77252.80,77291.21,,
2026-09-03T05:53:32+08:00,btc-updown-5m-1788385800,https://polymarket.com/zh/event/btc-updown-5m-1788385800,05:50-05:55,98.00,18.00,96.00,9.00,363.07,25.50,152.75,12.00,97.00,13.50,2.00,9.00,13360.97,4218.44,6086.07,13404.32,95,2,6,82,77252.80,77310.00,,
2026-09-03T05:53:34+08:00,btc-updown-5m-1788385800,https://polymarket.com/zh/event/btc-updown-5m-1788385800,05:50-05:55,97.00,4.00,96.00,3.00,100.00,266.67,206.67,398.76,96.50,3.50,1.00,1.00,12855.97,3778.92,4067.49,13360.97,96,3,3,96,77252.80,77308.24,,
2026-09-03T05:53:36+08:00,btc-updown-5m-1788385800,https://polymarket.com/zh/event/btc-updown-5m-1788385800,05:50-05:55,98.00,3.00,97.00,2.00,369.90,477.62,446.13,368.05,97.50,2.50,1.00,1.00,12871.97,3616.27,3614.42,12866.97,97,2,2,97,77252.80,77308.24,,
2026-09-03T05:53:39+08:00,btc-updown-5m-1788385800,https://polymarket.com/zh/event/btc-updown-5m-1788385800,05:50-05:55,98.00,3.00,97.00,2.00,241.93,85.00,85.00,241.93,97.50,2.50,1.00,1.00,13381.97,3795.90,3795.90,13381.97,97,2,2,97,77252.80,77308.23,,
2026-09-03T05:53:41+08:00,btc-updown-5m-1788385800,https://polymarket.com/zh/event/btc-updown-5m-1788385800,05:50-05:55,99.00,2.00,98.00,1.00,3419.01,45.17,45.17,3139.38,98.50,1.50,1.00,1.00,13351.97,3419.01,3139.38,12851.97,98,1,1,98,77252.80,77308.23,,
2026-09-03T05:53:43+08:00,btc-updown-5m-1788385800,https://polymarket.com/zh/event/btc-updown-5m-1788385800,05:50-05:55,98.00,3.00,97.00,2.00,60.00,543.82,543.82,60.00,97.50,2.50,1.00,1.00,13371.97,3092.60,3107.60,12866.97,97,2,2,97,77252.80,77308.23,,
2026-09-03T05:53:45+08:00,btc-updown-5m-1788385800,https://polymarket.com/zh/event/btc-updown-5m-1788385800,05:50-05:55,99.00,2.00,98.00,1.00,2649.53,365.69,415.69,2613.59,98.50,1.50,1.00,1.00,12886.98,2649.53,2613.59,12886.97,98,1,1,98,77252.80,77308.23,,
2026-09-03T05:53:48+08:00,btc-updown-5m-1788385800,https://polymarket.com/zh/event/btc-updown-5m-1788385800,05:50-05:55,98.00,3.00,97.00,2.00,132.85,782.87,412.51,120.75,97.50,2.50,1.00,1.00,12871.97,2712.97,2700.87,13866.97,97,2,2,97,77252.80,77308.24,,
2026-09-03T05:53:50+08:00,btc-updown-5m-1788385800,https://polymarket.com/zh/event/btc-updown-5m-1788385800,05:50-05:55,99.00,2.00,98.00,1.00,1263.14,55.00,215.00,1472.38,98.50,1.50,1.00,1.00,12871.97,1263.14,1472.38,12866.97,98,1,1,98,77252.80,77308.24,,
2026-09-03T05:53:52+08:00,btc-updown-5m-1788385800,https://polymarket.com/zh/event/btc-updown-5m-1788385800,05:50-05:55,99.00,2.00,98.00,1.00,441.55,542.30,479.30,473.90,98.50,1.50,1.00,1.00,12861.97,441.55,473.90,12866.97,98,1,1,98,77252.80,77305.52,,
2026-09-03T05:53:54+08:00,btc-updown-5m-1788385800,https://polymarket.com/zh/event/btc-updown-5m-1788385800,05:50-05:55,,1.00,99.00,,,3037.22,3037.66,,,,,,13571.98,,,13566.98,99,0,0,99,77252.80,77302.98,,
2026-09-03T05:53:57+08:00,btc-updown-5m-1788385800,https://polymarket.com/zh/event/btc-updown-5m-1788385800,05:50-05:55,,1.00,99.00,,,5290.21,5290.21,,,,,,6105.23,,,5610.23,99,0,0,99,77252.80,77302.98,,
2026-09-03T05:53:59+08:00,btc-updown-5m-1788385800,https://polymarket.com/zh/event/btc-updown-5m-1788385800,05:50-05:55,,1.00,99.00,,,5282.11,5282.11,,,,,,6048.15,,,6053.15,99,0,0,99,77252.80,77302.98,,
2026-09-03T05:54:01+08:00,btc-updown-5m-1788385800,https://polymarket.com/zh/event/btc-updown-5m-1788385800,05:50-05:55,,1.00,99.00,,,8739.18,8739.18,,,,,,5983.15,,,5478.15,99,0,0,99,77252.80,77304.52,,
2026-09-03T05:54:03+08:00,btc-updown-5m-1788385800,https://polymarket.com/zh/event/btc-updown-5m-1788385800,05:50-05:55,,1.00,99.00,,,8888.53,8886.30,,,,,,5478.15,,,5483.15,99,0,0,99,77252.80,77302.97,,
2026-09-03T05:54:06+08:00,btc-updown-5m-1788385800,https://polymarket.com/zh/event/btc-updown-5m-1788385800,05:50-05:55,,1.00,99.00,,,9939.84,9939.84,,,,,,5493.15,,,5488.15,99,0,0,99,77252.80,77302.98,,
2026-09-03T05:54:08+08:00,btc-updown-5m-1788385800,https://polymarket.com/zh/event/btc-updown-5m-1788385800,05:50-05:55,,1.00,99.00,,,5062.57,10354.84,,,,,,6488.15,,,6993.15,99,0,0,99,77252.80,77302.97,,
2026-09-03T05:54:10+08:00,btc-updown-5m-1788385800,https://polymarket.com/zh/event/btc-updown-5m-1788385800,05:50-05:55,,1.00,99.00,,,3803.57,3773.57,,,,,,6488.15,,,6488.15,99,0,0,99,77252.80,77287.08,,
2026-09-03T05:54:12+08:00,btc-updown-5m-1788385800,https://polymarket.com/zh/event/btc-updown-5m-1788385800,05:50-05:55,,1.00,99.00,,,3262.57,3262.57,,,,,,6492.05,,,6497.05,99,0,0,99,77252.80,77285.33,,
2026-09-03T05:54:14+08:00,btc-updown-5m-1788385800,https://polymarket.com/zh/event/btc-updown-5m-1788385800,05:50-05:55,,1.00,99.00,,,3764.57,3764.57,,,,,,6502.05,,,6502.05,99,0,0,99,77252.80,77285.27,,
2026-09-03T05:54:17+08:00,btc-updown-5m-1788385800,https://polymarket.com/zh/event/btc-updown-5m-1788385800,05:50-05:55,,1.00,99.00,,,3909.95,3914.95,,,,,,6903.05,,,7398.05,99,0,0,99,77252.80,77276.19,,
2026-09-03T05:54:19+08:00,btc-updown-5m-1788385800,https://polymarket.com/zh/event/btc-updown-5m-1788385800,05:50-05:55,,1.00,99.00,,,3858.95,3858.95,,,,,,6401.72,,,6406.72,99,0,0,99,77252.80,77276.19,,
2026-09-03T05:54:21+08:00,btc-updown-5m-1788385800,https://polymarket.com/zh/event/btc-updown-5m-1788385800,05:50-05:55,,1.00,99.00,,,9460.21,9460.21,,,,,,6396.72,,,7401.72,99,0,0,99,77252.80,77276.18,,
2026-09-03T05:54:24+08:00,btc-updown-5m-1788385800,https://polymarket.com/zh/event/btc-updown-5m-1788385800,05:50-05:55,,1.00,99.00,,,9721.43,9660.43,,,,,,6396.73,,,6406.73,99,0,0,99,77252.80,77276.19,,
2026-09-03T05:54:26+08:00,btc-updown-5m-1788385800,https://polymarket.com/zh/event/btc-updown-5m-1788385800,05:50-05:55,,1.00,99.00,,,15079.44,15074.43,,,,,,6381.72,,,6881.73,99,0,0,99,77252.80,77276.19,,
2026-09-03T05:54:28+08:00,btc-updown-5m-1788385800,https://polymarket.com/zh/event/btc-updown-5m-1788385800,05:50-05:55,,1.00,99.00,,,13641.43,13641.43,,,,,,6891.72,,,6396.72,99,0,0,99,77252.80,77276.19,,
2026-09-03T05:54:30+08:00,btc-updown-5m-1788385800,https://polymarket.com/zh/event/btc-updown-5m-1788385800,05:50-05:55,,1.00,99.00,,,14294.84,14204.32,,,,,,6368.99,,,6368.99,99,0,0,99,77252.80,77276.19,,
2026-09-03T05:54:33+08:00,btc-updown-5m-1788385800,https://polymarket.com/zh/event/btc-updown-5m-1788385800,05:50-05:55,,1.00,99.00,,,14455.61,14455.61,,,,,,5983.99,,,6488.99,99,0,0,99,77252.80,77276.19,,
2026-09-03T05:54:35+08:00,btc-updown-5m-1788385800,https://polymarket.com/zh/event/btc-updown-5m-1788385800,05:50-05:55,,1.00,99.00,,,14696.64,14641.64,,,,,,6978.99,,,5983.99,99,0,0,99,77252.80,77276.19,,
2026-09-03T05:54:37+08:00,btc-updown-5m-1788385800,https://polymarket.com/zh/event/btc-updown-5m-1788385800,05:50-05:55,,1.00,99.00,,,24841.74,14832.82,,,,,,6483.99,,,5993.99,99,0,0,99,77252.80,77276.18,,
2026-09-03T05:54:39+08:00,btc-updown-5m-1788385800,https://polymarket.com/zh/event/btc-updown-5m-1788385800,05:50-05:55,,1.00,99.00,,,25096.14,24996.14,,,,,,6478.99,,,6483.99,99,0,0,99,77252.80,77276.18,,
2026-09-03T05:54:42+08:00,btc-updown-5m-1788385800,https://polymarket.com/zh/event/btc-updown-5m-1788385800,05:50-05:55,,1.00,99.00,,,28211.32,28211.32,,,,,,6417.98,,,6417.98,99,0,0,99,77252.80,77301.71,,
2026-09-03T05:54:44+08:00,btc-updown-5m-1788385800,https://polymarket.com/zh/event/btc-updown-5m-1788385800,05:50-05:55,,1.00,99.00,,,34371.24,34361.14,,,,,,5922.98,,,6417.98,99,0,0,99,77252.80,77304.48,,
2026-09-03T05:54:46+08:00,btc-updown-5m-1788385800,https://polymarket.com/zh/event/btc-updown-5m-1788385800,05:50-05:55,,1.00,99.00,,,34566.29,34566.29,,,,,,6422.98,,,6432.98,99,0,0,99,77252.80,77304.48,,
2026-09-03T05:54:48+08:00,btc-updown-5m-1788385800,https://polymarket.com/zh/event/btc-updown-5m-1788385800,05:50-05:55,,1.00,99.00,,,34697.29,34692.29,,,,,,5917.98,,,5917.98,99,0,0,99,77252.80,77304.48,,
2026-09-03T05:54:51+08:00,btc-updown-5m-1788385800,https://polymarket.com/zh/event/btc-updown-5m-1788385800,05:50-05:55,,1.00,99.00,,,34993.40,34993.40,,,,,,5917.99,,,5927.99,99,0,0,99,77252.80,77304.48,,
2026-09-03T05:54:53+08:00,btc-updown-5m-1788385800,https://polymarket.com/zh/event/btc-updown-5m-1788385800,05:50-05:55,,1.00,99.00,,,41796.96,35695.96,,,,,,5902.98,,,6907.98,99,0,0,99,77252.80,77304.49,,
2026-09-03T05:54:55+08:00,btc-updown-5m-1788385800,https://polymarket.com/zh/event/btc-updown-5m-1788385800,05:50-05:55,,1.00,99.00,,,47083.96,47083.96,,,,,,5907.98,,,5922.98,99,0,0,99,77252.80,77304.49,,
2026-09-03T05:54:58+08:00,btc-updown-5m-1788385800,https://polymarket.com/zh/event/btc-updown-5m-1788385800,05:50-05:55,,1.00,99.00,,,57274.96,46919.96,,,,,,7012.98,,,6497.98,99,0,0,99,77252.80,77304.49,,
2026-09-03T05:55:00+08:00,btc-updown-5m-1788386100,https://polymarket.com/zh/event/btc-updown-5m-1788386100,05:55-06:00,58.00,43.00,57.00,42.00,236.99,79.26,79.26,236.99,57.50,42.50,1.00,1.00,139534.51,138828.04,138833.04,139754.51,57,41,41,57,77304.49,77304.48,,
2026-09-03T05:55:03+08:00,btc-updown-5m-1788386100,https://polymarket.com/zh/event/btc-updown-5m-1788386100,05:55-06:00,58.00,43.00,57.00,42.00,80.87,998.85,993.85,75.87,57.50,42.50,1.00,1.00,25978.94,24682.46,24672.46,26058.94,57,42,42,57,77304.49,77304.48,,
2026-09-03T05:55:05+08:00,btc-updown-5m-1788386100,https://polymarket.com/zh/event/btc-updown-5m-1788386100,05:55-06:00,58.00,43.00,57.00,42.00,58.97,1032.69,1006.98,58.97,57.50,42.50,1.00,1.00,26495.93,25239.46,25249.46,27020.94,57,42,42,57,77304.49,77304.48,,
2026-09-03T05:55:07+08:00,btc-updown-5m-1788386100,https://polymarket.com/zh/event/btc-updown-5m-1788386100,05:55-06:00,59.00,38.00,58.00,35.00,70.72,21.00,201.66,16.84,58.50,36.50,1.00,3.00,26535.94,25269.46,25264.46,26530.94,58,41,35,62,77304.49,77304.49,,
2026-09-03T05:55:09+08:00,btc-updown-5m-1788386100,https://polymarket.com/zh/event/btc-updown-5m-1788386100,05:55-06:00,69.00,32.00,68.00,31.00,41.55,608.96,663.53,41.55,68.50,31.50,1.00,1.00,24734.91,23318.46,23328.46,24734.91,68,31,31,68,77304.49,77317.50,,
2026-09-03T05:55:12+08:00,btc-updown-5m-1788386100,https://polymarket.com/zh/event/btc-updown-5m-1788386100,05:55-06:00,71.00,29.00,70.00,28.00,125.00,63.33,528.21,135.26,70.50,28.50,1.00,1.00,24790.35,23383.46,23378.46,24790.35,70,29,28,71,77304.49,77321.45,,
2026-09-03T05:55:14+08:00,btc-updown-5m-1788386100,https://polymarket.com/zh/event/btc-updown-5m-1788386100,05:55-06:00,71.00,30.00,70.00,29.00,138.00,91.49,91.49,133.00,70.50,29.50,1.00,1.00,24301.96,23408.46,23408.46,24296.96,70,29,29,70,77304.49,77321.46,,
2026-09-03T05:55:16+08:00,btc-updown-5m-1788386100,https://polymarket.com/zh/event/btc-updown-5m-1788386100,05:55-06:00,64.00,37.00,63.00,36.00,135.25,136.91,98.28,135.25,63.50,36.50,1.00,1.00,25207.55,23825.60,23810.60,24697.55,63,36,36,63,77304.49,77317.99,,
2026-09-03T05:55:19+08:00,btc-updown-5m-1788386100,https://polymarket.com/zh/event/btc-updown-5m-1788386100,05:55-06:00,64.00,37.00,63.00,36.00,15.00,614.27,619.70,0.93,63.50,36.50,1.00,1.00,24516.55,23090.60,23100.60,24031.55,63,36,36,63,77304.49,77318.00,,
2026-09-03T05:55:21+08:00,btc-updown-5m-1788386100,https://polymarket.com/zh/event/btc-updown-5m-1788386100,05:55-06:00,66.00,35.00,65.00,34.00,33.48,249.80,257.06,30.00,65.50,34.50,1.00,1.00,23096.55,21675.60,21650.60,22601.56,65,34,34,65,77304.49,77318.00,,
2026-09-03T05:55:23+08:00,btc-updown-5m-1788386100,https://polymarket.com/zh/event/btc-updown-5m-1788386100,05:55-06:00,66.00,35.00,65.00,34.00,6.33,569.32,541.32,6.33,65.50,34.50,1.00,1.00,23111.55,21685.60,21685.60,23626.56,65,34,34,65,77304.49,77314.58,,
2026-09-03T05:55:25+08:00,btc-updown-5m-1788386100,https://polymarket.com/zh/event/btc-updown-5m-1788386100,05:55-06:00,67.00,34.00,66.00,33.00,472.30,87.00,87.00,522.30,66.50,33.50,1.00,1.00,22876.55,21350.60,21120.60,22141.55,66,33,33,66,77304.49,77314.58,,
2026-09-03T05:55:28+08:00,btc-updown-5m-1788386100,https://polymarket.com/zh/event/btc-updown-5m-1788386100,05:55-06:00,67.00,34.00,66.00,33.00,459.20,132.00,92.00,459.20,66.50,33.50,1.00,1.00,21906.55,20865.60,20855.60,21891.55,66,33,33,66,77304.49,77314.58,,
2026-09-03T05:55:30+08:00,btc-updown-5m-1788386100,https://polymarket.com/zh/event/btc-updown-5m-1788386100,05:55-06:00,67.00,34.00,66.00,33.00,367.61,71.94,86.94,367.61,66.50,33.50,1.00,1.00,22156.56,20615.60,20645.60,21381.56,66,33,33,66,77304.49,77311.24,,
2026-09-03T05:55:32+08:00,btc-updown-5m-1788386100,https://polymarket.com/zh/event/btc-updown-5m-1788386100,05:55-06:00,67.00,34.00,66.00,33.00,445.19,234.27,224.27,445.19,66.50,33.50,1.00,1.00,20876.55,19865.60,19905.60,20881.55,66,33,33,66,77304.49,77313.03,,
2026-09-03T05:55:34+08:00,btc-updown-5m-1788386100,https://polymarket.com/zh/event/btc-updown-5m-1788386100,05:55-06:00,67.00,34.00,66.00,33.00,345.40,481.49,294.27,170.40,66.50,33.50,1.00,1.00,20671.55,19692.60,19682.60,20667.55,66,33,33,66,77304.49,77313.03,,
2026-09-03T05:55:36+08:00,btc-updown-5m-1788386100,https://polymarket.com/zh/event/btc-updown-5m-1788386100,05:55-06:00,68.00,33.00,67.00,32.00,298.99,419.37,419.37,248.99,67.50,32.50,1.00,1.00,21172.55,19688.60,19678.60,21162.55,67,32,32,67,77304.49,77313.02,,
2026-09-03T05:55:39+08:00,btc-updown-5m-1788386100,https://polymarket.com/zh/event/btc-updown-5m-1788386100,05:55-06:00,73.00,28.00,72.00,27.00,430.74,40.00,89.99,430.74,72.50,27.50,1.00,1.00,20667.55,19688.60,19703.60,20667.55,72,27,27,72,77304.49,77313.02,,
2026-09-03T05:55:41+08:00,btc-updown-5m-1788386100,https://polymarket.com/zh/event/btc-updown-5m-1788386100,05:55-06:00,73.00,28.00,72.00,27.00,265.75,64.64,70.00,256.16,72.50,27.50,1.00,1.00,20634.31,19666.26,19666.26,20641.00,72,27,27,72,77304.49,77313.03,,
2026-09-03T05:55:43+08:00,btc-updown-5m-1788386100,https://polymarket.com/zh/event/btc-updown-5m-1788386100,05:55-06:00,72.00,29.00,71.00,28.00,426.32,26.00,16.00,432.13,71.50,28.50,1.00,1.00,21141.00,19671.36,19671.36,21141.00,71,28,28,71,77304.49,77313.03,,
2026-09-03T05:55:45+08:00,btc-updown-5m-1788386100,https://polymarket.com/zh/event/btc-updown-5m-1788386100,05:55-06:00,68.00,33.00,67.00,32.00,242.04,120.00,145.00,237.04,67.50,32.50,1.00,1.00,20635.99,19691.10,19691.10,20640.99,67,32,32,67,77304.49,77313.03,,
2026-09-03T05:55:48+08:00,btc-updown-5m-1788386100,https://polymarket.com/zh/event/btc-updown-5m-1788386100,05:55-06:00,69.00,32.00,68.00,31.00,20.00,408.97,413.97,20.00,68.50,31.50,1.00,1.00,20656.09,19701.10,19671.10,20646.09,68,31,31,68,77304.49,77313.03,,
2026-09-03T05:55:50+08:00,btc-updown-5m-1788386100,https://polymarket.com/zh/event/btc-updown-5m-1788386100,05:55-06:00,80.00,21.00,79.00,20.00,112.79,376.57,424.08,96.54,79.50,20.50,1.00,1.00,20110.09,21196.20,21196.20,20105.09,79,20,20,79,77304.49,77316.06,,
2026-09-03T05:55:52+08:00,btc-updown-5m-1788386100,https://polymarket.com/zh/event/btc-updown-5m-1788386100,05:55-06:00,80.00,21.00,79.00,20.00,80.24,418.91,240.70,7.50,79.50,20.50,1.00,1.00,20101.89,21077.85,21077.85,20101.89,79,20,20,79,77304.49,77329.52,,
2026-09-03T05:55:55+08:00,btc-updown-5m-1788386100,https://polymarket.com/zh/event/btc-updown-5m-1788386100,05:55-06:00,80.00,21.00,79.00,20.00,256.43,100.10,101.66,271.43,79.50,20.50,1.00,1.00,19866.90,20965.85,20965.85,19871.89,79,20,20,79,77304.49,77329.53,,
2026-09-03T05:55:57+08:00,btc-updown-5m-1788386100,https://polymarket.com/zh/event/btc-updown-5m-1788386100,05:55-06:00,79.00,22.00,78.00,21.00,143.88,555.91,555.91,143.88,78.50,21.50,1.00,1.00,20131.90,20714.85,20729.85,20131.90,78,21,21,78,77304.49,77329.53,,
2026-09-03T05:55:59+08:00,btc-updown-5m-1788386100,https://polymarket.com/zh/event/btc-updown-5m-1788386100,05:55-06:00,80.00,21.00,79.00,20.00,41.00,418.08,413.08,41.00,79.50,20.50,1.00,1.00,20121.89,19174.85,19174.85,19621.89,79,20,20,79,77304.49,77329.52,,
2026-09-03T05:56:01+08:00,btc-updown-5m-1788386100,https://polymarket.com/zh/event/btc-updown-5m-1788386100,05:55-06:00,79.00,22.00,78.00,21.00,292.99,258.60,258.60,285.82,78.50,21.50,1.00,1.00,15531.90,14614.85,14614.85,15556.90,78,21,21,78,77304.49,77329.53,,
2026-09-03T05:56:04+08:00,btc-updown-5m-1788386100,https://polymarket.com/zh/event/btc-updown-5m-1788386100,05:55-06:00,73.00,28.00,72.00,27.00,220.44,288.12,288.12,225.44,72.50,27.50,1.00,1.00,14678.89,14304.73,14296.73,15660.89,72,27,27,72,77304.49,77314.55,,
2026-09-03T05:56:06+08:00,btc-updown-5m-1788386100,https://polymarket.com/zh/event/btc-updown-5m-1788386100,05:55-06:00,62.00,39.00,61.00,38.00,188.89,41.00,19.23,198.89,61.50,38.50,1.00,1.00,14462.90,13908.73,13923.73,14952.89,61,38,38,61,77304.49,77313.02,,
2026-09-03T05:56:08+08:00,btc-updown-5m-1788386100,https://polymarket.com/zh/event/btc-updown-5m-1788386100,05:55-06:00,66.00,35.00,65.00,34.00,147.00,336.26,350.30,147.00,65.50,34.50,1.00,1.00,14222.89,13625.23,13630.23,14737.89,65,34,34,65,77304.49,77313.02,,
2026-09-03T05:56:10+08:00,btc-updown-5m-1788386100,https://polymarket.com/zh/event/btc-updown-5m-1788386100,05:55-06:00,66.00,36.00,65.00,35.00,117.00,22.00,215.26,202.06,65.50,35.50,1.00,1.00,14727.89,13629.23,13614.23,14737.89,65,34,35,64,77304.49,77313.02,,
2026-09-03T05:56:13+08:00,btc-updown-5m-1788386100,https://polymarket.com/zh/event/btc-updown-5m-1788386100,05:55-06:00,57.00,44.00,56.00,43.00,66.25,439.70,469.70,66.25,56.50,43.50,1.00,1.00,14761.23,13485.57,13495.57,14266.23,56,43,43,56,77304.49,77298.09,,
2026-09-03T05:56:15+08:00,btc-updown-5m-1788386100,https://polymarket.com/zh/event/btc-updown-5m-1788386100,05:55-06:00,59.00,42.00,58.00,41.00,128.05,210.71,210.71,136.35,58.50,41.50,1.00,1.00,14276.23,13495.57,13485.57,14251.23,58,41,41,58,77304.49,77300.03,,
2026-09-03T05:56:18+08:00,btc-updown-5m-1788386100,https://polymarket.com/zh/event/btc-updown-5m-1788386100,05:55-06:00,59.00,42.00,58.00,41.00,60.00,253.83,253.83,60.00,58.50,41.50,1.00,1.00,14271.23,13339.57,13354.57,15271.23,58,41,41,58,77304.49,77298.83,,
2026-09-03T05:56:20+08:00,btc-updown-5m-1788386100,https://polymarket.com/zh/event/btc-updown-5m-1788386100,05:55-06:00,60.00,42.00,59.00,40.00,121.90,10.00,391.58,317.92,59.50,41.00,1.00,2.00,14276.24,13349.57,13344.57,14261.23,59,40,40,58,77304.49,77298.83,,
2026-09-03T05:56:22+08:00,btc-updown-5m-1788386100,https://polymarket.com/zh/event/btc-updown-5m-1788386100,05:55-06:00,57.00,44.00,56.00,43.00,379.94,69.00,69.00,254.94,56.50,43.50,1.00,1.00,14726.23,13339.57,13339.57,14236.23,56,43,43,56,77304.49,77298.83,,
2026-09-03T05:56:24+08:00,btc-updown-5m-1788386100,https://polymarket.com/zh/event/btc-updown-5m-1788386100,05:55-06:00,57.00,44.00,56.00,43.00,367.75,106.25,58.25,362.75,56.50,43.50,1.00,1.00,14741.24,13339.57,13354.57,14246.23,56,43,43,56,77304.49,77298.83,,
2026-09-03T05:56:27+08:00,btc-updown-5m-1788386100,https://polymarket.com/zh/event/btc-updown-5m-1788386100,05:55-06:00,58.00,43.00,57.00,42.00,303.00,114.02,154.33,308.00,57.50,42.50,1.00,1.00,14261.23,13349.57,13349.57,14251.23,57,42,42,57,77304.49,77298.83,,
2026-09-03T05:56:29+08:00,btc-updown-5m-1788386100,https://polymarket.com/zh/event/btc-updown-5m-1788386100,05:55-06:00,58.00,43.00,57.00,42.00,257.10,107.88,107.88,255.37,57.50,42.50,1.00,1.00,14266.23,13334.57,13339.57,14756.23,57,42,42,57,77304.49,77298.82,,
2026-09-03T05:56:31+08:00,btc-updown-5m-1788386100,https://polymarket.com/zh/event/btc-updown-5m-1788386100,05:55-06:00,58.00,43.00,57.00,42.00,60.00,170.00,281.44,123.93,57.50,42.50,1.00,1.00,13500.23,13324.57,13314.57,14515.23,57,42,42,57,77304.49,77298.83,,
2026-09-03T05:56:34+08:00,btc-updown-5m-1788386100,https://polymarket.com/zh/event/btc-updown-5m-1788386100,05:55-06:00,58.00,43.00,57.00,42.00,30.00,563.15,250.15,20.00,57.50,42.50,1.00,1.00,13520.23,13329.57,13329.57,13495.23,57,42,42,57,77304.49,77298.83,,
2026-09-03T05:56:36+08:00,btc-updown-5m-1788386100,https://polymarket.com/zh/event/btc-updown-5m-1788386100,05:55-06:00,58.00,43.00,57.00,42.00,48.10,590.82,590.82,26.06,57.50,42.50,1.00,1.00,14515.23,13329.57,13329.57,14015.23,57,42,42,57,77304.49,77298.83,,
2026-09-03T05:56:38+08:00,btc-updown-5m-1788386100,https://polymarket.com/zh/event/btc-updown-5m-1788386100,05:55-06:00,59.00,42.00,58.00,41.00,364.00,148.24,143.24,364.00,58.50,41.50,1.00,1.00,13520.23,13329.57,13314.57,13515.23,58,41,41,58,77304.49,77298.83,,
2026-09-03T05:56:40+08:00,btc-updown-5m-1788386100,https://polymarket.com/zh/event/btc-updown-5m-1788386100,05:55-06:00,59.00,42.00,58.00,41.00,207.22,204.33,204.33,205.52,58.50,41.50,1.00,1.00,14020.24,13314.57,13314.57,13520.24,58,41,41,58,77304.49,77298.83,,
2026-09-03T05:56:43+08:00,btc-updown-5m-1788386100,https://polymarket.com/zh/event/btc-updown-5m-1788386100,05:55-06:00,59.00,42.00,58.00,41.00,174.30,110.33,105.33,174.30,58.50,41.50,1.00,1.00,14020.23,13314.57,13319.57,14030.23,58,41,41,58,77304.49,77298.83,,
2026-09-03T05:56:45+08:00,btc-updown-5m-1788386100,https://polymarket.com/zh/event/btc-updown-5m-1788386100,05:55-06:00,59.00,42.00,58.00,41.00,44.90,231.93,231.93,44.90,58.50,41.50,1.00,1.00,13500.23,13329.57,13329.57,13505.23,58,41,41,58,77304.49,77298.83,,
2026-09-03T05:56:47+08:00,btc-updown-5m-1788386100,https://polymarket.com/zh/event/btc-updown-5m-1788386100,05:55-06:00,60.00,41.00,59.00,40.00,20.16,414.82,414.82,20.16,59.50,40.50,1.00,1.00,14540.23,13329.57,13314.57,13530.23,59,40,40,59,77304.49,77298.82,,
2026-09-03T05:56:49+08:00,btc-updown-5m-1788386100,https://polymarket.com/zh/event/btc-updown-5m-1788386100,05:55-06:00,61.00,39.00,60.00,38.00,16.00,173.01,435.02,236.51,60.50,38.50,1.00,1.00,14040.23,13339.57,13329.57,14045.23,60,39,38,61,77304.49,77298.83,,
2026-09-03T05:56:52+08:00,btc-updown-5m-1788386100,https://polymarket.com/zh/event/btc-updown-5m-1788386100,05:55-06:00,72.00,29.00,71.00,28.00,190.15,151.31,43.33,346.53,71.50,28.50,1.00,1.00,14031.72,13859.57,13339.57,14526.71,71,28,28,71,77304.49,77301.29,,
2026-09-03T05:56:54+08:00,btc-updown-5m-1788386100,https://polymarket.com/zh/event/btc-updown-5m-1788386100,05:55-06:00,71.00,30.00,70.00,29.00,441.17,135.79,134.79,450.88,70.50,29.50,1.00,1.00,13531.71,13359.57,13344.57,13541.71,70,29,29,70,77304.49,77305.81,,
2026-09-03T05:56:56+08:00,btc-updown-5m-1788386100,https://polymarket.com/zh/event/btc-updown-5m-1788386100,05:55-06:00,68.00,33.00,67.00,32.00,158.43,249.85,244.85,158.43,67.50,32.50,1.00,1.00,13442.71,13349.57,13349.57,13442.71,67,32,32,67,77304.49,77305.81,,
2026-09-03T05:56:59+08:00,btc-updown-5m-1788386100,https://polymarket.com/zh/event/btc-updown-5m-1788386100,05:55-06:00,68.00,33.00,67.00,32.00,224.96,118.95,103.95,224.96,67.50,32.50,1.00,1.00,13932.72,13349.57,13349.57,13937.72,67,32,32,67,77304.49,77305.81,,
2026-09-03T05:57:01+08:00,btc-updown-5m-1788386100,https://polymarket.com/zh/event/btc-updown-5m-1788386100,05:55-06:00,68.00,33.00,67.00,32.00,303.91,116.95,116.95,293.91,67.50,32.50,1.00,1.00,13323.71,13241.57,13246.57,13833.71,67,32,32,67,77304.49,77304.77,,
2026-09-03T05:57:03+08:00,btc-updown-5m-1788386100,https://polymarket.com/zh/event/btc-updown-5m-1788386100,05:55-06:00,67.00,34.00,66.00,33.00,286.33,124.31,119.31,237.33,66.50,33.50,1.00,1.00,13343.71,13161.57,13166.57,13343.71,66,33,33,66,77304.49,77303.55,,
2026-09-03T05:57:05+08:00,btc-updown-5m-1788386100,https://polymarket.com/zh/event/btc-updown-5m-1788386100,05:55-06:00,68.00,33.00,67.00,32.00,187.94,134.84,134.84,187.94,67.50,32.50,1.00,1.00,13338.71,13131.57,13141.57,13853.71,67,32,32,67,77304.49,77304.62,,
2026-09-03T05:57:08+08:00,btc-updown-5m-1788386100,https://polymarket.com/zh/event/btc-updown-5m-1788386100,05:55-06:00,68.00,33.00,67.00,32.00,208.26,20.00,33.84,198.26,67.50,32.50,1.00,1.00,13818.71,13172.57,13182.57,14353.72,67,32,32,67,77304.49,77304.63,,
2026-09-03T05:57:10+08:00,btc-updown-5m-1788386100,https://polymarket.com/zh/event/btc-updown-5m-1788386100,05:55-06:00,70.00,31.00,69.00,30.00,70.82,398.18,417.60,45.82,69.50,30.50,1.00,1.00,13838.71,13157.57,13152.57,13348.72,69,30,30,69,77304.49,77304.62,,
2026-09-03T05:57:12+08:00,btc-updown-5m-1788386100,https://polymarket.com/zh/event/btc-updown-5m-1788386100,05:55-06:00,70.00,32.00,69.00,31.00,66.21,232.90,222.35,45.00,69.50,31.50,1.00,1.00,13338.71,13141.57,13156.57,13338.71,69,30,31,68,77304.49,77304.63,,
2026-09-03T05:57:14+08:00,btc-updown-5m-1788386100,https://polymarket.com/zh/event/btc-updown-5m-1788386100,05:55-06:00,69.00,32.00,68.00,31.00,201.24,99.41,99.41,152.75,68.50,31.50,1.00,1.00,13348.72,13171.57,13181.57,13358.71,68,31,31,68,77304.49,77306.21,,
2026-09-03T05:57:17+08:00,btc-updown-5m-1788386100,https://polymarket.com/zh/event/btc-updown-5m-1788386100,05:55-06:00,69.00,32.00,68.00,31.00,88.55,292.56,292.56,88.55,68.50,31.50,1.00,1.00,13813.71,13111.57,13101.57,13303.72,68,31,31,68,77304.49,77306.21,,
2026-09-03T05:57:19+08:00,btc-updown-5m-1788386100,https://polymarket.com/zh/event/btc-updown-5m-1788386100,05:55-06:00,49.00,52.00,48.00,51.00,155.00,219.69,243.00,143.00,48.50,51.50,1.00,1.00,13303.71,13153.62,13140.75,13293.71,48,51,51,48,77304.49,77298.00,,
2026-09-03T05:57:21+08:00,btc-updown-5m-1788386100,https://polymarket.com/zh/event/btc-updown-5m-1788386100,05:55-06:00,49.00,52.00,48.00,51.00,161.00,958.13,953.13,146.00,48.50,51.50,1.00,1.00,13303.71,13146.75,13125.75,13308.71,48,51,51,48,77304.49,77297.22,,
2026-09-03T05:57:23+08:00,btc-updown-5m-1788386100,https://polymarket.com/zh/event/btc-updown-5m-1788386100,05:55-06:00,50.00,50.00,49.00,49.00,145.00,885.17,417.74,15.00,49.50,49.50,1.00,1.00,13328.71,13120.75,13137.25,13333.71,49,50,49,50,77304.49,77297.23,,
2026-09-03T05:57:26+08:00,btc-updown-5m-1788386100,https://polymarket.com/zh/event/btc-updown-5m-1788386100,05:55-06:00,52.00,49.00,51.00,48.00,148.00,163.00,163.00,112.05,51.50,48.50,1.00,1.00,13348.71,13176.25,13166.25,13843.72,51,48,48,51,77304.49,77297.22,,
2026-09-03T05:57:28+08:00,btc-updown-5m-1788386100,https://polymarket.com/zh/event/btc-updown-5m-1788386100,05:55-06:00,51.00,50.00,50.00,49.00,10.00,909.47,908.07,10.00,50.50,49.50,1.00,1.00,13318.71,13126.25,13121.25,13333.71,50,49,49,50,77304.49,77297.23,,
2026-09-03T05:57:30+08:00,btc-updown-5m-1788386100,https://polymarket.com/zh/event/btc-updown-5m-1788386100,05:55-06:00,51.00,50.00,50.00,49.00,240.51,36.79,46.79,130.74,50.50,49.50,1.00,1.00,13308.71,13156.25,13303.74,13298.71,50,49,49,50,77304.49,77297.23,,
2026-09-03T05:57:32+08:00,btc-updown-5m-1788386100,https://polymarket.com/zh/event/btc-updown-5m-1788386100,05:55-06:00,51.00,50.00,50.00,49.00,117.89,1077.56,1072.56,76.53,50.50,49.50,1.00,1.00,13818.71,13278.74,13288.74,13328.71,50,49,49,50,77304.49,77297.22,,
2026-09-03T05:57:35+08:00,btc-updown-5m-1788386100,https://polymarket.com/zh/event/btc-updown-5m-1788386100,05:55-06:00,52.00,49.00,51.00,48.00,15.00,362.86,367.86,15.00,51.50,48.50,1.00,1.00,13328.71,13288.74,13293.74,13333.71,51,48,48,51,77304.49,77297.22,,
2026-09-03T05:57:37+08:00,btc-updown-5m-1788386100,https://polymarket.com/zh/event/btc-updown-5m-1788386100,05:55-06:00,52.00,49.00,51.00,48.00,9.11,322.12,322.12,9.11,51.50,48.50,1.00,1.00,13843.72,13418.11,13418.11,13843.72,51,48,48,51,77304.49,77297.22,,
2026-09-03T05:57:39+08:00,btc-updown-5m-1788386100,https://polymarket.com/zh/event/btc-updown-5m-1788386100,05:55-06:00,52.00,49.00,51.00,48.00,9.11,268.12,328.12,59.11,51.50,48.50,1.00,1.00,13343.71,13418.11,13418.11,13318.71,51,48,48,51,77304.49,77297.22,,
2026-09-03T05:57:41+08:00,btc-updown-5m-1788386100,https://polymarket.com/zh/event/btc-updown-5m-1788386100,05:55-06:00,53.00,42.00,52.00,41.00,25.00,48.33,410.89,27.28,52.50,41.50,1.00,1.00,13318.71,13518.11,13523.11,13843.72,52,47,41,58,77304.49,77297.22,,
2026-09-03T05:57:44+08:00,btc-updown-5m-1788386100,https://polymarket.com/zh/event/btc-updown-5m-1788386100,05:55-06:00,58.00,43.00,57.00,42.00,138.33,55.00,55.00,404.81,57.50,42.50,1.00,1.00,13350.05,13643.11,13673.11,13840.05,57,42,42,57,77304.49,77297.23,,
2026-09-03T05:57:46+08:00,btc-updown-5m-1788386100,https://polymarket.com/zh/event/btc-updown-5m-1788386100,05:55-06:00,58.00,43.00,57.00,42.00,544.81,55.00,55.00,544.81,57.50,42.50,1.00,1.00,13355.05,13658.11,13663.11,13860.05,57,42,42,57,77304.49,77297.22,,
2026-09-03T05:57:50+08:00,btc-updown-5m-1788386100,https://polymarket.com/zh/event/btc-updown-5m-1788386100,05:55-06:00,57.00,44.00,56.00,43.00,65.00,228.27,203.27,65.00,56.50,43.50,1.00,1.00,13830.05,13653.11,13653.11,14330.05,56,43,43,56,77304.49,77297.22,,
2026-09-03T05:57:53+08:00,btc-updown-5m-1788386100,https://polymarket.com/zh/event/btc-updown-5m-1788386100,05:55-06:00,59.00,42.00,58.00,41.00,315.59,50.00,57.00,315.59,58.50,41.50,1.00,1.00,13340.05,13638.11,13628.11,13835.06,58,41,41,58,77304.49,77297.22,,
2026-09-03T05:57:55+08:00,btc-updown-5m-1788386100,https://polymarket.com/zh/event/btc-updown-5m-1788386100,05:55-06:00,55.00,46.00,54.00,45.00,198.89,913.04,913.04,198.89,54.50,45.50,1.00,1.00,13305.05,13658.11,13653.11,13310.05,54,45,45,54,77304.49,77297.22,,
2026-09-03T05:57:57+08:00,btc-updown-5m-1788386100,https://polymarket.com/zh/event/btc-updown-5m-1788386100,05:55-06:00,55.00,46.00,54.00,45.00,120.83,625.06,625.06,70.83,54.50,45.50,1.00,1.00,13290.05,13678.11,13678.11,13775.05,54,45,45,54,77304.49,77297.23,,
2026-09-03T05:58:00+08:00,btc-updown-5m-1788386100,https://polymarket.com/zh/event/btc-updown-5m-1788386100,05:55-06:00,55.00,46.00,54.00,45.00,125.00,329.76,253.97,125.00,54.50,45.50,1.00,1.00,13275.05,13678.11,13693.11,13790.06,54,45,45,54,77304.49,77294.25,,
2026-09-03T05:58:02+08:00,btc-updown-5m-1788386100,https://polymarket.com/zh/event/btc-updown-5m-1788386100,05:55-06:00,55.00,46.00,54.00,45.00,15.00,1201.85,1216.85,15.00,54.50,45.50,1.00,1.00,13282.61,13653.11,13633.11,13277.61,54,45,45,54,77304.49,77294.24,,
2026-09-03T05:58:04+08:00,btc-updown-5m-1788386100,https://polymarket.com/zh/event/btc-updown-5m-1788386100,05:55-06:00,56.00,45.00,55.00,44.00,60.33,843.37,793.37,15.00,55.50,44.50,1.00,1.00,13292.61,13598.11,13603.11,13797.61,55,44,44,55,77304.49,77294.24,,
2026-09-03T05:58:06+08:00,btc-updown-5m-1788386100,https://polymarket.com/zh/event/btc-updown-5m-1788386100,05:55-06:00,57.00,44.00,56.00,43.00,161.00,347.84,322.84,161.00,56.50,43.50,1.00,1.00,13297.61,13699.12,13699.12,13292.61,56,43,43,56,77304.49,77296.71,,
2026-09-03T05:58:08+08:00,btc-updown-5m-1788386100,https://polymarket.com/zh/event/btc-updown-5m-1788386100,05:55-06:00,38.00,64.00,37.00,63.00,155.80,17.00,19.21,53.01,37.50,63.50,1.00,1.00,15039.28,13792.46,13818.46,15054.28,37,62,63,36,77304.49,77282.65,,
2026-09-03T05:58:11+08:00,btc-updown-5m-1788386100,https://polymarket.com/zh/event/btc-updown-5m-1788386100,05:55-06:00,35.00,67.00,34.00,66.00,207.04,23.07,25.55,160.36,34.50,66.50,1.00,1.00,15006.61,13873.46,13872.46,15026.61,34,65,66,33,77304.49,77278.46,,
2026-09-03T05:58:13+08:00,btc-updown-5m-1788386100,https://polymarket.com/zh/event/btc-updown-5m-1788386100,05:55-06:00,34.00,68.00,33.00,67.00,252.34,146.71,17.71,65.00,33.50,67.50,1.00,1.00,15016.61,13813.46,13839.47,15022.61,33,66,67,32,77304.49,77278.47,,
2026-09-03T05:58:15+08:00,btc-updown-5m-1788386100,https://polymarket.com/zh/event/btc-updown-5m-1788386100,05:55-06:00,33.00,68.00,32.00,67.00,60.00,76.19,76.19,67.83,32.50,67.50,1.00,1.00,14961.61,13807.46,13824.47,14981.61,32,67,67,32,77304.49,77279.73,,
2026-09-03T05:58:18+08:00,btc-updown-5m-1788386100,https://polymarket.com/zh/event/btc-updown-5m-1788386100,05:55-06:00,33.00,68.00,32.00,67.00,10.00,100.85,144.77,94.00,32.50,67.50,1.00,1.00,15006.61,13772.46,13803.46,15006.61,32,67,67,32,77304.49,77279.74,,
2026-09-03T05:58:20+08:00,btc-updown-5m-1788386100,https://polymarket.com/zh/event/btc-updown-5m-1788386100,05:55-06:00,32.00,69.00,31.00,68.00,26.00,148.75,182.08,90.00,31.50,68.50,1.00,1.00,14987.61,13813.46,13802.46,14961.61,31,68,68,31,77304.49,77279.74,,
2026-09-03T05:58:23+08:00,btc-updown-5m-1788386100,https://polymarket.com/zh/event/btc-updown-5m-1788386100,05:55-06:00,32.00,69.00,31.00,68.00,115.00,117.91,117.91,26.00,31.50,68.50,1.00,1.00,14977.61,13778.46,13792.46,14977.61,31,68,68,31,77304.49,77279.74,,
2026-09-03T05:58:25+08:00,btc-updown-5m-1788386100,https://polymarket.com/zh/event/btc-updown-5m-1788386100,05:55-06:00,31.00,70.00,30.00,69.00,21.87,230.92,230.92,21.87,30.50,69.50,1.00,1.00,14939.27,13745.12,13756.12,14934.27,30,69,69,30,77304.49,77279.74,,
2026-09-03T05:58:27+08:00,btc-updown-5m-1788386100,https://polymarket.com/zh/event/btc-updown-5m-1788386100,05:55-06:00,31.00,70.00,30.00,69.00,21.10,38.57,433.93,196.67,30.50,69.50,1.00,1.00,14964.27,13744.13,13764.12,14963.27,30,69,69,30,77304.49,77279.74,,
2026-09-03T05:58:30+08:00,btc-updown-5m-1788386100,https://polymarket.com/zh/event/btc-updown-5m-1788386100,05:55-06:00,30.00,71.00,29.00,70.00,57.65,114.00,128.91,71.85,29.50,70.50,1.00,1.00,14959.27,13784.13,13779.12,14959.27,29,70,70,29,77304.49,77279.73,,
2026-09-03T05:58:32+08:00,btc-updown-5m-1788386100,https://polymarket.com/zh/event/btc-updown-5m-1788386100,05:55-06:00,15.00,86.00,14.00,85.00,51.99,323.01,318.01,102.29,14.50,85.50,1.00,1.00,15485.64,13657.13,13654.13,15585.64,14,85,85,14,77304.49,77279.74,,
2026-09-03T05:58:34+08:00,btc-updown-5m-1788386100,https://polymarket.com/zh/event/btc-updown-5m-1788386100,05:55-06:00,16.00,84.00,15.00,83.00,30.00,501.79,657.94,173.19,15.50,83.50,1.00,1.00,15635.82,13680.13,13679.12,15665.82,15,84,83,16,77304.49,77279.73,,
2026-09-03T05:58:37+08:00,btc-updown-5m-1788386100,https://polymarket.com/zh/event/btc-updown-5m-1788386100,05:55-06:00,15.00,86.00,14.00,85.00,78.33,144.52,200.40,75.00,14.50,85.50,1.00,1.00,15645.61,13665.12,13669.12,15645.61,14,85,85,14,77304.49,77276.50,,
2026-09-03T05:58:39+08:00,btc-updown-5m-1788386100,https://polymarket.com/zh/event/btc-updown-5m-1788386100,05:55-06:00,19.00,82.00,18.00,81.00,182.69,120.67,123.00,171.04,18.50,81.50,1.00,1.00,15600.61,13664.12,13665.12,15610.61,18,81,81,18,77304.49,77274.54,,
2026-09-03T05:58:41+08:00,btc-updown-5m-1788386100,https://polymarket.com/zh/event/btc-updown-5m-1788386100,05:55-06:00,17.00,85.00,16.00,84.00,720.14,123.27,38.41,165.00,16.50,84.50,1.00,1.00,13616.27,13679.12,13665.12,13676.27,16,83,84,15,77304.49,77269.07,,
2026-09-03T05:58:44+08:00,btc-updown-5m-1788386100,https://polymarket.com/zh/event/btc-updown-5m-1788386100,05:55-06:00,15.00,87.00,14.00,86.00,148.00,344.34,320.76,70.00,14.50,86.50,1.00,1.00,13771.27,13681.12,13669.12,13746.27,14,85,86,13,77304.49,77273.07,,
2026-09-03T05:58:46+08:00,btc-updown-5m-1788386100,https://polymarket.com/zh/event/btc-updown-5m-1788386100,05:55-06:00,6.00,95.00,5.00,94.00,72.33,1185.17,1179.08,82.00,5.50,94.50,1.00,1.00,14021.01,13642.12,13632.12,13927.10,5,94,94,5,77304.49,77273.06,,
2026-09-03T05:58:48+08:00,btc-updown-5m-1788386100,https://polymarket.com/zh/event/btc-updown-5m-1788386100,05:55-06:00,8.00,93.00,7.00,92.00,287.27,56.27,39.62,207.48,7.50,92.50,1.00,1.00,13773.02,13653.12,13663.12,13653.32,7,92,92,7,77304.49,77273.07,,
2026-09-03T05:58:51+08:00,btc-updown-5m-1788386100,https://polymarket.com/zh/event/btc-updown-5m-1788386100,05:55-06:00,7.00,94.00,6.00,93.00,155.71,299.00,299.00,155.71,6.50,93.50,1.00,1.00,13867.90,13637.12,13647.13,13840.50,6,93,93,6,77304.49,77273.06,,
2026-09-03T05:58:53+08:00,btc-updown-5m-1788386100,https://polymarket.com/zh/event/btc-updown-5m-1788386100,05:55-06:00,5.00,96.00,4.00,95.00,153.33,835.24,880.24,144.03,4.50,95.50,1.00,1.00,12553.40,13598.78,13613.78,12498.30,4,95,95,4,77304.49,77273.06,,
2026-09-03T05:58:55+08:00,btc-updown-5m-1788386100,https://polymarket.com/zh/event/btc-updown-5m-1788386100,05:55-06:00,5.00,96.00,4.00,95.00,181.42,243.56,243.56,303.11,4.50,95.50,1.00,1.00,11164.73,12683.09,12663.09,10862.73,4,95,95,4,77304.49,77273.07,,
2026-09-03T05:58:57+08:00,btc-updown-5m-1788386100,https://polymarket.com/zh/event/btc-updown-5m-1788386100,05:55-06:00,5.00,96.00,4.00,95.00,433.10,185.67,185.67,433.10,4.50,95.50,1.00,1.00,4579.98,5614.96,5619.96,4609.98,4,95,95,4,77304.49,77273.06,,
2026-09-03T05:58:59+08:00,btc-updown-5m-1788386100,https://polymarket.com/zh/event/btc-updown-5m-1788386100,05:55-06:00,5.00,96.00,4.00,95.00,341.68,138.30,144.67,341.68,4.50,95.50,1.00,1.00,5272.08,5595.96,5595.96,5280.71,4,95,95,4,77304.49,77273.06,,
2026-09-03T05:59:02+08:00,btc-updown-5m-1788386100,https://polymarket.com/zh/event/btc-updown-5m-1788386100,05:55-06:00,4.00,97.00,3.00,96.00,388.00,169.15,185.26,620.49,3.50,96.50,1.00,1.00,4739.69,5535.96,5507.96,4723.58,3,96,96,3,77304.49,77267.33,,
2026-09-03T05:59:04+08:00,btc-updown-5m-1788386100,https://polymarket.com/zh/event/btc-updown-5m-1788386100,05:55-06:00,4.00,98.00,3.00,97.00,728.69,832.91,90.49,325.00,3.50,97.50,1.00,1.00,4654.92,5487.96,5494.97,4558.89,3,96,97,2,77304.49,77267.33,,
2026-09-03T05:59:06+08:00,btc-updown-5m-1788386100,https://polymarket.com/zh/event/btc-updown-5m-1788386100,05:55-06:00,3.00,98.00,2.00,97.00,479.85,559.60,559.60,617.70,2.50,97.50,1.00,1.00,4430.58,5473.96,5478.96,4430.58,2,97,97,2,77304.49,77267.33,,
2026-09-03T05:59:08+08:00,btc-updown-5m-1788386100,https://polymarket.com/zh/event/btc-updown-5m-1788386100,05:55-06:00,3.00,98.00,2.00,97.00,591.00,79.88,78.97,591.00,2.50,97.50,1.00,1.00,3959.95,5377.88,5361.88,3960.86,2,97,97,2,77304.49,77267.33,,
2026-09-03T05:59:11+08:00,btc-updown-5m-1788386100,https://polymarket.com/zh/event/btc-updown-5m-1788386100,05:55-06:00,2.00,99.00,1.00,98.00,391.81,3420.54,3520.54,386.17,1.50,98.50,1.00,1.00,3520.54,5276.89,5261.78,3420.54,1,98,98,1,77304.49,77267.33,,
2026-09-03T05:59:13+08:00,btc-updown-5m-1788386100,https://polymarket.com/zh/event/btc-updown-5m-1788386100,05:55-06:00,2.00,99.00,1.00,98.00,138.02,2961.94,2966.04,138.02,1.50,98.50,1.00,1.00,2966.04,5266.79,5266.78,2961.94,1,98,98,1,77304.49,77267.33,,
2026-09-03T05:59:15+08:00,btc-updown-5m-1788386100,https://polymarket.com/zh/event/btc-updown-5m-1788386100,05:55-06:00,2.00,99.00,1.00,98.00,166.70,2228.42,2328.42,166.70,1.50,98.50,1.00,1.00,2328.42,5283.79,5273.78,2228.42,1,98,98,1,77304.49,77264.05,,
2026-09-03T05:59:17+08:00,btc-updown-5m-1788386100,https://polymarket.com/zh/event/btc-updown-5m-1788386100,05:55-06:00,2.00,,1.00,99.00,324.26,,239.42,1044.00,1.50,,1.00,,239.42,5173.78,5167.78,,1,98,99,0,77304.49,77262.51,,
2026-09-03T05:59:20+08:00,btc-updown-5m-1788386100,https://polymarket.com/zh/event/btc-updown-5m-1788386100,05:55-06:00,1.00,,,99.00,2577.27,,,8955.28,,,,,,5862.78,5867.78,,0,99,99,0,77304.49,77262.50,,
2026-09-03T05:59:22+08:00,btc-updown-5m-1788386100,https://polymarket.com/zh/event/btc-updown-5m-1788386100,05:55-06:00,1.00,,,99.00,11619.53,,,12119.53,,,,,,5873.78,5868.78,,0,99,99,0,77304.49,77262.51,,
2026-09-03T05:59:24+08:00,btc-updown-5m-1788386100,https://polymarket.com/zh/event/btc-updown-5m-1788386100,05:55-06:00,1.00,,,99.00,12283.53,,,12283.53,,,,,,5883.78,5877.78,,0,99,99,0,77304.49,77262.51,,
2026-09-03T05:59:26+08:00,btc-updown-5m-1788386100,https://polymarket.com/zh/event/btc-updown-5m-1788386100,05:55-06:00,1.00,,,99.00,13180.98,,,13180.98,,,,,,5863.78,5863.78,,0,99,99,0,77304.49,77262.51,,
2026-09-03T05:59:29+08:00,btc-updown-5m-1788386100,https://polymarket.com/zh/event/btc-updown-5m-1788386100,05:55-06:00,1.00,,,99.00,15067.01,,,14967.01,,,,,,5827.78,5833.78,,0,99,99,0,77304.49,77262.51,,
2026-09-03T05:59:31+08:00,btc-updown-5m-1788386100,https://polymarket.com/zh/event/btc-updown-5m-1788386100,05:55-06:00,1.00,,,99.00,17405.74,,,17405.74,,,,,,5815.43,5825.43,,0,99,99,0,77304.49,77265.53,,
2026-09-03T05:59:33+08:00,btc-updown-5m-1788386100,https://polymarket.com/zh/event/btc-updown-5m-1788386100,05:55-06:00,1.00,,,99.00,27487.45,,,27510.46,,,,,,5447.43,5440.43,,0,99,99,0,77304.49,77267.32,,
2026-09-03T05:59:35+08:00,btc-updown-5m-1788386100,https://polymarket.com/zh/event/btc-updown-5m-1788386100,05:55-06:00,1.00,,,99.00,26105.26,,,26105.26,,,,,,5446.43,5445.43,,0,99,99,0,77304.49,77267.32,,
2026-09-03T05:59:37+08:00,btc-updown-5m-1788386100,https://polymarket.com/zh/event/btc-updown-5m-1788386100,05:55-06:00,1.00,,,99.00,28553.26,,,28553.26,,,,,,5435.43,5430.43,,0,99,99,0,77304.49,77262.50,,
2026-09-03T05:59:40+08:00,btc-updown-5m-1788386100,https://polymarket.com/zh/event/btc-updown-5m-1788386100,05:55-06:00,1.00,,,99.00,31556.51,,,31576.51,,,,,,5440.43,5445.43,,0,99,99,0,77304.49,77262.50,,
2026-09-03T05:59:42+08:00,btc-updown-5m-1788386100,https://polymarket.com/zh/event/btc-updown-5m-1788386100,05:55-06:00,1.00,,,99.00,31806.29,,,31806.29,,,,,,5424.43,5419.43,,0,99,99,0,77304.49,77262.50,,
2026-09-03T05:59:44+08:00,btc-updown-5m-1788386100,https://polymarket.com/zh/event/btc-updown-5m-1788386100,05:55-06:00,1.00,,,99.00,31821.29,,,31821.29,,,,,,5419.43,5424.43,,0,99,99,0,77304.49,77262.50,,
2026-09-03T05:59:46+08:00,btc-updown-5m-1788386100,https://polymarket.com/zh/event/btc-updown-5m-1788386100,05:55-06:00,1.00,,,99.00,32890.34,,,32890.34,,,,,,5424.43,5425.43,,0,99,99,0,77304.49,77262.50,,
2026-09-03T05:59:49+08:00,btc-updown-5m-1788386100,https://polymarket.com/zh/event/btc-updown-5m-1788386100,05:55-06:00,1.00,,,99.00,32890.34,,,32890.34,,,,,,5429.43,5424.43,,0,99,99,0,77304.49,77262.50,,
2026-09-03T05:59:51+08:00,btc-updown-5m-1788386100,https://polymarket.com/zh/event/btc-updown-5m-1788386100,05:55-06:00,1.00,,,99.00,33375.44,,,33895.44,,,,,,5384.43,5395.43,,0,99,99,0,77304.49,77262.50,,
2026-09-03T05:59:53+08:00,btc-updown-5m-1788386100,https://polymarket.com/zh/event/btc-updown-5m-1788386100,05:55-06:00,1.00,,,99.00,39929.97,,,39429.97,,,,,,5449.43,5444.43,,0,99,99,0,77304.49,77262.50,,
2026-09-03T05:59:55+08:00,btc-updown-5m-1788386100,https://polymarket.com/zh/event/btc-updown-5m-1788386100,05:55-06:00,1.00,,,99.00,39503.07,,,39503.07,,,,,,5405.43,5400.43,,0,99,99,0,77304.49,77264.89,,
2026-09-03T05:59:58+08:00,btc-updown-5m-1788386100,https://polymarket.com/zh/event/btc-updown-5m-1788386100,05:55-06:00,1.00,,,99.00,44862.07,,,44862.07,,,,,,5994.43,5989.43,,0,99,99,0,77304.49,77264.91,,
2026-09-03T06:00:00+08:00,btc-updown-5m-1788386400,https://polymarket.com/zh/event/btc-updown-5m-1788386400,06:00-06:05,49.00,55.00,48.00,54.00,65.00,40.00,15.00,105.00,48.50,54.50,1.00,1.00,139042.37,138958.48,138975.81,138922.37,47,51,54,45,77266.24,77266.23,,
2026-09-03T06:00:03+08:00,btc-updown-5m-1788386400,https://polymarket.com/zh/event/btc-updown-5m-1788386400,06:00-06:05,40.00,61.00,39.00,60.00,325.50,147.00,142.00,325.50,39.50,60.50,1.00,1.00,24824.02,25006.47,24906.47,24809.02,39,60,60,39,77266.24,77256.67,,
2026-09-03T06:00:05+08:00,btc-updown-5m-1788386400,https://polymarket.com/zh/event/btc-updown-5m-1788386400,06:00-06:05,44.00,57.00,43.00,56.00,98.22,5.00,57.37,180.84,43.50,56.50,1.00,1.00,25276.02,24918.46,24939.46,25281.02,43,56,56,43,77266.24,77253.38,,
2026-09-03T06:00:07+08:00,btc-updown-5m-1788386400,https://polymarket.com/zh/event/btc-updown-5m-1788386400,06:00-06:05,43.00,58.00,42.00,57.00,429.00,14.82,14.82,434.00,42.50,57.50,1.00,1.00,25536.02,25498.46,25483.46,25531.02,42,57,57,42,77266.24,77253.37,,
2026-09-03T06:00:09+08:00,btc-updown-5m-1788386400,https://polymarket.com/zh/event/btc-updown-5m-1788386400,06:00-06:05,42.00,59.00,41.00,58.00,546.98,42.87,59.82,535.07,41.50,58.50,1.00,1.00,23559.02,23524.47,23518.46,23544.02,41,58,58,41,77266.24,77251.82,,
2026-09-03T06:00:12+08:00,btc-updown-5m-1788386400,https://polymarket.com/zh/event/btc-updown-5m-1788386400,06:00-06:05,42.00,59.00,41.00,58.00,243.93,113.30,98.30,243.93,41.50,58.50,1.00,1.00,23653.02,23548.46,23563.46,23668.02,41,58,58,41,77266.24,77251.83,,
2026-09-03T06:00:14+08:00,btc-updown-5m-1788386400,https://polymarket.com/zh/event/btc-updown-5m-1788386400,06:00-06:05,42.00,59.00,41.00,58.00,320.54,104.82,111.60,315.54,41.50,58.50,1.00,1.00,23653.02,23526.46,23542.46,23668.02,41,58,58,41,77266.24,77251.82,,
2026-09-03T06:00:16+08:00,btc-updown-5m-1788386400,https://polymarket.com/zh/event/btc-updown-5m-1788386400,06:00-06:05,31.00,70.00,30.00,69.00,352.68,73.58,121.67,387.89,30.50,69.50,1.00,1.00,23906.21,23891.62,23940.32,23901.21,30,69,69,30,77266.24,77236.22,,
2026-09-03T06:00:18+08:00,btc-updown-5m-1788386400,https://polymarket.com/zh/event/btc-updown-5m-1788386400,06:00-06:05,29.00,72.00,28.00,71.00,127.66,187.52,281.59,177.66,28.50,71.50,1.00,1.00,23398.61,22864.75,22845.75,23453.61,28,71,71,28,77266.24,77232.33,,
2026-09-03T06:00:21+08:00,btc-updown-5m-1788386400,https://polymarket.com/zh/event/btc-updown-5m-1788386400,06:00-06:05,28.00,73.00,27.00,72.00,167.14,146.70,146.70,245.60,27.50,72.50,1.00,1.00,22056.61,21433.75,21458.75,22066.61,27,72,72,27,77266.24,77230.01,,
2026-09-03T06:00:23+08:00,btc-updown-5m-1788386400,https://polymarket.com/zh/event/btc-updown-5m-1788386400,06:00-06:05,28.00,73.00,27.00,72.00,108.60,315.38,313.20,105.02,27.50,72.50,1.00,1.00,22006.61,21449.76,21453.76,22001.61,27,72,72,27,77266.24,77230.01,,
2026-09-03T06:00:25+08:00,btc-updown-5m-1788386400,https://polymarket.com/zh/event/btc-updown-5m-1788386400,06:00-06:05,29.00,72.00,28.00,71.00,46.61,374.05,374.05,46.61,28.50,71.50,1.00,1.00,21428.61,20969.75,20969.76,21433.61,28,71,71,28,77266.24,77230.06,,
2026-09-03T06:00:27+08:00,btc-updown-5m-1788386400,https://polymarket.com/zh/event/btc-updown-5m-1788386400,06:00-06:05,31.00,65.00,30.00,61.00,178.46,120.69,273.27,40.00,30.50,63.00,1.00,4.00,21188.61,20734.75,20772.10,21196.95,30,69,61,35,77266.24,77230.06,,
2026-09-03T06:00:30+08:00,btc-updown-5m-1788386400,https://polymarket.com/zh/event/btc-updown-5m-1788386400,06:00-06:05,38.00,63.00,37.00,62.00,130.06,241.15,241.15,140.06,37.50,62.50,1.00,1.00,21009.44,20527.09,20528.09,20719.44,37,62,62,37,77266.24,77244.50,,
2026-09-03T06:00:32+08:00,btc-updown-5m-1788386400,https://polymarket.com/zh/event/btc-updown-5m-1788386400,06:00-06:05,49.00,51.00,48.00,50.00,2.00,44.33,112.23,120.86,48.50,50.50,1.00,1.00,20224.44,19763.09,19773.09,20244.44,48,51,50,49,77266.24,77246.05,,
2026-09-03T06:00:34+08:00,btc-updown-5m-1788386400,https://polymarket.com/zh/event/btc-updown-5m-1788386400,06:00-06:05,46.00,55.00,45.00,54.00,153.00,352.00,365.83,30.00,45.50,54.50,1.00,1.00,20017.78,19585.44,19580.44,20032.78,45,54,54,45,77266.24,77253.75,,
2026-09-03T06:00:37+08:00,btc-updown-5m-1788386400,https://polymarket.com/zh/event/btc-updown-5m-1788386400,06:00-06:05,46.00,56.00,45.00,55.00,97.45,220.00,80.88,10.00,45.50,55.50,1.00,1.00,20033.54,19591.43,19581.43,20038.54,45,54,55,44,77266.24,77255.36,,
2026-09-03T06:00:39+08:00,btc-updown-5m-1788386400,https://polymarket.com/zh/event/btc-updown-5m-1788386400,06:00-06:05,44.00,57.00,43.00,56.00,223.90,230.30,235.30,223.90,43.50,56.50,1.00,1.00,20043.54,19575.43,19595.43,20038.54,43,56,56,43,77266.24,77255.36,,
2026-09-03T06:00:41+08:00,btc-updown-5m-1788386400,https://polymarket.com/zh/event/btc-updown-5m-1788386400,06:00-06:05,36.00,65.00,35.00,64.00,351.79,43.50,33.50,383.79,35.50,64.50,1.00,1.00,19990.20,19544.09,19522.09,20006.30,35,64,64,35,77266.24,77254.25,,
2026-09-03T06:00:43+08:00,btc-updown-5m-1788386400,https://polymarket.com/zh/event/btc-updown-5m-1788386400,06:00-06:05,36.00,66.00,35.00,65.00,377.33,26.00,17.61,181.57,35.50,65.50,1.00,1.00,20021.30,19548.20,19537.20,20006.30,35,64,65,34,77266.24,77244.50,,
2026-09-03T06:00:46+08:00,btc-updown-5m-1788386400,https://polymarket.com/zh/event/btc-updown-5m-1788386400,06:00-06:05,30.00,71.00,29.00,70.00,251.74,30.39,30.39,201.74,29.50,70.50,1.00,1.00,19983.06,19498.85,19493.85,19983.06,29,70,70,29,77266.24,77239.06,,
2026-09-03T06:00:48+08:00,btc-updown-5m-1788386400,https://polymarket.com/zh/event/btc-updown-5m-1788386400,06:00-06:05,29.00,72.00,28.00,71.00,108.55,419.75,412.81,78.55,28.50,71.50,1.00,1.00,19998.06,19504.85,19504.95,19993.06,28,71,71,28,77266.24,77236.57,,
2026-09-03T06:00:50+08:00,btc-updown-5m-1788386400,https://polymarket.com/zh/event/btc-updown-5m-1788386400,06:00-06:05,29.00,72.00,28.00,71.00,168.65,356.78,356.78,168.65,28.50,71.50,1.00,1.00,19903.06,19513.95,19513.95,19898.06,28,71,71,28,77266.24,77231.43,,
2026-09-03T06:00:52+08:00,btc-updown-5m-1788386400,https://polymarket.com/zh/event/btc-updown-5m-1788386400,06:00-06:05,29.00,72.00,28.00,71.00,25.44,366.65,361.65,50.44,28.50,71.50,1.00,1.00,19892.06,19319.96,19298.95,19897.06,28,71,71,28,77266.24,77231.44,,
2026-09-03T06:00:55+08:00,btc-updown-5m-1788386400,https://polymarket.com/zh/event/btc-updown-5m-1788386400,06:00-06:05,36.00,65.00,35.00,64.00,366.12,0.38,5.00,315.06,35.50,64.50,1.00,1.00,19657.78,19078.95,19053.95,19667.78,35,64,64,35,77266.24,77240.06,,
2026-09-03T06:00:57+08:00,btc-updown-5m-1788386400,https://polymarket.com/zh/event/btc-updown-5m-1788386400,06:00-06:05,34.00,67.00,33.00,66.00,97.00,349.57,299.57,97.00,33.50,66.50,1.00,1.00,19427.78,18839.95,18813.95,19417.78,33,66,66,33,77266.24,77240.33,,
2026-09-03T06:00:59+08:00,btc-updown-5m-1788386400,https://polymarket.com/zh/event/btc-updown-5m-1788386400,06:00-06:05,34.00,67.00,33.00,66.00,191.70,354.57,354.57,191.70,33.50,66.50,1.00,1.00,19407.78,18818.95,18583.95,19172.78,33,66,66,33,77266.24,77240.33,,
2026-09-03T06:01:02+08:00,btc-updown-5m-1788386400,https://polymarket.com/zh/event/btc-updown-5m-1788386400,06:00-06:05,34.00,67.00,33.00,66.00,143.00,221.26,221.26,134.70,33.50,66.50,1.00,1.00,14883.28,14231.95,14220.95,14858.28,33,66,66,33,77266.24,77240.34,,
2026-09-03T06:01:04+08:00,btc-updown-5m-1788386400,https://polymarket.com/zh/event/btc-updown-5m-1788386400,06:00-06:05,35.00,63.00,34.00,62.00,6.65,81.00,286.40,155.98,34.50,62.50,1.00,1.00,14555.78,13975.95,13986.96,14555.78,34,64,62,37,77266.24,77243.07,,
2026-09-03T06:01:06+08:00,btc-updown-5m-1788386400,https://polymarket.com/zh/event/btc-updown-5m-1788386400,06:00-06:05,42.00,59.00,41.00,58.00,87.00,252.34,214.52,22.00,41.50,58.50,1.00,1.00,14304.78,13720.95,13779.29,14333.12,41,58,58,41,77266.24,77246.74,,
2026-09-03T06:01:09+08:00,btc-updown-5m-1788386400,https://polymarket.com/zh/event/btc-updown-5m-1788386400,06:00-06:05,49.00,52.00,48.00,51.00,224.00,229.74,190.03,208.00,48.50,51.50,1.00,1.00,14038.12,13534.29,13545.29,14053.12,48,51,51,48,77266.24,77251.11,,
2026-09-03T06:01:11+08:00,btc-updown-5m-1788386400,https://polymarket.com/zh/event/btc-updown-5m-1788386400,06:00-06:05,49.00,52.00,48.00,51.00,371.19,5.00,20.38,1336.19,48.50,51.50,1.00,1.00,14033.12,13560.30,13560.30,14008.12,48,51,51,47,77266.24,77252.59,,
2026-09-03T06:01:13+08:00,btc-updown-5m-1788386400,https://polymarket.com/zh/event/btc-updown-5m-1788386400,06:00-06:05,34.00,67.00,33.00,66.00,192.55,61.65,69.18,208.23,33.50,66.50,1.00,1.00,15358.78,13496.95,13517.95,15363.78,33,66,66,33,77266.24,77251.04,,
2026-09-03T06:01:15+08:00,btc-updown-5m-1788386400,https://polymarket.com/zh/event/btc-updown-5m-1788386400,06:00-06:05,23.00,77.00,22.00,76.00,73.12,228.33,371.85,97.00,22.50,76.50,1.00,1.00,15665.78,13523.95,13511.95,15665.78,22,77,76,23,77266.24,77231.44,,
2026-09-03T06:01:18+08:00,btc-updown-5m-1788386400,https://polymarket.com/zh/event/btc-updown-5m-1788386400,06:00-06:05,21.00,80.00,20.00,79.00,129.00,236.95,245.95,115.66,20.50,79.50,1.00,1.00,15529.78,13501.95,13512.95,15534.78,20,79,79,20,77266.24,77231.44,,
2026-09-03T06:01:20+08:00,btc-updown-5m-1788386400,https://polymarket.com/zh/event/btc-updown-5m-1788386400,06:00-06:05,18.00,83.00,17.00,82.00,553.02,26.80,46.19,518.02,17.50,82.50,1.00,1.00,15763.76,13528.96,13511.95,15748.76,17,82,82,17,77266.24,77214.66,,
2026-09-03T06:01:22+08:00,btc-updown-5m-1788386400,https://polymarket.com/zh/event/btc-updown-5m-1788386400,06:00-06:05,44.00,58.00,43.00,57.00,110.00,163.00,90.98,5.00,43.50,57.50,1.00,1.00,14277.70,13595.29,13606.30,14292.70,43,56,57,42,77266.24,77253.95,,
2026-09-03T06:01:25+08:00,btc-updown-5m-1788386400,https://polymarket.com/zh/event/btc-updown-5m-1788386400,06:00-06:05,41.00,60.00,40.00,59.00,228.59,87.66,24.66,212.59,40.50,59.50,1.00,1.00,13205.20,13615.29,13585.29,13205.20,40,59,59,40,77266.24,77253.95,,
2026-09-03T06:01:27+08:00,btc-updown-5m-1788386400,https://polymarket.com/zh/event/btc-updown-5m-1788386400,06:00-06:05,42.00,60.00,41.00,59.00,250.27,162.67,57.05,130.00,41.50,59.50,1.00,1.00,13230.20,13571.29,13601.29,13195.20,41,58,59,40,77266.24,77253.95,,
2026-09-03T06:01:29+08:00,btc-updown-5m-1788386400,https://polymarket.com/zh/event/btc-updown-5m-1788386400,06:00-06:05,41.00,60.00,40.00,59.00,211.30,111.00,73.00,61.06,40.50,59.50,1.00,1.00,13200.20,13595.29,13600.29,13200.20,40,59,59,40,77266.24,77253.95,,
2026-09-03T06:01:32+08:00,btc-updown-5m-1788386400,https://polymarket.com/zh/event/btc-updown-5m-1788386400,06:00-06:05,36.00,65.00,35.00,64.00,365.33,73.19,73.19,320.80,35.50,64.50,1.00,1.00,13235.20,13580.30,13565.30,13745.20,35,64,64,35,77266.24,77240.78,,
2026-09-03T06:01:34+08:00,btc-updown-5m-1788386400,https://polymarket.com/zh/event/btc-updown-5m-1788386400,06:00-06:05,33.00,68.00,32.00,67.00,5.00,359.70,281.70,5.00,32.50,67.50,1.00,1.00,14750.20,13586.30,13586.30,14750.20,32,67,67,32,77266.24,77239.71,,
2026-09-03T06:01:36+08:00,btc-updown-5m-1788386400,https://polymarket.com/zh/event/btc-updown-5m-1788386400,06:00-06:05,32.00,69.00,31.00,68.00,393.62,172.23,184.43,250.62,31.50,68.50,1.00,1.00,14750.20,13575.29,13585.29,14760.20,31,68,68,31,77266.24,77240.68,,
2026-09-03T06:01:38+08:00,btc-updown-5m-1788386400,https://polymarket.com/zh/event/btc-updown-5m-1788386400,06:00-06:05,31.00,70.00,30.00,69.00,493.41,167.91,152.91,464.37,30.50,69.50,1.00,1.00,14770.20,13570.29,13580.29,14785.20,30,69,69,30,77266.24,77239.74,,
2026-09-03T06:01:41+08:00,btc-updown-5m-1788386400,https://polymarket.com/zh/event/btc-updown-5m-1788386400,06:00-06:05,31.00,70.00,30.00,69.00,44.37,144.22,213.25,142.37,30.50,69.50,1.00,1.00,13240.20,13582.29,13575.29,13235.20,30,69,69,30,77266.24,77238.69,,
2026-09-03T06:01:43+08:00,btc-updown-5m-1788386400,https://polymarket.com/zh/event/btc-updown-5m-1788386400,06:00-06:05,24.00,77.00,23.00,76.00,333.83,107.30,107.30,322.12,23.50,76.50,1.00,1.00,13312.86,13547.95,13552.96,14026.19,23,76,76,23,77266.24,77237.24,,
2026-09-03T06:01:45+08:00,btc-updown-5m-1788386400,https://polymarket.com/zh/event/btc-updown-5m-1788386400,06:00-06:05,23.00,77.00,22.00,76.00,20.00,165.56,197.00,213.27,22.50,76.50,1.00,1.00,15428.85,13536.95,13567.96,15418.85,22,77,76,23,77266.24,77237.24,,
2026-09-03T06:01:47+08:00,btc-updown-5m-1788386400,https://polymarket.com/zh/event/btc-updown-5m-1788386400,06:00-06:05,25.00,76.00,24.00,75.00,115.00,212.93,226.98,163.25,24.50,75.50,1.00,1.00,15506.85,13536.95,13541.95,15501.85,24,75,75,24,77266.24,77231.22,,
2026-09-03T06:01:50+08:00,btc-updown-5m-1788386400,https://polymarket.com/zh/event/btc-updown-5m-1788386400,06:00-06:05,23.00,79.00,22.00,78.00,144.04,145.46,51.31,5.00,22.50,78.50,1.00,1.00,13356.86,13536.95,13541.95,13356.86,22,77,78,21,77266.24,77231.22,,
2026-09-03T06:01:52+08:00,btc-updown-5m-1788386400,https://polymarket.com/zh/event/btc-updown-5m-1788386400,06:00-06:05,21.00,80.00,20.00,79.00,168.33,290.30,252.03,130.00,20.50,79.50,1.00,1.00,15480.85,13546.95,13531.95,15475.85,20,79,79,20,77266.24,77231.22,,
2026-09-03T06:01:54+08:00,btc-updown-5m-1788386400,https://polymarket.com/zh/event/btc-updown-5m-1788386400,06:00-06:05,22.00,79.00,21.00,78.00,191.40,46.00,46.00,498.21,21.50,78.50,1.00,1.00,15475.85,13536.95,13552.95,15470.85,21,78,78,21,77266.24,77231.22,,
2026-09-03T06:01:59+08:00,btc-updown-5m-1788386400,https://polymarket.com/zh/event/btc-updown-5m-1788386400,06:00-06:05,23.00,77.00,22.00,76.00,63.91,153.33,353.06,115.00,22.50,76.50,1.00,1.00,15397.85,13553.95,13546.95,15407.85,22,77,76,23,77266.24,77230.76,,
2026-09-03T06:02:01+08:00,btc-updown-5m-1788386400,https://polymarket.com/zh/event/btc-updown-5m-1788386400,06:00-06:05,24.00,77.00,23.00,76.00,233.44,113.89,113.89,309.11,23.50,76.50,1.00,1.00,13258.86,13440.96,13423.96,13253.86,23,76,76,23,77266.24,77230.75,,
2026-09-03T06:02:04+08:00,btc-updown-5m-1788386400,https://polymarket.com/zh/event/btc-updown-5m-1788386400,06:00-06:05,23.00,78.00,22.00,77.00,143.68,248.35,240.75,113.53,22.50,77.50,1.00,1.00,15438.85,13418.95,13479.78,15443.85,22,77,77,22,77266.24,77228.74,,
2026-09-03T06:02:06+08:00,btc-updown-5m-1788386400,https://polymarket.com/zh/event/btc-updown-5m-1788386400,06:00-06:05,23.00,75.00,22.00,74.00,5.00,10.00,550.12,277.00,22.50,74.50,1.00,1.00,13278.86,13479.78,13475.78,13273.86,22,76,74,25,77266.24,77230.76,,
2026-09-03T06:02:08+08:00,btc-updown-5m-1788386400,https://polymarket.com/zh/event/btc-updown-5m-1788386400,06:00-06:05,26.00,75.00,25.00,74.00,168.71,256.00,260.00,188.71,25.50,74.50,1.00,1.00,13330.86,13511.15,13491.15,13335.86,25,74,74,25,77266.24,77233.79,,
2026-09-03T06:02:11+08:00,btc-updown-5m-1788386400,https://polymarket.com/zh/event/btc-updown-5m-1788386400,06:00-06:05,29.00,72.00,28.00,71.00,15.00,31.00,314.79,179.43,28.50,71.50,1.00,1.00,13064.46,13557.21,13552.21,13090.13,28,71,71,28,77266.24,77235.29,,
2026-09-03T06:02:13+08:00,btc-updown-5m-1788386400,https://polymarket.com/zh/event/btc-updown-5m-1788386400,06:00-06:05,28.00,73.00,27.00,72.00,296.04,281.60,244.00,216.91,27.50,72.50,1.00,1.00,13100.13,13592.21,13603.21,13080.13,27,72,72,27,77266.24,77237.78,,
2026-09-03T06:02:15+08:00,btc-updown-5m-1788386400,https://polymarket.com/zh/event/btc-updown-5m-1788386400,06:00-06:05,26.00,75.00,25.00,74.00,266.99,174.20,117.30,206.02,25.50,74.50,1.00,1.00,13182.13,13547.22,13527.21,13187.13,25,74,74,25,77266.24,77237.79,,
2026-09-03T06:02:17+08:00,btc-updown-5m-1788386400,https://polymarket.com/zh/event/btc-updown-5m-1788386400,06:00-06:05,23.00,78.00,22.00,77.00,288.18,148.10,139.15,207.55,22.50,77.50,1.00,1.00,13230.82,13539.21,13544.21,13313.82,22,77,77,22,77266.24,77237.79,,
2026-09-03T06:02:20+08:00,btc-updown-5m-1788386400,https://polymarket.com/zh/event/btc-updown-5m-1788386400,06:00-06:05,23.00,78.00,22.00,77.00,340.79,103.14,104.56,340.79,22.50,77.50,1.00,1.00,13319.82,13527.21,13542.21,13309.82,22,77,77,22,77266.24,77233.77,,
2026-09-03T06:02:22+08:00,btc-updown-5m-1788386400,https://polymarket.com/zh/event/btc-updown-5m-1788386400,06:00-06:05,23.00,78.00,22.00,77.00,308.62,100.10,118.12,308.62,22.50,77.50,1.00,1.00,13304.82,13543.21,13542.21,13299.82,22,77,77,22,77266.24,77233.78,,
2026-09-03T06:02:24+08:00,btc-updown-5m-1788386400,https://polymarket.com/zh/event/btc-updown-5m-1788386400,06:00-06:05,22.00,79.00,21.00,78.00,461.33,33.05,27.00,481.33,21.50,78.50,1.00,1.00,14765.48,13522.22,13507.22,15478.81,21,78,78,21,77266.24,77233.77,,
2026-09-03T06:02:27+08:00,btc-updown-5m-1788386400,https://polymarket.com/zh/event/btc-updown-5m-1788386400,06:00-06:05,21.00,80.00,20.00,79.00,393.14,121.00,188.00,570.19,20.50,79.50,1.00,1.00,15418.81,13547.21,13533.21,15438.81,20,79,79,20,77266.24,77233.77,,
2026-09-03T06:02:29+08:00,btc-updown-5m-1788386400,https://polymarket.com/zh/event/btc-updown-5m-1788386400,06:00-06:05,15.00,90.00,14.00,89.00,317.23,184.58,140.59,6.00,14.50,89.50,1.00,1.00,15908.81,13482.21,13488.22,15291.80,14,85,88,10,77266.24,77233.78,,
2026-09-03T06:02:31+08:00,btc-updown-5m-1788386400,https://polymarket.com/zh/event/btc-updown-5m-1788386400,06:00-06:05,9.00,92.00,8.00,91.00,402.50,98.35,104.58,467.43,8.50,91.50,1.00,1.00,13202.39,13466.21,13460.21,13057.39,8,91,91,8,77266.24,77216.10,,
2026-09-03T06:02:33+08:00,btc-updown-5m-1788386400,https://polymarket.com/zh/event/btc-updown-5m-1788386400,06:00-06:05,9.00,92.00,8.00,91.00,378.85,153.55,153.55,276.31,8.50,91.50,1.00,1.00,12584.39,13465.21,13470.21,13273.39,8,91,91,8,77266.24,77216.11,,
2026-09-03T06:02:36+08:00,btc-updown-5m-1788386400,https://polymarket.com/zh/event/btc-updown-5m-1788386400,06:00-06:05,9.00,92.00,8.00,91.00,342.73,93.09,93.09,342.73,8.50,91.50,1.00,1.00,13164.39,13470.21,13466.21,13334.39,8,91,91,8,77266.24,77216.11,,
2026-09-03T06:02:38+08:00,btc-updown-5m-1788386400,https://polymarket.com/zh/event/btc-updown-5m-1788386400,06:00-06:05,8.00,93.00,7.00,92.00,614.87,126.00,126.00,614.87,7.50,92.50,1.00,1.00,13377.39,13465.21,13460.21,13282.39,7,92,92,7,77266.24,77211.84,,
2026-09-03T06:02:40+08:00,btc-updown-5m-1788386400,https://polymarket.com/zh/event/btc-updown-5m-1788386400,06:00-06:05,8.00,93.00,7.00,92.00,572.37,31.32,31.32,565.10,7.50,92.50,1.00,1.00,13321.39,13465.21,13460.21,13291.39,7,92,92,7,77266.24,77211.84,,
2026-09-03T06:02:42+08:00,btc-updown-5m-1788386400,https://polymarket.com/zh/event/btc-updown-5m-1788386400,06:00-06:05,7.00,94.00,6.00,93.00,629.91,12.26,61.52,713.91,6.50,93.50,1.00,1.00,13189.39,13481.21,13482.21,12608.39,6,93,93,6,77266.24,77211.83,,
2026-09-03T06:02:45+08:00,btc-updown-5m-1788386400,https://polymarket.com/zh/event/btc-updown-5m-1788386400,06:00-06:05,4.00,97.00,3.00,96.00,653.54,450.32,445.32,332.64,3.50,96.50,1.00,1.00,5445.73,13394.22,13383.22,5443.73,3,96,96,3,77266.24,77195.83,,
2026-09-03T06:02:47+08:00,btc-updown-5m-1788386400,https://polymarket.com/zh/event/btc-updown-5m-1788386400,06:00-06:05,4.00,99.00,3.00,97.00,756.43,1501.80,33.26,756.23,3.50,98.00,1.00,2.00,4775.67,13388.22,13383.21,1501.80,3,96,97,1,77266.24,77181.00,,
2026-09-03T06:02:49+08:00,btc-updown-5m-1788386400,https://polymarket.com/zh/event/btc-updown-5m-1788386400,06:00-06:05,2.00,99.00,1.00,98.00,217.50,1341.67,1351.67,222.50,1.50,98.50,1.00,1.00,1351.67,13255.56,13254.56,1341.67,1,98,98,1,77266.24,77175.55,,
2026-09-03T06:02:52+08:00,btc-updown-5m-1788386400,https://polymarket.com/zh/event/btc-updown-5m-1788386400,06:00-06:05,1.00,,,99.00,1003.38,,,1003.38,,,,,,14016.56,14010.56,,0,99,99,0,77266.24,77175.54,,
2026-09-03T06:02:54+08:00,btc-updown-5m-1788386400,https://polymarket.com/zh/event/btc-updown-5m-1788386400,06:00-06:05,1.00,,,99.00,573.74,,,535.41,,,,,,13950.56,13944.56,,0,99,99,0,77266.24,77165.41,,
2026-09-03T06:02:56+08:00,btc-updown-5m-1788386400,https://polymarket.com/zh/event/btc-updown-5m-1788386400,06:00-06:05,1.00,,,99.00,481.08,,,456.08,,,,,,13944.56,13939.56,,0,99,99,0,77266.24,77170.30,,
2026-09-03T06:02:59+08:00,btc-updown-5m-1788386400,https://polymarket.com/zh/event/btc-updown-5m-1788386400,06:00-06:05,1.00,,,99.00,494.78,,,613.78,,,,,,13954.56,13954.56,,0,99,99,0,77266.24,77170.30,,
2026-09-03T06:03:01+08:00,btc-updown-5m-1788386400,https://polymarket.com/zh/event/btc-updown-5m-1788386400,06:00-06:05,1.00,,,99.00,1705.27,,,1910.46,,,,,,13960.56,13950.56,,0,99,99,0,77266.24,77171.06,,
2026-09-03T06:03:03+08:00,btc-updown-5m-1788386400,https://polymarket.com/zh/event/btc-updown-5m-1788386400,06:00-06:05,1.00,,,99.00,2189.58,,,2189.58,,,,,,13925.56,13932.56,,0,99,99,0,77266.24,77171.06,,
2026-09-03T06:03:05+08:00,btc-updown-5m-1788386400,https://polymarket.com/zh/event/btc-updown-5m-1788386400,06:00-06:05,1.00,,,99.00,2202.08,,,2202.08,,,,,,13920.56,13931.56,,0,99,99,0,77266.24,77171.06,,
2026-09-03T06:03:08+08:00,btc-updown-5m-1788386400,https://polymarket.com/zh/event/btc-updown-5m-1788386400,06:00-06:05,1.00,,,99.00,2464.68,,,2464.68,,,,,,13931.56,13932.56,,0,99,99,0,77266.24,77171.07,,
2026-09-03T06:03:10+08:00,btc-updown-5m-1788386400,https://polymarket.com/zh/event/btc-updown-5m-1788386400,06:00-06:05,1.00,,,99.00,2849.77,,,2903.74,,,,,,13935.56,13940.56,,0,99,99,0,77266.24,77171.07,,
2026-09-03T06:03:12+08:00,btc-updown-5m-1788386400,https://polymarket.com/zh/event/btc-updown-5m-1788386400,06:00-06:05,1.00,,,99.00,2587.17,,,2587.17,,,,,,13925.56,13940.56,,0,99,99,0,77266.24,77171.06,,
2026-09-03T06:03:14+08:00,btc-updown-5m-1788386400,https://polymarket.com/zh/event/btc-updown-5m-1788386400,06:00-06:05,1.00,,,99.00,2951.17,,,2251.17,,,,,,13931.56,13920.56,,0,99,99,0,77266.24,77171.07,,
2026-09-03T06:03:17+08:00,btc-updown-5m-1788386400,https://polymarket.com/zh/event/btc-updown-5m-1788386400,06:00-06:05,1.00,,,99.00,2246.17,,,2242.28,,,,,,13935.56,13925.56,,0,99,99,0,77266.24,77182.76,,
2026-09-03T06:03:19+08:00,btc-updown-5m-1788386400,https://polymarket.com/zh/event/btc-updown-5m-1788386400,06:00-06:05,1.00,,,99.00,2544.88,,,2544.88,,,,,,13920.56,13936.56,,0,99,99,0,77266.24,77182.75,,
2026-09-03T06:03:21+08:00,btc-updown-5m-1788386400,https://polymarket.com/zh/event/btc-updown-5m-1788386400,06:00-06:05,1.00,,,99.00,4586.54,,,4585.25,,,,,,13941.56,13930.56,,0,99,99,0,77266.24,77174.33,,
2026-09-03T06:03:23+08:00,btc-updown-5m-1788386400,https://polymarket.com/zh/event/btc-updown-5m-1788386400,06:00-06:05,1.00,,,99.00,5244.88,,,5244.88,,,,,,13925.56,13925.56,,0,99,99,0,77266.24,77174.33,,
2026-09-03T06:03:26+08:00,btc-updown-5m-1788386400,https://polymarket.com/zh/event/btc-updown-5m-1788386400,06:00-06:05,1.00,,,99.00,5307.42,,,5289.30,,,,,,13926.56,13925.56,,0,99,99,0,77266.24,77174.33,,
2026-09-03T06:03:28+08:00,btc-updown-5m-1788386400,https://polymarket.com/zh/event/btc-updown-5m-1788386400,06:00-06:05,1.00,,,99.00,5098.37,,,5098.37,,,,,,13936.56,13936.56,,0,99,99,0,77266.24,77174.33,,
2026-09-03T06:03:30+08:00,btc-updown-5m-1788386400,https://polymarket.com/zh/event/btc-updown-5m-1788386400,06:00-06:05,1.00,,,99.00,5101.37,,,5131.37,,,,,,13835.56,14840.56,,0,99,99,0,77266.24,77174.33,,
2026-09-03T06:03:32+08:00,btc-updown-5m-1788386400,https://polymarket.com/zh/event/btc-updown-5m-1788386400,06:00-06:05,1.00,,,99.00,5832.32,,,5832.32,,,,,,14846.56,14826.56,,0,99,99,0,77266.24,77174.33,,
2026-09-03T06:03:35+08:00,btc-updown-5m-1788386400,https://polymarket.com/zh/event/btc-updown-5m-1788386400,06:00-06:05,1.00,,,99.00,6105.26,,,6105.26,,,,,,14830.56,14820.56,,0,99,99,0,77266.24,77174.33,,
2026-09-03T06:03:37+08:00,btc-updown-5m-1788386400,https://polymarket.com/zh/event/btc-updown-5m-1788386400,06:00-06:05,1.00,,,99.00,6235.26,,,6235.26,,,,,,14826.56,14830.56,,0,99,99,0,77266.24,77174.32,,
2026-09-03T06:03:39+08:00,btc-updown-5m-1788386400,https://polymarket.com/zh/event/btc-updown-5m-1788386400,06:00-06:05,1.00,,,99.00,6240.26,,,6237.59,,,,,,14825.56,14820.56,,0,99,99,0,77266.24,77174.32,,
2026-09-03T06:03:41+08:00,btc-updown-5m-1788386400,https://polymarket.com/zh/event/btc-updown-5m-1788386400,06:00-06:05,1.00,,,99.00,6277.59,,,6277.59,,,,,,14825.56,14825.56,,0,99,99,0,77266.24,77174.33,,
2026-09-03T06:03:44+08:00,btc-updown-5m-1788386400,https://polymarket.com/zh/event/btc-updown-5m-1788386400,06:00-06:05,1.00,,,99.00,9828.54,,,9828.54,,,,,,14825.56,14831.56,,0,99,99,0,77266.24,77174.32,,
2026-09-03T06:03:46+08:00,btc-updown-5m-1788386400,https://polymarket.com/zh/event/btc-updown-5m-1788386400,06:00-06:05,1.00,,,99.00,9913.54,,,9913.54,,,,,,14826.56,14820.56,,0,99,99,0,77266.24,77174.32,,
2026-09-03T06:03:48+08:00,btc-updown-5m-1788386400,https://polymarket.com/zh/event/btc-updown-5m-1788386400,06:00-06:05,1.00,,,99.00,9718.93,,,9711.99,,,,,,14830.56,14825.56,,0,99,99,0,77266.24,77174.32,,
2026-09-03T06:03:50+08:00,btc-updown-5m-1788386400,https://polymarket.com/zh/event/btc-updown-5m-1788386400,06:00-06:05,1.00,,,99.00,9599.00,,,9599.00,,,,,,14831.56,14820.56,,0,99,99,0,77266.24,77174.32,,
2026-09-03T06:03:53+08:00,btc-updown-5m-1788386400,https://polymarket.com/zh/event/btc-updown-5m-1788386400,06:00-06:05,1.00,,,99.00,10364.00,,,10364.00,,,,,,14836.46,14831.46,,0,99,99,0,77266.24,77174.33,,
2026-09-03T06:03:55+08:00,btc-updown-5m-1788386400,https://polymarket.com/zh/event/btc-updown-5m-1788386400,06:00-06:05,1.00,,,99.00,10070.10,,,10070.10,,,,,,13904.87,13919.87,,0,99,99,0,77266.24,77174.33,,
2026-09-03T06:03:57+08:00,btc-updown-5m-1788386400,https://polymarket.com/zh/event/btc-updown-5m-1788386400,06:00-06:05,1.00,,,99.00,10831.48,,,10831.48,,,,,,6812.74,6812.74,,0,99,99,0,77266.24,77174.33,,
2026-09-03T06:04:00+08:00,btc-updown-5m-1788386400,https://polymarket.com/zh/event/btc-updown-5m-1788386400,06:00-06:05,1.00,,,99.00,11016.14,,,11016.14,,,,,,6811.74,6812.74,,0,99,99,0,77266.24,77174.33,,
2026-09-03T06:04:02+08:00,btc-updown-5m-1788386400,https://polymarket.com/zh/event/btc-updown-5m-1788386400,06:00-06:05,1.00,,,99.00,13145.39,,,13325.39,,,,,,6756.74,6762.74,,0,99,99,0,77266.24,77174.33,,
2026-09-03T06:04:04+08:00,btc-updown-5m-1788386400,https://polymarket.com/zh/event/btc-updown-5m-1788386400,06:00-06:05,1.00,,,99.00,13341.14,,,13341.14,,,,,,6777.74,6756.74,,0,99,99,0,77266.24,77174.33,,
2026-09-03T06:04:06+08:00,btc-updown-5m-1788386400,https://polymarket.com/zh/event/btc-updown-5m-1788386400,06:00-06:05,1.00,,,99.00,13622.25,,,13622.25,,,,,,6756.74,6751.74,,0,99,99,0,77266.24,77174.33,,
2026-09-03T06:04:09+08:00,btc-updown-5m-1788386400,https://polymarket.com/zh/event/btc-updown-5m-1788386400,06:00-06:05,1.00,,,99.00,13622.25,,,13694.25,,,,,,6751.74,6761.74,,0,99,99,0,77266.24,77177.55,,
2026-09-03T06:04:11+08:00,btc-updown-5m-1788386400,https://polymarket.com/zh/event/btc-updown-5m-1788386400,06:00-06:05,1.00,,,99.00,13904.25,,,13904.25,,,,,,6762.64,6752.64,,0,99,99,0,77266.24,77177.54,,
2026-09-03T06:04:13+08:00,btc-updown-5m-1788386400,https://polymarket.com/zh/event/btc-updown-5m-1788386400,06:00-06:05,1.00,,,99.00,13909.25,,,13909.25,,,,,,6751.64,6746.64,,0,99,99,0,77266.24,77177.54,,
2026-09-03T06:04:15+08:00,btc-updown-5m-1788386400,https://polymarket.com/zh/event/btc-updown-5m-1788386400,06:00-06:05,1.00,,,99.00,17824.25,,,17824.25,,,,,,6762.64,6783.57,,0,99,99,0,77266.24,77177.61,,
2026-09-03T06:04:18+08:00,btc-updown-5m-1788386400,https://polymarket.com/zh/event/btc-updown-5m-1788386400,06:00-06:05,1.00,,,99.00,18218.39,,,18218.39,,,,,,6689.57,6663.57,,0,99,99,0,77266.24,77171.08,,
2026-09-03T06:04:20+08:00,btc-updown-5m-1788386400,https://polymarket.com/zh/event/btc-updown-5m-1788386400,06:00-06:05,1.00,,,99.00,19518.39,,,19528.39,,,,,,6674.57,6674.57,,0,99,99,0,77266.24,77171.08,,
2026-09-03T06:04:22+08:00,btc-updown-5m-1788386400,https://polymarket.com/zh/event/btc-updown-5m-1788386400,06:00-06:05,1.00,,,99.00,19619.74,,,19439.74,,,,,,6674.57,6668.57,,0,99,99,0,77266.24,77171.08,,
2026-09-03T06:04:24+08:00,btc-updown-5m-1788386400,https://polymarket.com/zh/event/btc-updown-5m-1788386400,06:00-06:05,1.00,,,99.00,19429.88,,,19429.88,,,,,,6674.57,6663.57,,0,99,99,0,77266.24,77171.08,,
2026-09-03T06:04:27+08:00,btc-updown-5m-1788386400,https://polymarket.com/zh/event/btc-updown-5m-1788386400,06:00-06:05,1.00,,,99.00,19639.88,,,19639.88,,,,,,6648.57,6653.57,,0,99,99,0,77266.24,77171.08,,
2026-09-03T06:04:29+08:00,btc-updown-5m-1788386400,https://polymarket.com/zh/event/btc-updown-5m-1788386400,06:00-06:05,1.00,,,99.00,23146.84,,,23146.84,,,,,,6668.57,6654.57,,0,99,99,0,77266.24,77171.07,,
2026-09-03T06:04:31+08:00,btc-updown-5m-1788386400,https://polymarket.com/zh/event/btc-updown-5m-1788386400,06:00-06:05,1.00,,,99.00,35905.77,,,35910.82,,,,,,6651.22,6651.22,,0,99,99,0,77266.24,77171.07,,
2026-09-03T06:04:33+08:00,btc-updown-5m-1788386400,https://polymarket.com/zh/event/btc-updown-5m-1788386400,06:00-06:05,1.00,,,99.00,35960.74,,,35960.74,,,,,,6262.22,6256.22,,0,99,99,0,77266.24,77171.07,,
2026-09-03T06:04:36+08:00,btc-updown-5m-1788386400,https://polymarket.com/zh/event/btc-updown-5m-1788386400,06:00-06:05,1.00,,,99.00,36000.74,,,36021.94,,,,,,6271.22,6266.22,,0,99,99,0,77266.24,77171.07,,
2026-09-03T06:04:38+08:00,btc-updown-5m-1788386400,https://polymarket.com/zh/event/btc-updown-5m-1788386400,06:00-06:05,1.00,,,99.00,36099.35,,,36099.35,,,,,,6261.22,6277.22,,0,99,99,0,77266.24,77171.07,,
2026-09-03T06:04:40+08:00,btc-updown-5m-1788386400,https://polymarket.com/zh/event/btc-updown-5m-1788386400,06:00-06:05,1.00,,,99.00,36139.40,,,36144.40,,,,,,6252.20,6246.20,,0,99,99,0,77266.24,77165.41,,
2026-09-03T06:04:42+08:00,btc-updown-5m-1788386400,https://polymarket.com/zh/event/btc-updown-5m-1788386400,06:00-06:05,1.00,,,99.00,36346.40,,,36036.30,,,,,,6256.20,6241.20,,0,99,99,0,77266.24,77165.41,,
2026-09-03T06:04:45+08:00,btc-updown-5m-1788386400,https://polymarket.com/zh/event/btc-updown-5m-1788386400,06:00-06:05,1.00,,,99.00,36065.10,,,41317.10,,,,,,6251.20,6241.20,,0,99,99,0,77266.24,77165.83,,
2026-09-03T06:04:49+08:00,btc-updown-5m-1788386400,https://polymarket.com/zh/event/btc-updown-5m-1788386400,06:00-06:05,1.00,,,99.00,41466.15,,,41466.15,,,,,,6267.20,6247.20,,0,99,99,0,77266.24,77165.83,,
2026-09-03T06:04:51+08:00,btc-updown-5m-1788386400,https://polymarket.com/zh/event/btc-updown-5m-1788386400,06:00-06:05,0.10,,,99.90,21511.38,,,21511.38,,,,,,6127.20,6120.20,,0,107,108,0,77266.24,77165.83,,
2026-09-03T06:04:53+08:00,btc-updown-5m-1788386400,https://polymarket.com/zh/event/btc-updown-5m-1788386400,06:00-06:05,0.10,,,99.90,24861.28,,,24861.28,,,,,,6110.20,6126.20,,0,107,107,0,77266.24,77165.83,,
2026-09-03T06:04:56+08:00,btc-updown-5m-1788386400,https://polymarket.com/zh/event/btc-updown-5m-1788386400,06:00-06:05,0.10,,,99.90,26945.28,,,26945.28,,,,,,5872.20,5878.20,,0,109,109,0,77266.24,77165.83,,
2026-09-03T06:04:58+08:00,btc-updown-5m-1788386400,https://polymarket.com/zh/event/btc-updown-5m-1788386400,06:00-06:05,0.10,,,99.90,26945.28,,,26945.28,,,,,,6352.20,6347.20,,0,108,108,0,77266.24,77165.82,,
2026-09-03T06:05:00+08:00,btc-updown-5m-1788386700,https://polymarket.com/zh/event/btc-updown-5m-1788386700,06:05-06:10,43.00,58.00,42.00,57.00,958.67,91.48,91.48,958.67,42.50,57.50,1.00,1.00,139785.38,139948.90,139868.90,139905.38,37,57,57,37,77155.27,77155.26,,
2026-09-03T06:05:03+08:00,btc-updown-5m-1788386700,https://polymarket.com/zh/event/btc-updown-5m-1788386700,06:05-06:10,36.00,65.00,35.00,64.00,373.18,177.96,127.96,398.40,35.50,64.50,1.00,1.00,25861.36,25703.88,25693.88,25971.36,35,64,64,35,77155.27,77151.01,,
2026-09-03T06:05:05+08:00,btc-updown-5m-1788386700,https://polymarket.com/zh/event/btc-updown-5m-1788386700,06:05-06:10,39.00,68.00,38.00,66.00,444.76,54.92,10.00,25.00,38.50,67.00,1.00,2.00,26189.36,26246.88,26268.89,26174.36,37,61,66,32,77155.27,77151.00,,
2026-09-03T06:05:07+08:00,btc-updown-5m-1788386700,https://polymarket.com/zh/event/btc-updown-5m-1788386700,06:05-06:10,33.00,68.00,32.00,67.00,355.75,76.70,89.70,343.20,32.50,67.50,1.00,1.00,26343.36,26384.21,26404.21,26408.36,32,67,67,32,77155.27,77140.00,,
2026-09-03T06:05:09+08:00,btc-updown-5m-1788386700,https://polymarket.com/zh/event/btc-updown-5m-1788386700,06:05-06:10,28.00,75.00,26.00,74.00,200.00,120.00,24.00,169.48,27.00,74.50,2.00,1.00,24471.36,24419.21,24445.22,24486.36,26,71,74,25,77155.27,77140.03,,
2026-09-03T06:05:12+08:00,btc-updown-5m-1788386700,https://polymarket.com/zh/event/btc-updown-5m-1788386700,06:05-06:10,27.00,74.00,26.00,73.00,153.00,138.59,138.59,203.00,26.50,73.50,1.00,1.00,24526.36,24492.06,24508.06,24536.36,26,73,73,26,77155.27,77136.35,,
2026-09-03T06:05:14+08:00,btc-updown-5m-1788386700,https://polymarket.com/zh/event/btc-updown-5m-1788386700,06:05-06:10,26.00,75.00,25.00,74.00,202.80,132.25,132.25,212.80,25.50,74.50,1.00,1.00,24504.36,24482.06,24472.06,24514.36,25,74,74,25,77155.27,77138.01,,
2026-09-03T06:05:16+08:00,btc-updown-5m-1788386700,https://polymarket.com/zh/event/btc-updown-5m-1788386700,06:05-06:10,24.00,77.00,23.00,76.00,150.91,317.89,312.89,138.41,23.50,76.50,1.00,1.00,26735.88,24286.55,24328.95,26768.28,23,76,76,23,77155.27,77124.85,,
2026-09-03T06:05:18+08:00,btc-updown-5m-1788386700,https://polymarket.com/zh/event/btc-updown-5m-1788386700,06:05-06:10,25.00,76.00,24.00,75.00,327.82,259.44,259.44,45.00,24.50,75.50,1.00,1.00,26248.28,24029.65,23780.65,26023.28,24,75,75,24,77155.27,77124.85,,
2026-09-03T06:05:21+08:00,btc-updown-5m-1788386700,https://polymarket.com/zh/event/btc-updown-5m-1788386700,06:05-06:10,25.00,76.00,24.00,75.00,174.31,200.95,200.95,143.08,24.50,75.50,1.00,1.00,24833.28,22554.65,22335.65,24588.28,24,75,75,24,77155.27,77124.84,,
2026-09-03T06:05:23+08:00,btc-updown-5m-1788386700,https://polymarket.com/zh/event/btc-updown-5m-1788386700,06:05-06:10,25.00,76.00,24.00,75.00,490.80,81.93,133.25,495.80,24.50,75.50,1.00,1.00,24588.28,22334.65,22335.65,24588.28,24,75,75,24,77155.27,77124.84,,
2026-09-03T06:05:25+08:00,btc-updown-5m-1788386700,https://polymarket.com/zh/event/btc-updown-5m-1788386700,06:05-06:10,25.00,76.00,24.00,75.00,203.11,58.94,63.94,176.71,24.50,75.50,1.00,1.00,23609.95,22095.65,22075.65,23619.95,24,75,75,24,77155.27,77124.84,,
2026-09-03T06:05:27+08:00,btc-updown-5m-1788386700,https://polymarket.com/zh/event/btc-updown-5m-1788386700,06:05-06:10,24.00,77.00,23.00,76.00,499.35,125.37,125.37,494.35,23.50,76.50,1.00,1.00,23404.95,22156.62,22154.63,23399.95,23,76,76,23,77155.27,77124.84,,
2026-09-03T06:05:30+08:00,btc-updown-5m-1788386700,https://polymarket.com/zh/event/btc-updown-5m-1788386700,06:05-06:10,24.00,77.00,23.00,76.00,444.50,69.68,151.92,485.50,23.50,76.50,1.00,1.00,22919.95,21670.62,21661.62,22914.95,23,76,76,23,77155.27,77124.84,,
2026-09-03T06:05:32+08:00,btc-updown-5m-1788386700,https://polymarket.com/zh/event/btc-updown-5m-1788386700,06:05-06:10,23.00,78.00,22.00,77.00,308.49,37.80,52.80,413.51,22.50,77.50,1.00,1.00,22159.95,20904.62,20910.62,22154.95,22,77,77,22,77155.27,77124.85,,
2026-09-03T06:05:34+08:00,btc-updown-5m-1788386700,https://polymarket.com/zh/event/btc-updown-5m-1788386700,06:05-06:10,23.00,78.00,22.00,77.00,87.51,214.40,151.91,22.00,22.50,77.50,1.00,1.00,22002.95,20660.62,20664.62,21997.95,22,77,77,22,77155.27,77124.85,,
2026-09-03T06:05:36+08:00,btc-updown-5m-1788386700,https://polymarket.com/zh/event/btc-updown-5m-1788386700,06:05-06:10,23.00,78.00,22.00,77.00,153.11,172.74,184.88,153.11,22.50,77.50,1.00,1.00,21978.95,20655.62,20661.63,21983.95,22,77,77,22,77155.27,77124.85,,
2026-09-03T06:05:39+08:00,btc-updown-5m-1788386700,https://polymarket.com/zh/event/btc-updown-5m-1788386700,06:05-06:10,23.00,78.00,22.00,77.00,170.74,220.52,220.52,175.74,22.50,77.50,1.00,1.00,21978.95,20635.62,20630.62,21998.95,22,77,77,22,77155.27,77124.84,,
2026-09-03T06:05:41+08:00,btc-updown-5m-1788386700,https://polymarket.com/zh/event/btc-updown-5m-1788386700,06:05-06:10,23.00,78.00,22.00,77.00,411.39,53.93,53.93,403.15,22.50,77.50,1.00,1.00,22043.95,20644.62,20660.62,22038.95,22,77,77,22,77155.27,77124.84,,
2026-09-03T06:05:44+08:00,btc-updown-5m-1788386700,https://polymarket.com/zh/event/btc-updown-5m-1788386700,06:05-06:10,22.00,79.00,21.00,78.00,605.27,125.70,75.70,560.27,21.50,78.50,1.00,1.00,22023.05,20692.72,20708.72,22053.05,21,78,78,21,77155.27,77124.84,,
2026-09-03T06:05:46+08:00,btc-updown-5m-1788386700,https://polymarket.com/zh/event/btc-updown-5m-1788386700,06:05-06:10,22.00,79.00,21.00,78.00,372.60,149.33,149.33,360.32,21.50,78.50,1.00,1.00,22003.15,20713.72,20696.72,22003.15,21,78,78,21,77155.27,77124.85,,
2026-09-03T06:05:48+08:00,btc-updown-5m-1788386700,https://polymarket.com/zh/event/btc-updown-5m-1788386700,06:05-06:10,22.00,79.00,21.00,78.00,377.49,147.03,147.03,356.67,21.50,78.50,1.00,1.00,21998.15,20676.72,20686.72,21993.15,21,78,78,21,77155.27,77124.85,,
2026-09-03T06:05:50+08:00,btc-updown-5m-1788386700,https://polymarket.com/zh/event/btc-updown-5m-1788386700,06:05-06:10,22.00,80.00,21.00,79.00,1064.71,1765.84,25.70,93.33,21.50,79.50,1.00,1.00,21794.15,20511.82,20521.82,21789.15,21,78,79,20,77155.27,77124.85,,
2026-09-03T06:05:53+08:00,btc-updown-5m-1788386700,https://polymarket.com/zh/event/btc-updown-5m-1788386700,06:05-06:10,21.00,80.00,20.00,79.00,103.94,1639.99,1639.99,103.94,20.50,79.50,1.00,1.00,21807.15,20501.82,20496.82,21812.15,20,79,79,20,77155.27,77124.85,,
2026-09-03T06:05:55+08:00,btc-updown-5m-1788386700,https://polymarket.com/zh/event/btc-updown-5m-1788386700,06:05-06:10,21.00,80.00,20.00,79.00,133.94,1658.31,1658.31,133.94,20.50,79.50,1.00,1.00,21622.15,20266.82,20282.82,21617.15,20,79,79,20,77155.27,77124.85,,
2026-09-03T06:05:57+08:00,btc-updown-5m-1788386700,https://polymarket.com/zh/event/btc-updown-5m-1788386700,06:05-06:10,22.00,79.00,21.00,78.00,846.12,255.70,255.70,771.90,21.50,78.50,1.00,1.00,21321.15,20002.82,20001.82,21316.15,21,78,78,21,77155.27,77124.85,,
2026-09-03T06:06:00+08:00,btc-updown-5m-1788386700,https://polymarket.com/zh/event/btc-updown-5m-1788386700,06:05-06:10,22.00,79.00,21.00,78.00,1020.04,175.00,165.00,1009.40,21.50,78.50,1.00,1.00,21337.15,20001.82,19782.82,21102.15,21,78,78,21,77155.27,77124.85,,
2026-09-03T06:06:02+08:00,btc-updown-5m-1788386700,https://polymarket.com/zh/event/btc-updown-5m-1788386700,06:05-06:10,22.00,79.00,21.00,78.00,1138.40,38.73,54.43,1138.40,21.50,78.50,1.00,1.00,16827.15,15426.83,15153.83,16554.15,21,78,78,21,77155.27,77124.85,,
2026-09-03T06:06:04+08:00,btc-updown-5m-1788386700,https://polymarket.com/zh/event/btc-updown-5m-1788386700,06:05-06:10,21.00,80.00,20.00,79.00,119.32,1586.95,1586.95,109.32,20.50,79.50,1.00,1.00,16570.15,15179.82,15179.82,16575.15,20,79,79,20,77155.27,77124.84,,
2026-09-03T06:06:06+08:00,btc-updown-5m-1788386700,https://polymarket.com/zh/event/btc-updown-5m-1788386700,06:05-06:10,21.00,80.00,20.00,79.00,50.27,1575.70,1575.70,120.27,20.50,79.50,1.00,1.00,16294.15,14894.82,14884.82,16299.15,20,79,79,20,77155.27,77124.84,,
2026-09-03T06:06:09+08:00,btc-updown-5m-1788386700,https://polymarket.com/zh/event/btc-updown-5m-1788386700,06:05-06:10,26.00,72.00,24.00,69.00,34.31,41.80,244.85,22.00,25.00,70.50,2.00,3.00,15929.15,14709.82,14719.82,15939.68,24,74,69,28,77155.27,77124.84,,
2026-09-03T06:06:11+08:00,btc-updown-5m-1788386700,https://polymarket.com/zh/event/btc-updown-5m-1788386700,06:05-06:10,22.00,79.00,21.00,78.00,375.53,14.37,46.05,418.12,21.50,78.50,1.00,1.00,16776.28,14680.82,14663.82,16771.28,21,78,78,21,77155.27,77144.34,,
2026-09-03T06:06:13+08:00,btc-updown-5m-1788386700,https://polymarket.com/zh/event/btc-updown-5m-1788386700,06:05-06:10,21.00,80.00,20.00,79.00,379.14,1183.68,1241.68,404.14,20.50,79.50,1.00,1.00,16614.28,14683.82,14678.82,16307.61,20,79,79,20,77155.27,77131.83,,
2026-09-03T06:06:15+08:00,btc-updown-5m-1788386700,https://polymarket.com/zh/event/btc-updown-5m-1788386700,06:05-06:10,17.00,84.00,16.00,83.00,349.62,166.41,191.10,335.42,16.50,83.50,1.00,1.00,17139.03,14668.82,14685.82,17109.03,16,83,83,16,77155.27,77128.88,,
2026-09-03T06:06:18+08:00,btc-updown-5m-1788386700,https://polymarket.com/zh/event/btc-updown-5m-1788386700,06:05-06:10,15.00,86.00,14.00,85.00,211.31,117.49,159.12,275.91,14.50,85.50,1.00,1.00,17749.43,14677.49,14693.49,17592.43,14,85,85,14,77155.27,77128.88,,
2026-09-03T06:06:20+08:00,btc-updown-5m-1788386700,https://polymarket.com/zh/event/btc-updown-5m-1788386700,06:05-06:10,15.00,86.00,14.00,85.00,242.22,144.00,144.00,202.22,14.50,85.50,1.00,1.00,18019.43,14692.49,14672.49,18064.23,14,85,85,14,77155.27,77121.90,,
2026-09-03T06:06:22+08:00,btc-updown-5m-1788386700,https://polymarket.com/zh/event/btc-updown-5m-1788386700,06:05-06:10,15.00,88.00,13.00,87.00,597.41,4.00,104.20,224.85,14.00,87.50,2.00,1.00,16851.97,14693.50,14703.50,18780.23,13,85,87,12,77155.27,77114.71,,
2026-09-03T06:06:25+08:00,btc-updown-5m-1788386700,https://polymarket.com/zh/event/btc-updown-5m-1788386700,06:05-06:10,11.00,90.00,10.00,89.00,131.00,165.94,195.94,125.00,10.50,89.50,1.00,1.00,18229.17,14669.49,14660.49,18239.17,10,89,89,10,77155.27,77114.71,,
2026-09-03T06:06:27+08:00,btc-updown-5m-1788386700,https://polymarket.com/zh/event/btc-updown-5m-1788386700,06:05-06:10,10.00,91.00,9.00,90.00,243.09,70.87,70.87,190.89,9.50,90.50,1.00,1.00,18799.14,14654.49,14655.49,18784.14,9,90,90,9,77155.27,77108.50,,
2026-09-03T06:06:29+08:00,btc-updown-5m-1788386700,https://polymarket.com/zh/event/btc-updown-5m-1788386700,06:05-06:10,9.00,92.00,8.00,91.00,90.00,513.81,513.81,89.68,8.50,91.50,1.00,1.00,18954.14,14669.49,14660.49,18934.14,8,91,91,8,77155.27,77108.50,,
2026-09-03T06:06:32+08:00,btc-updown-5m-1788386700,https://polymarket.com/zh/event/btc-updown-5m-1788386700,06:05-06:10,10.00,91.00,9.00,90.00,252.88,186.76,186.76,242.88,9.50,90.50,1.00,1.00,18093.63,13923.49,13913.49,18248.63,9,90,90,9,77155.27,77108.50,,
2026-09-03T06:06:34+08:00,btc-updown-5m-1788386700,https://polymarket.com/zh/event/btc-updown-5m-1788386700,06:05-06:10,9.00,92.00,8.00,91.00,69.00,363.64,413.64,119.00,8.50,91.50,1.00,1.00,18238.63,13924.49,13924.49,18228.63,8,91,91,8,77155.27,77108.50,,
2026-09-03T06:06:36+08:00,btc-updown-5m-1788386700,https://polymarket.com/zh/event/btc-updown-5m-1788386700,06:05-06:10,9.00,92.00,8.00,91.00,151.18,189.87,189.87,151.18,8.50,91.50,1.00,1.00,18264.50,13923.49,13923.49,18259.50,8,91,91,8,77155.27,77108.50,,
2026-09-03T06:06:38+08:00,btc-updown-5m-1788386700,https://polymarket.com/zh/event/btc-updown-5m-1788386700,06:05-06:10,9.00,92.00,8.00,91.00,73.44,266.37,266.37,23.44,8.50,91.50,1.00,1.00,18269.50,13923.50,13929.50,18304.65,8,91,91,8,77155.27,77108.50,,
2026-09-03T06:06:41+08:00,btc-updown-5m-1788386700,https://polymarket.com/zh/event/btc-updown-5m-1788386700,06:05-06:10,9.00,92.00,8.00,91.00,293.33,152.70,62.70,218.33,8.50,91.50,1.00,1.00,18254.65,13908.49,13888.49,18312.05,8,91,91,8,77155.27,77108.50,,
2026-09-03T06:06:43+08:00,btc-updown-5m-1788386700,https://polymarket.com/zh/event/btc-updown-5m-1788386700,06:05-06:10,9.00,92.00,8.00,91.00,269.18,57.70,79.63,158.06,8.50,91.50,1.00,1.00,16865.72,13894.49,13893.49,17559.05,8,91,91,8,77155.27,77108.50,,
2026-09-03T06:06:45+08:00,btc-updown-5m-1788386700,https://polymarket.com/zh/event/btc-updown-5m-1788386700,06:05-06:10,9.00,92.00,8.00,91.00,127.91,353.70,146.07,27.21,8.50,91.50,1.00,1.00,18288.38,13914.49,13898.49,18323.38,8,91,91,8,77155.27,77108.50,,
2026-09-03T06:06:47+08:00,btc-updown-5m-1788386700,https://polymarket.com/zh/event/btc-updown-5m-1788386700,06:05-06:10,9.00,92.00,8.00,91.00,64.56,290.45,265.45,64.56,8.50,91.50,1.00,1.00,18318.38,13898.50,13908.49,18313.38,8,91,91,8,77155.27,77108.73,,
2026-09-03T06:06:50+08:00,btc-updown-5m-1788386700,https://polymarket.com/zh/event/btc-updown-5m-1788386700,06:05-06:10,11.00,90.00,10.00,89.00,224.90,366.61,366.61,224.90,10.50,89.50,1.00,1.00,18493.27,13904.49,13909.50,18493.27,10,89,89,10,77155.27,77108.73,,
2026-09-03T06:06:52+08:00,btc-updown-5m-1788386700,https://polymarket.com/zh/event/btc-updown-5m-1788386700,06:05-06:10,11.00,90.00,10.00,89.00,338.26,173.88,173.88,338.26,10.50,89.50,1.00,1.00,18522.37,13898.49,13893.49,18527.37,10,89,89,10,77155.27,77108.75,,
2026-09-03T06:06:54+08:00,btc-updown-5m-1788386700,https://polymarket.com/zh/event/btc-updown-5m-1788386700,06:05-06:10,9.00,93.00,8.00,92.00,310.56,259.11,148.91,188.33,8.50,92.50,1.00,1.00,18048.96,13930.49,13908.49,18053.96,8,91,92,7,77155.27,77109.73,,
2026-09-03T06:06:56+08:00,btc-updown-5m-1788386700,https://polymarket.com/zh/event/btc-updown-5m-1788386700,06:05-06:10,8.00,93.00,7.00,92.00,199.17,36.00,36.00,224.17,7.50,92.50,1.00,1.00,17917.85,13923.49,13923.49,17912.85,7,92,92,7,77155.27,77109.74,,
2026-09-03T06:06:59+08:00,btc-updown-5m-1788386700,https://polymarket.com/zh/event/btc-updown-5m-1788386700,06:05-06:10,8.00,93.00,7.00,92.00,356.80,20.95,20.95,356.80,7.50,92.50,1.00,1.00,17418.96,13928.49,13928.49,17478.96,7,92,92,7,77155.27,77109.73,,
2026-09-03T06:07:01+08:00,btc-updown-5m-1788386700,https://polymarket.com/zh/event/btc-updown-5m-1788386700,06:05-06:10,7.00,94.00,6.00,93.00,221.12,372.36,412.50,221.12,6.50,93.50,1.00,1.00,17983.96,13800.49,13795.49,18028.96,6,93,93,6,77155.27,77109.73,,
2026-09-03T06:07:03+08:00,btc-updown-5m-1788386700,https://polymarket.com/zh/event/btc-updown-5m-1788386700,06:05-06:10,7.00,94.00,6.00,93.00,166.12,453.95,453.95,108.26,6.50,93.50,1.00,1.00,17933.96,13736.49,13735.49,17933.96,6,93,93,6,77155.27,77109.74,,
2026-09-03T06:07:06+08:00,btc-updown-5m-1788386700,https://polymarket.com/zh/event/btc-updown-5m-1788386700,06:05-06:10,8.00,93.00,7.00,92.00,341.91,85.01,85.01,329.41,7.50,92.50,1.00,1.00,17867.85,13740.49,13735.49,17872.85,7,92,92,7,77155.27,77109.74,,
2026-09-03T06:07:08+08:00,btc-updown-5m-1788386700,https://polymarket.com/zh/event/btc-updown-5m-1788386700,06:05-06:10,7.00,94.00,6.00,93.00,205.65,459.05,459.05,160.65,6.50,93.50,1.00,1.00,17932.85,13726.49,13731.49,17932.85,6,93,93,6,77155.27,77109.74,,
2026-09-03T06:07:10+08:00,btc-updown-5m-1788386700,https://polymarket.com/zh/event/btc-updown-5m-1788386700,06:05-06:10,7.00,94.00,6.00,93.00,241.88,261.57,409.57,313.32,6.50,93.50,1.00,1.00,17867.85,13710.49,13710.49,17255.15,6,93,93,6,77155.27,77109.74,,
2026-09-03T06:07:12+08:00,btc-updown-5m-1788386700,https://polymarket.com/zh/event/btc-updown-5m-1788386700,06:05-06:10,7.00,94.00,6.00,93.00,367.82,61.66,61.66,400.65,6.50,93.50,1.00,1.00,16378.00,13746.49,13751.49,16361.60,6,93,93,6,77155.27,77109.74,,
2026-09-03T06:07:15+08:00,btc-updown-5m-1788386700,https://polymarket.com/zh/event/btc-updown-5m-1788386700,06:05-06:10,7.00,94.00,6.00,93.00,342.00,190.59,190.59,342.00,6.50,93.50,1.00,1.00,16546.70,13705.49,13710.49,16541.70,6,93,93,6,77155.27,77109.74,,
2026-09-03T06:07:17+08:00,btc-updown-5m-1788386700,https://polymarket.com/zh/event/btc-updown-5m-1788386700,06:05-06:10,7.00,94.00,6.00,93.00,294.71,189.52,262.52,294.71,6.50,93.50,1.00,1.00,16421.70,13675.50,13670.49,16331.70,6,93,93,6,77155.27,77109.74,,
2026-09-03T06:07:19+08:00,btc-updown-5m-1788386700,https://polymarket.com/zh/event/btc-updown-5m-1788386700,06:05-06:10,7.00,94.00,6.00,93.00,339.71,231.52,231.52,354.71,6.50,93.50,1.00,1.00,16201.04,13687.50,13695.50,16186.04,6,93,93,6,77155.27,77109.74,,
2026-09-03T06:07:22+08:00,btc-updown-5m-1788386700,https://polymarket.com/zh/event/btc-updown-5m-1788386700,06:05-06:10,7.00,94.00,6.00,93.00,231.64,236.52,246.52,261.64,6.50,93.50,1.00,1.00,16170.04,13676.49,13670.50,16181.04,6,93,93,6,77155.27,77109.74,,
2026-09-03T06:07:24+08:00,btc-updown-5m-1788386700,https://polymarket.com/zh/event/btc-updown-5m-1788386700,06:05-06:10,7.00,94.00,6.00,93.00,433.98,68.08,68.08,470.61,6.50,93.50,1.00,1.00,15925.34,13670.49,13670.49,16075.34,6,93,93,6,77155.27,77109.74,,
2026-09-03T06:07:26+08:00,btc-updown-5m-1788386700,https://polymarket.com/zh/event/btc-updown-5m-1788386700,06:05-06:10,7.00,94.00,6.00,93.00,467.52,42.01,42.01,467.52,6.50,93.50,1.00,1.00,16083.04,13711.49,13690.49,16065.04,6,93,93,6,77155.27,77109.74,,
2026-09-03T06:07:28+08:00,btc-updown-5m-1788386700,https://polymarket.com/zh/event/btc-updown-5m-1788386700,06:05-06:10,7.00,94.00,6.00,93.00,466.52,15.00,51.69,466.52,6.50,93.50,1.00,1.00,15970.15,13676.49,13671.49,15278.11,6,93,93,6,77155.27,77109.74,,
2026-09-03T06:07:30+08:00,btc-updown-5m-1788386700,https://polymarket.com/zh/event/btc-updown-5m-1788386700,06:05-06:10,6.00,94.00,5.00,93.00,186.99,259.33,199.53,84.54,5.50,93.50,1.00,1.00,15800.03,13680.49,13686.49,17268.06,5,94,93,6,77155.27,77109.74,,
2026-09-03T06:07:33+08:00,btc-updown-5m-1788386700,https://polymarket.com/zh/event/btc-updown-5m-1788386700,06:05-06:10,7.00,94.00,6.00,93.00,85.00,264.10,269.10,140.00,6.50,93.50,1.00,1.00,16638.79,13705.49,13701.49,16659.79,6,93,93,6,77155.27,77114.70,,
2026-09-03T06:07:35+08:00,btc-updown-5m-1788386700,https://polymarket.com/zh/event/btc-updown-5m-1788386700,06:05-06:10,10.00,91.00,9.00,90.00,126.76,203.90,140.90,101.76,9.50,90.50,1.00,1.00,16848.00,13711.49,13725.50,16683.00,9,90,90,9,77155.27,77118.81,,
2026-09-03T06:07:37+08:00,btc-updown-5m-1788386700,https://polymarket.com/zh/event/btc-updown-5m-1788386700,06:05-06:10,10.00,91.00,9.00,90.00,318.63,10.32,10.32,258.51,9.50,90.50,1.00,1.00,16843.00,13712.49,13705.49,16838.00,9,90,90,9,77155.27,77121.90,,
2026-09-03T06:07:39+08:00,btc-updown-5m-1788386700,https://polymarket.com/zh/event/btc-updown-5m-1788386700,06:05-06:10,12.00,89.00,11.00,88.00,185.84,38.26,38.26,209.84,11.50,88.50,1.00,1.00,16765.76,13416.52,13410.52,16769.76,11,88,88,11,77155.27,77132.65,,
2026-09-03T06:07:42+08:00,btc-updown-5m-1788386700,https://polymarket.com/zh/event/btc-updown-5m-1788386700,06:05-06:10,11.00,90.00,10.00,89.00,186.83,498.40,99.88,194.04,10.50,89.50,1.00,1.00,16997.08,13407.52,13405.52,17013.08,10,89,89,10,77155.27,77132.66,,
2026-09-03T06:07:44+08:00,btc-updown-5m-1788386700,https://polymarket.com/zh/event/btc-updown-5m-1788386700,06:05-06:10,10.00,91.00,9.00,90.00,277.82,25.45,37.78,227.59,9.50,90.50,1.00,1.00,16923.23,13405.53,13400.52,16783.23,9,90,90,9,77155.27,77132.65,,
2026-09-03T06:07:46+08:00,btc-updown-5m-1788386700,https://polymarket.com/zh/event/btc-updown-5m-1788386700,06:05-06:10,10.00,91.00,9.00,90.00,55.00,142.96,361.86,155.00,9.50,90.50,1.00,1.00,16768.23,13407.52,13416.53,16898.23,9,90,90,9,77155.27,77132.66,,
2026-09-03T06:07:48+08:00,btc-updown-5m-1788386700,https://polymarket.com/zh/event/btc-updown-5m-1788386700,06:05-06:10,10.00,91.00,9.00,90.00,224.23,24.35,24.35,143.90,9.50,90.50,1.00,1.00,16908.23,13446.52,13426.52,16913.23,9,90,90,9,77155.27,77132.65,,
2026-09-03T06:07:51+08:00,btc-updown-5m-1788386700,https://polymarket.com/zh/event/btc-updown-5m-1788386700,06:05-06:10,10.00,91.00,9.00,90.00,219.23,95.51,74.35,94.40,9.50,90.50,1.00,1.00,16928.23,13405.52,13400.52,16938.23,9,90,90,9,77155.27,77132.65,,
2026-09-03T06:07:53+08:00,btc-updown-5m-1788386700,https://polymarket.com/zh/event/btc-updown-5m-1788386700,06:05-06:10,9.00,92.00,8.00,91.00,240.43,125.40,125.40,240.43,8.50,91.50,1.00,1.00,16927.97,13406.52,13421.52,16912.97,8,91,91,8,77155.27,77132.65,,
2026-09-03T06:07:55+08:00,btc-updown-5m-1788386700,https://polymarket.com/zh/event/btc-updown-5m-1788386700,06:05-06:10,8.00,93.00,7.00,92.00,301.09,46.15,46.15,301.09,7.50,92.50,1.00,1.00,16881.37,13451.52,13425.52,16956.22,7,92,92,7,77155.27,77132.66,,
2026-09-03T06:07:57+08:00,btc-updown-5m-1788386700,https://polymarket.com/zh/event/btc-updown-5m-1788386700,06:05-06:10,8.00,93.00,7.00,92.00,287.70,123.61,125.77,287.70,7.50,92.50,1.00,1.00,16866.22,13426.52,13406.52,16861.22,7,92,92,7,77155.27,77132.65,,
2026-09-03T06:08:00+08:00,btc-updown-5m-1788386700,https://polymarket.com/zh/event/btc-updown-5m-1788386700,06:05-06:10,8.00,93.00,7.00,92.00,312.70,59.66,70.42,305.20,7.50,92.50,1.00,1.00,16919.37,13400.52,13405.52,16582.22,7,92,92,7,77155.27,77132.65,,
2026-09-03T06:08:02+08:00,btc-updown-5m-1788386700,https://polymarket.com/zh/event/btc-updown-5m-1788386700,06:05-06:10,7.00,94.00,6.00,93.00,153.63,4.08,67.77,116.12,6.50,93.50,1.00,1.00,16255.44,13405.52,13430.52,15696.44,6,93,93,6,77155.27,77132.65,,
2026-09-03T06:08:04+08:00,btc-updown-5m-1788386700,https://polymarket.com/zh/event/btc-updown-5m-1788386700,06:05-06:10,6.00,96.00,5.00,95.00,145.00,398.33,152.34,20.00,5.50,95.50,1.00,1.00,16452.25,13432.52,13425.52,14239.30,5,94,95,4,77155.27,77132.65,,
2026-09-03T06:08:06+08:00,btc-updown-5m-1788386700,https://polymarket.com/zh/event/btc-updown-5m-1788386700,06:05-06:10,4.00,97.00,3.00,96.00,256.52,217.37,237.53,247.52,3.50,96.50,1.00,1.00,10100.14,13318.52,13307.53,10079.98,3,96,96,3,77155.27,77127.34,,
2026-09-03T06:08:09+08:00,btc-updown-5m-1788386700,https://polymarket.com/zh/event/btc-updown-5m-1788386700,06:05-06:10,3.00,98.00,2.00,97.00,689.21,769.16,869.16,689.21,2.50,97.50,1.00,1.00,4805.61,13308.52,13322.53,4705.61,2,97,97,2,77155.27,77109.75,,
2026-09-03T06:08:11+08:00,btc-updown-5m-1788386700,https://polymarket.com/zh/event/btc-updown-5m-1788386700,06:05-06:10,3.00,98.00,2.00,97.00,746.02,507.94,573.25,746.02,2.50,97.50,1.00,1.00,4569.70,13247.52,13258.52,4494.39,2,97,97,2,77155.27,77109.75,,
2026-09-03T06:08:13+08:00,btc-updown-5m-1788386700,https://polymarket.com/zh/event/btc-updown-5m-1788386700,06:05-06:10,2.00,99.00,1.00,98.00,104.74,3908.69,3908.69,104.74,1.50,98.50,1.00,1.00,3908.69,13194.87,13195.87,3908.69,1,98,98,1,77155.27,77109.75,,
2026-09-03T06:08:15+08:00,btc-updown-5m-1788386700,https://polymarket.com/zh/event/btc-updown-5m-1788386700,06:05-06:10,2.00,99.00,1.00,98.00,443.93,3753.59,3764.06,261.24,1.50,98.50,1.00,1.00,3764.06,13185.87,13194.87,3753.59,1,98,98,1,77155.27,77109.75,,
2026-09-03T06:08:17+08:00,btc-updown-5m-1788386700,https://polymarket.com/zh/event/btc-updown-5m-1788386700,06:05-06:10,2.00,99.00,1.00,98.00,437.93,3956.63,3961.97,437.93,1.50,98.50,1.00,1.00,3961.97,13190.87,13190.87,3956.63,1,98,98,1,77155.27,77109.75,,
2026-09-03T06:08:20+08:00,btc-updown-5m-1788386700,https://polymarket.com/zh/event/btc-updown-5m-1788386700,06:05-06:10,2.00,,1.00,99.00,420.78,,251.26,2194.33,1.50,,1.00,,251.26,13191.87,13196.87,,1,98,99,0,77155.27,77109.75,,
2026-09-03T06:08:22+08:00,btc-updown-5m-1788386700,https://polymarket.com/zh/event/btc-updown-5m-1788386700,06:05-06:10,1.00,,,99.00,3082.65,,,3082.65,,,,,,13895.87,13889.87,,0,99,99,0,77155.27,77109.74,,
2026-09-03T06:08:24+08:00,btc-updown-5m-1788386700,https://polymarket.com/zh/event/btc-updown-5m-1788386700,06:05-06:10,1.00,,,99.00,3982.65,,,3982.65,,,,,,13895.87,13899.87,,0,99,99,0,77155.27,77109.74,,
2026-09-03T06:08:26+08:00,btc-updown-5m-1788386700,https://polymarket.com/zh/event/btc-updown-5m-1788386700,06:05-06:10,1.00,,,99.00,4347.37,,,4347.37,,,,,,13889.87,13874.87,,0,99,99,0,77155.27,77109.74,,
2026-09-03T06:08:29+08:00,btc-updown-5m-1788386700,https://polymarket.com/zh/event/btc-updown-5m-1788386700,06:05-06:10,1.00,,,99.00,4498.97,,,4398.97,,,,,,13896.87,13889.87,,0,99,99,0,77155.27,77109.74,,
2026-09-03T06:08:31+08:00,btc-updown-5m-1788386700,https://polymarket.com/zh/event/btc-updown-5m-1788386700,06:05-06:10,1.00,,,99.00,4614.97,,,4614.97,,,,,,13779.87,13779.87,,0,99,99,0,77155.27,77109.75,,
2026-09-03T06:08:33+08:00,btc-updown-5m-1788386700,https://polymarket.com/zh/event/btc-updown-5m-1788386700,06:05-06:10,1.00,,,99.00,4995.97,,,5000.97,,,,,,13754.87,13754.87,,0,99,99,0,77155.27,77108.49,,
2026-09-03T06:08:36+08:00,btc-updown-5m-1788386700,https://polymarket.com/zh/event/btc-updown-5m-1788386700,06:05-06:10,1.00,,,99.00,5629.75,,,5612.51,,,,,,13755.87,13765.87,,0,99,99,0,77155.27,77104.57,,
2026-09-03T06:08:38+08:00,btc-updown-5m-1788386700,https://polymarket.com/zh/event/btc-updown-5m-1788386700,06:05-06:10,1.00,,,99.00,5612.90,,,5612.90,,,,,,13749.87,13760.87,,0,99,99,0,77155.27,77104.56,,
2026-09-03T06:08:40+08:00,btc-updown-5m-1788386700,https://polymarket.com/zh/event/btc-updown-5m-1788386700,06:05-06:10,1.00,,,99.00,7117.90,,,7616.91,,,,,,13764.87,13764.87,,0,99,99,0,77155.27,77103.01,,
2026-09-03T06:08:43+08:00,btc-updown-5m-1788386700,https://polymarket.com/zh/event/btc-updown-5m-1788386700,06:05-06:10,1.00,,,99.00,7521.91,,,7521.91,,,,,,13754.87,13754.87,,0,99,99,0,77155.27,77103.01,,
2026-09-03T06:08:45+08:00,btc-updown-5m-1788386700,https://polymarket.com/zh/event/btc-updown-5m-1788386700,06:05-06:10,1.00,,,99.00,10572.70,,,10612.70,,,,,,14764.87,14780.87,,0,99,99,0,77155.27,77103.01,,
2026-09-03T06:08:47+08:00,btc-updown-5m-1788386700,https://polymarket.com/zh/event/btc-updown-5m-1788386700,06:05-06:10,1.00,,,99.00,10617.70,,,10617.70,,,,,,14769.87,14755.87,,0,99,99,0,77155.27,77103.02,,
2026-09-03T06:08:49+08:00,btc-updown-5m-1788386700,https://polymarket.com/zh/event/btc-updown-5m-1788386700,06:05-06:10,1.00,,,99.00,10647.70,,,10647.70,,,,,,14771.87,14769.87,,0,99,99,0,77155.27,77103.01,,
2026-09-03T06:08:52+08:00,btc-updown-5m-1788386700,https://polymarket.com/zh/event/btc-updown-5m-1788386700,06:05-06:10,1.00,,,99.00,10645.14,,,10645.14,,,,,,14770.87,14759.87,,0,99,99,0,77155.27,77103.02,,
2026-09-03T06:08:54+08:00,btc-updown-5m-1788386700,https://polymarket.com/zh/event/btc-updown-5m-1788386700,06:05-06:10,1.00,,,99.00,10650.14,,,10650.14,,,,,,14769.77,14750.77,,0,99,99,0,77155.27,77103.02,,
2026-09-03T06:08:56+08:00,btc-updown-5m-1788386700,https://polymarket.com/zh/event/btc-updown-5m-1788386700,06:05-06:10,1.00,,,99.00,11375.24,,,11375.24,,,,,,6804.13,6803.13,,0,99,99,0,77155.27,77103.02,,
2026-09-03T06:08:58+08:00,btc-updown-5m-1788386700,https://polymarket.com/zh/event/btc-updown-5m-1788386700,06:05-06:10,1.00,,,99.00,11455.82,,,11449.16,,,,,,6746.05,6736.05,,0,99,99,0,77155.27,77103.01,,
2026-09-03T06:09:01+08:00,btc-updown-5m-1788386700,https://polymarket.com/zh/event/btc-updown-5m-1788386700,06:05-06:10,1.00,,,99.00,11925.16,,,11975.16,,,,,,6716.05,6691.05,,0,99,99,0,77155.27,77100.00,,
2026-09-03T06:09:03+08:00,btc-updown-5m-1788386700,https://polymarket.com/zh/event/btc-updown-5m-1788386700,06:05-06:10,1.00,,,99.00,12091.26,,,12091.26,,,,,,6691.05,6751.05,,0,99,99,0,77155.27,77110.58,,
2026-09-03T06:09:05+08:00,btc-updown-5m-1788386700,https://polymarket.com/zh/event/btc-updown-5m-1788386700,06:05-06:10,1.00,,,99.00,12335.91,,,12325.81,,,,,,6752.05,6746.05,,0,99,99,0,77155.27,77110.57,,
2026-09-03T06:09:08+08:00,btc-updown-5m-1788386700,https://polymarket.com/zh/event/btc-updown-5m-1788386700,06:05-06:10,1.00,,,99.00,12350.86,,,12350.86,,,,,,6751.05,6731.05,,0,99,99,0,77155.27,77110.57,,
2026-09-03T06:09:10+08:00,btc-updown-5m-1788386700,https://polymarket.com/zh/event/btc-updown-5m-1788386700,06:05-06:10,1.00,,,99.00,12155.86,,,12185.86,,,,,,6757.05,6731.05,,0,99,99,0,77155.27,77110.58,,
2026-09-03T06:09:12+08:00,btc-updown-5m-1788386700,https://polymarket.com/zh/event/btc-updown-5m-1788386700,06:05-06:10,1.00,,,99.00,12351.86,,,12351.86,,,,,,6731.95,6736.95,,0,99,99,0,77155.27,77110.58,,
2026-09-03T06:09:14+08:00,btc-updown-5m-1788386700,https://polymarket.com/zh/event/btc-updown-5m-1788386700,06:05-06:10,1.00,,,99.00,12351.86,,,12351.86,,,,,,6630.95,6625.95,,0,99,99,0,77155.27,77110.58,,
2026-09-03T06:09:17+08:00,btc-updown-5m-1788386700,https://polymarket.com/zh/event/btc-updown-5m-1788386700,06:05-06:10,1.00,,,99.00,13603.20,,,13603.20,,,,,,6640.95,6635.95,,0,99,99,0,77155.27,77110.58,,
2026-09-03T06:09:19+08:00,btc-updown-5m-1788386700,https://polymarket.com/zh/event/btc-updown-5m-1788386700,06:05-06:10,0.10,,,99.90,7563.59,,,7788.59,,,,,,6625.95,6635.95,,0,110,111,0,77155.27,77110.58,,
2026-09-03T06:09:21+08:00,btc-updown-5m-1788386700,https://polymarket.com/zh/event/btc-updown-5m-1788386700,06:05-06:10,0.10,,,99.90,19250.60,,,19250.60,,,,,,6630.95,6636.95,,0,112,111,0,77155.27,77110.58,,
2026-09-03T06:09:23+08:00,btc-updown-5m-1788386700,https://polymarket.com/zh/event/btc-updown-5m-1788386700,06:05-06:10,0.10,,,99.90,19250.60,,,19250.60,,,,,,6637.95,6635.95,,0,112,112,0,77155.27,77110.57,,
2026-09-03T06:09:26+08:00,btc-updown-5m-1788386700,https://polymarket.com/zh/event/btc-updown-5m-1788386700,06:05-06:10,0.10,,,99.90,23355.60,,,23355.60,,,,,,6390.62,6390.62,,0,113,113,0,77155.27,77110.56,,
2026-09-03T06:09:28+08:00,btc-updown-5m-1788386700,https://polymarket.com/zh/event/btc-updown-5m-1788386700,06:05-06:10,0.10,,,99.90,23355.60,,,23355.60,,,,,,6354.62,6359.62,,0,112,112,0,77155.27,77110.56,,
2026-09-03T06:09:30+08:00,btc-updown-5m-1788386700,https://polymarket.com/zh/event/btc-updown-5m-1788386700,06:05-06:10,0.10,,,99.90,23375.60,,,23380.60,,,,,,6352.27,6362.27,,0,111,111,0,77155.27,77110.56,,
2026-09-03T06:09:33+08:00,btc-updown-5m-1788386700,https://polymarket.com/zh/event/btc-updown-5m-1788386700,06:05-06:10,0.10,,,99.90,23380.60,,,23380.60,,,,,,5982.27,5993.27,,0,111,111,0,77155.27,77110.57,,
2026-09-03T06:09:35+08:00,btc-updown-5m-1788386700,https://polymarket.com/zh/event/btc-updown-5m-1788386700,06:05-06:10,0.10,,,99.90,23380.60,,,23390.60,,,,,,5984.27,5988.27,,0,111,111,0,77155.27,77110.57,,
2026-09-03T06:09:37+08:00,btc-updown-5m-1788386700,https://polymarket.com/zh/event/btc-updown-5m-1788386700,06:05-06:10,0.10,,,99.90,23390.60,,,23390.60,,,,,,5967.27,5977.27,,0,111,111,0,77155.27,77110.56,,
2026-09-03T06:09:40+08:00,btc-updown-5m-1788386700,https://polymarket.com/zh/event/btc-updown-5m-1788386700,06:05-06:10,0.10,,,99.90,26677.52,,,26677.52,,,,,,5972.27,5967.27,,0,111,111,0,77155.27,77110.56,,
2026-09-03T06:09:42+08:00,btc-updown-5m-1788386700,https://polymarket.com/zh/event/btc-updown-5m-1788386700,06:05-06:10,0.10,,,99.90,26716.84,,,26716.84,,,,,,5967.27,5978.27,,0,111,111,0,77155.27,77110.56,,
2026-09-03T06:09:44+08:00,btc-updown-5m-1788386700,https://polymarket.com/zh/event/btc-updown-5m-1788386700,06:05-06:10,0.10,,,99.90,26716.84,,,26716.84,,,,,,5973.27,5972.27,,0,111,111,0,77155.27,77102.15,,
2026-09-03T06:09:46+08:00,btc-updown-5m-1788386700,https://polymarket.com/zh/event/btc-updown-5m-1788386700,06:05-06:10,0.10,,,99.90,26801.22,,,26801.22,,,,,,5987.27,5973.27,,0,111,111,0,77155.27,77102.14,,
2026-09-03T06:09:49+08:00,btc-updown-5m-1788386700,https://polymarket.com/zh/event/btc-updown-5m-1788386700,06:05-06:10,0.10,,,99.90,27350.46,,,27350.46,,,,,,5972.27,5987.27,,0,111,111,0,77155.27,77102.15,,
2026-09-03T06:09:51+08:00,btc-updown-5m-1788386700,https://polymarket.com/zh/event/btc-updown-5m-1788386700,06:05-06:10,0.10,,,99.90,27415.46,,,27415.46,,,,,,5838.27,5849.27,,0,111,109,0,77155.27,77098.21,,
2026-09-03T06:09:53+08:00,btc-updown-5m-1788386700,https://polymarket.com/zh/event/btc-updown-5m-1788386700,06:05-06:10,0.10,,,99.90,30769.55,,,30769.55,,,,,,5837.27,5837.27,,0,111,111,0,77155.27,77098.21,,
2026-09-03T06:09:55+08:00,btc-updown-5m-1788386700,https://polymarket.com/zh/event/btc-updown-5m-1788386700,06:05-06:10,0.10,,,99.90,30818.79,,,30818.79,,,,,,5787.27,5782.27,,0,111,111,0,77155.27,77098.22,,
2026-09-03T06:09:58+08:00,btc-updown-5m-1788386700,https://polymarket.com/zh/event/btc-updown-5m-1788386700,06:05-06:10,0.10,,,99.90,30813.79,,,30813.79,,,,,,6282.27,6282.27,,0,111,111,0,77155.27,77098.21,,
2026-09-03T06:10:00+08:00,btc-updown-5m-1788387000,https://polymarket.com/zh/event/btc-updown-5m-1788387000,06:10-06:15,49.00,53.00,48.00,52.00,312.00,22.52,7.53,40.00,48.50,52.50,1.00,1.00,139616.72,139640.19,139539.19,139511.72,48,51,51,47,77098.21,77098.21,,
2026-09-03T06:10:02+08:00,btc-updown-5m-1788387000,https://polymarket.com/zh/event/btc-updown-5m-1788387000,06:10-06:15,44.00,57.00,43.00,56.00,491.34,140.00,161.00,289.06,43.50,56.50,1.00,1.00,25410.20,25486.00,25501.00,25437.53,43,56,56,43,77098.21,77098.21,,
2026-09-03T06:10:05+08:00,btc-updown-5m-1788387000,https://polymarket.com/zh/event/btc-updown-5m-1788387000,06:10-06:15,43.00,58.00,42.00,57.00,41.08,341.66,333.66,41.08,42.50,57.50,1.00,1.00,26051.53,25899.00,26040.00,26046.53,42,57,57,42,77098.21,77094.00,,
2026-09-03T06:10:07+08:00,btc-updown-5m-1788387000,https://polymarket.com/zh/event/btc-updown-5m-1788387000,06:10-06:15,27.00,74.00,26.00,73.00,284.40,183.58,56.00,255.69,26.50,73.50,1.00,1.00,26038.19,26062.19,26106.19,26103.19,26,73,73,26,77098.21,77078.77,,
2026-09-03T06:10:09+08:00,btc-updown-5m-1788387000,https://polymarket.com/zh/event/btc-updown-5m-1788387000,06:10-06:15,30.00,72.00,29.00,70.00,160.45,5.00,42.95,40.44,29.50,71.00,1.00,2.00,24375.19,24158.94,24173.95,24355.19,29,70,70,28,77098.21,77077.78,,
2026-09-03T06:10:12+08:00,btc-updown-5m-1788387000,https://polymarket.com/zh/event/btc-updown-5m-1788387000,06:10-06:15,26.00,75.00,25.00,74.00,52.98,98.33,128.33,75.00,25.50,74.50,1.00,1.00,24449.88,23870.94,23881.94,24514.88,25,74,74,25,77098.21,77071.48,,
2026-09-03T06:10:14+08:00,btc-updown-5m-1788387000,https://polymarket.com/zh/event/btc-updown-5m-1788387000,06:10-06:15,24.00,77.00,23.00,76.00,403.00,104.23,109.23,391.00,23.50,76.50,1.00,1.00,26649.87,23860.94,23860.94,26664.87,23,76,76,23,77098.21,77062.92,,
2026-09-03T06:10:16+08:00,btc-updown-5m-1788387000,https://polymarket.com/zh/event/btc-updown-5m-1788387000,06:10-06:15,21.00,80.00,20.00,79.00,180.13,2.27,5.00,120.13,20.50,79.50,1.00,1.00,26705.25,24205.75,24200.75,26710.25,20,79,79,20,77098.21,77053.86,,
2026-09-03T06:10:18+08:00,btc-updown-5m-1788387000,https://polymarket.com/zh/event/btc-updown-5m-1788387000,06:10-06:15,21.00,80.00,20.00,79.00,40.00,436.45,377.70,66.00,20.50,79.50,1.00,1.00,26289.25,23788.05,23578.05,26039.25,20,79,79,20,77098.21,77050.01,,
2026-09-03T06:10:21+08:00,btc-updown-5m-1788387000,https://polymarket.com/zh/event/btc-updown-5m-1788387000,06:10-06:15,25.00,76.00,24.00,75.00,319.01,91.79,82.33,334.01,24.50,75.50,1.00,1.00,24564.25,22087.05,22088.05,24553.45,24,75,75,24,77098.21,77059.06,,
2026-09-03T06:10:23+08:00,btc-updown-5m-1788387000,https://polymarket.com/zh/event/btc-updown-5m-1788387000,06:10-06:15,24.00,77.00,23.00,76.00,1263.47,98.70,130.00,1263.47,23.50,76.50,1.00,1.00,24603.45,22113.06,22123.06,24624.25,23,76,76,23,77098.21,77059.06,,
2026-09-03T06:10:25+08:00,btc-updown-5m-1788387000,https://polymarket.com/zh/event/btc-updown-5m-1788387000,06:10-06:15,35.00,66.00,34.00,65.00,631.38,9.48,9.48,343.38,34.50,65.50,1.00,1.00,22627.48,21890.39,21886.39,22484.48,34,65,65,34,77098.21,77075.27,,
2026-09-03T06:10:28+08:00,btc-updown-5m-1788387000,https://polymarket.com/zh/event/btc-updown-5m-1788387000,06:10-06:15,37.00,64.00,36.00,63.00,32.00,235.00,326.33,622.00,36.50,63.50,1.00,1.00,21329.48,21410.39,21410.39,21319.48,36,63,63,36,77098.21,77075.27,,
2026-09-03T06:10:30+08:00,btc-updown-5m-1788387000,https://polymarket.com/zh/event/btc-updown-5m-1788387000,06:10-06:15,40.00,61.00,39.00,60.00,989.00,20.00,20.00,1095.61,39.50,60.50,1.00,1.00,20829.48,21165.39,20926.39,20559.48,39,60,60,39,77098.21,77077.08,,
2026-09-03T06:10:32+08:00,btc-updown-5m-1788387000,https://polymarket.com/zh/event/btc-updown-5m-1788387000,06:10-06:15,30.00,68.00,29.00,67.00,126.70,108.33,300.16,30.00,29.50,67.50,1.00,1.00,20323.48,20410.39,20416.39,20308.48,29,70,67,32,77098.21,77074.48,,
2026-09-03T06:10:35+08:00,btc-updown-5m-1788387000,https://polymarket.com/zh/event/btc-updown-5m-1788387000,06:10-06:15,33.00,68.00,32.00,67.00,539.06,58.52,58.52,539.06,32.50,67.50,1.00,1.00,20098.48,20176.39,20175.39,20103.48,32,67,67,32,77098.21,77073.88,,
2026-09-03T06:10:37+08:00,btc-updown-5m-1788387000,https://polymarket.com/zh/event/btc-updown-5m-1788387000,06:10-06:15,33.00,68.00,32.00,67.00,927.06,13.00,3.00,927.06,32.50,67.50,1.00,1.00,20098.48,20170.40,20180.39,20098.48,32,67,67,32,77098.21,77073.89,,
2026-09-03T06:10:39+08:00,btc-updown-5m-1788387000,https://polymarket.com/zh/event/btc-updown-5m-1788387000,06:10-06:15,32.00,69.00,31.00,68.00,70.00,378.43,383.43,231.22,31.50,68.50,1.00,1.00,20088.48,20171.39,20177.40,20068.48,31,68,68,31,77098.21,77075.14,,
2026-09-03T06:10:41+08:00,btc-updown-5m-1788387000,https://polymarket.com/zh/event/btc-updown-5m-1788387000,06:10-06:15,32.00,69.00,31.00,68.00,45.36,425.81,425.81,45.36,31.50,68.50,1.00,1.00,20109.58,20167.39,20176.40,20104.58,31,68,68,31,77098.21,77075.14,,
2026-09-03T06:10:44+08:00,btc-updown-5m-1788387000,https://polymarket.com/zh/event/btc-updown-5m-1788387000,06:10-06:15,34.00,67.00,33.00,66.00,164.02,95.20,170.20,244.02,33.50,66.50,1.00,1.00,20119.58,20160.49,20145.49,20124.58,33,66,66,33,77098.21,77075.15,,
2026-09-03T06:10:46+08:00,btc-updown-5m-1788387000,https://polymarket.com/zh/event/btc-updown-5m-1788387000,06:10-06:15,27.00,74.00,26.00,73.00,173.82,267.32,260.32,163.07,26.50,73.50,1.00,1.00,20293.34,20138.15,20133.15,20283.34,26,73,73,26,77098.21,77074.18,,
2026-09-03T06:10:48+08:00,btc-updown-5m-1788387000,https://polymarket.com/zh/event/btc-updown-5m-1788387000,06:10-06:15,27.00,72.00,26.00,71.00,138.82,78.33,386.03,18.00,26.50,71.50,1.00,1.00,20263.34,20417.23,20429.23,20143.34,26,73,69,28,77098.21,77068.04,,
2026-09-03T06:10:50+08:00,btc-updown-5m-1788387000,https://polymarket.com/zh/event/btc-updown-5m-1788387000,06:10-06:15,30.00,71.00,29.00,70.00,82.36,212.00,232.22,124.93,29.50,70.50,1.00,1.00,19948.34,20443.24,20427.23,19938.34,29,70,70,29,77098.21,77074.53,,
2026-09-03T06:10:53+08:00,btc-updown-5m-1788387000,https://polymarket.com/zh/event/btc-updown-5m-1788387000,06:10-06:15,28.00,73.00,27.00,72.00,315.06,248.36,248.36,315.06,27.50,72.50,1.00,1.00,19994.34,20237.23,20213.23,19994.34,27,72,72,27,77098.21,77074.52,,
2026-09-03T06:10:55+08:00,btc-updown-5m-1788387000,https://polymarket.com/zh/event/btc-updown-5m-1788387000,06:10-06:15,27.00,74.00,26.00,73.00,332.15,117.00,117.00,312.18,26.50,73.50,1.00,1.00,19730.67,19983.23,19967.23,19710.67,26,73,73,26,77098.21,77074.52,,
2026-09-03T06:10:57+08:00,btc-updown-5m-1788387000,https://polymarket.com/zh/event/btc-updown-5m-1788387000,06:10-06:15,28.00,73.00,27.00,72.00,19.88,344.51,203.54,150.06,27.50,72.50,1.00,1.00,19501.67,19722.23,19722.23,19516.67,27,72,72,27,77098.21,77074.52,,
2026-09-03T06:10:59+08:00,btc-updown-5m-1788387000,https://polymarket.com/zh/event/btc-updown-5m-1788387000,06:10-06:15,28.00,73.00,27.00,72.00,166.48,155.00,155.00,166.48,27.50,72.50,1.00,1.00,19455.67,19728.23,19732.23,19450.67,27,72,72,27,77098.21,77074.52,,
2026-09-03T06:11:01+08:00,btc-updown-5m-1788387000,https://polymarket.com/zh/event/btc-updown-5m-1788387000,06:10-06:15,26.00,75.00,25.00,74.00,89.60,212.00,162.00,83.60,25.50,74.50,1.00,1.00,16970.66,15182.23,15182.23,16975.66,25,74,74,25,77098.21,77069.67,,
2026-09-03T06:11:04+08:00,btc-updown-5m-1788387000,https://polymarket.com/zh/event/btc-updown-5m-1788387000,06:10-06:15,20.00,81.00,19.00,80.00,21.00,124.00,176.00,75.00,19.50,80.50,1.00,1.00,16901.66,14932.23,14947.23,16906.66,19,80,80,19,77098.21,77068.03,,
2026-09-03T06:11:06+08:00,btc-updown-5m-1788387000,https://polymarket.com/zh/event/btc-updown-5m-1788387000,06:10-06:15,19.00,69.00,18.00,67.00,10.00,4.55,367.30,11.80,18.50,68.00,1.00,2.00,16676.75,14690.24,14741.23,16434.75,18,78,66,29,77098.21,77068.03,,
2026-09-03T06:11:08+08:00,btc-updown-5m-1788387000,https://polymarket.com/zh/event/btc-updown-5m-1788387000,06:10-06:15,44.00,57.00,43.00,56.00,162.00,166.07,176.07,136.00,43.50,56.50,1.00,1.00,15031.27,14522.57,14529.57,13996.27,43,56,56,43,77098.21,77085.04,,
2026-09-03T06:11:10+08:00,btc-updown-5m-1788387000,https://polymarket.com/zh/event/btc-updown-5m-1788387000,06:10-06:15,43.00,58.00,42.00,57.00,33.90,243.71,177.44,37.90,42.50,57.50,1.00,1.00,14011.27,14517.57,14528.57,14001.27,42,57,57,42,77098.21,77085.67,,
2026-09-03T06:11:13+08:00,btc-updown-5m-1788387000,https://polymarket.com/zh/event/btc-updown-5m-1788387000,06:10-06:15,50.00,51.00,49.00,50.00,280.56,120.00,120.00,280.56,49.50,50.50,1.00,1.00,13849.27,14532.57,14543.57,13854.27,49,50,50,49,77098.21,77093.17,,
2026-09-03T06:11:15+08:00,btc-updown-5m-1788387000,https://polymarket.com/zh/event/btc-updown-5m-1788387000,06:10-06:15,49.00,52.00,48.00,51.00,61.00,143.00,193.00,140.00,48.50,51.50,1.00,1.00,13882.61,14596.92,14580.92,13867.61,48,51,51,48,77098.21,77098.19,,
2026-09-03T06:11:17+08:00,btc-updown-5m-1788387000,https://polymarket.com/zh/event/btc-updown-5m-1788387000,06:10-06:15,54.00,46.00,53.00,45.00,6.03,243.54,200.30,121.03,53.50,45.50,1.00,1.00,14223.12,14550.91,14566.91,14733.12,53,46,45,54,77098.21,77100.69,,
2026-09-03T06:11:19+08:00,btc-updown-5m-1788387000,https://polymarket.com/zh/event/btc-updown-5m-1788387000,06:10-06:15,54.00,47.00,53.00,46.00,93.88,103.00,143.80,146.00,53.50,46.50,1.00,1.00,14233.11,14789.94,14779.94,13723.11,53,46,46,53,77098.21,77100.69,,
2026-09-03T06:11:22+08:00,btc-updown-5m-1788387000,https://polymarket.com/zh/event/btc-updown-5m-1788387000,06:10-06:15,57.00,44.00,56.00,43.00,80.34,75.73,65.73,75.34,56.50,43.50,1.00,1.00,14273.11,14739.94,14729.94,14253.11,56,43,43,56,77098.21,77107.04,,
2026-09-03T06:11:24+08:00,btc-updown-5m-1788387000,https://polymarket.com/zh/event/btc-updown-5m-1788387000,06:10-06:15,57.00,43.00,56.00,42.00,0.92,286.32,190.25,28.00,56.50,42.50,1.00,1.00,14763.11,14804.94,14824.94,14273.11,56,43,42,57,77098.21,77107.04,,
2026-09-03T06:11:26+08:00,btc-updown-5m-1788387000,https://polymarket.com/zh/event/btc-updown-5m-1788387000,06:10-06:15,58.00,43.00,57.00,42.00,68.74,213.38,223.38,68.74,57.50,42.50,1.00,1.00,13778.11,14885.84,14865.84,14263.11,57,42,42,57,77098.21,77107.03,,
2026-09-03T06:11:29+08:00,btc-updown-5m-1788387000,https://polymarket.com/zh/event/btc-updown-5m-1788387000,06:10-06:15,60.00,41.00,59.00,40.00,480.72,97.80,110.00,480.72,59.50,40.50,1.00,1.00,13768.12,14884.84,14884.84,14263.12,59,40,40,59,77098.21,77107.03,,
2026-09-03T06:11:31+08:00,btc-updown-5m-1788387000,https://polymarket.com/zh/event/btc-updown-5m-1788387000,06:10-06:15,58.00,44.00,57.00,43.00,228.13,15.00,9.20,194.11,57.50,43.50,1.00,1.00,13502.11,14218.84,14218.84,13512.11,57,42,43,56,77098.21,77107.04,,
