ts_iso,slug,market_url,window_text,buy_up_cents,buy_down_cents,sell_up_cents,sell_down_cents,buy_up_size,buy_down_size,sell_up_size,sell_down_size,mid_up_cents,mid_down_cents,spread_up_cents,spread_down_cents,bid_depth_up_5,ask_depth_up_5,bid_depth_down_5,ask_depth_down_5,level_count_bid_up,level_count_ask_up,level_count_bid_down,level_count_ask_down,target_price,final_price,trade_count_1s,trade_volume_1s
2026-06-25T14:57:43+08:00,btc-updown-5m-1782370500,https://polymarket.com/zh/event/btc-updown-5m-1782370500,14:55-15:00,32.00,69.00,31.00,68.00,265.00,589.01,409.61,275.00,31.50,68.50,1.00,1.00,20720.46,20471.05,20371.05,20705.46,31,68,68,31,,61648.82,,
2026-06-25T14:57:45+08:00,btc-updown-5m-1782370500,https://polymarket.com/zh/event/btc-updown-5m-1782370500,14:55-15:00,31.00,70.00,30.00,69.00,171.62,832.01,304.08,39.06,30.50,69.50,1.00,1.00,20640.46,20285.05,20400.05,20645.46,30,69,69,30,,61648.81,,
2026-06-25T14:57:48+08:00,btc-updown-5m-1782370500,https://polymarket.com/zh/event/btc-updown-5m-1782370500,14:55-15:00,28.00,73.00,27.00,72.00,337.19,215.75,203.49,343.29,27.50,72.50,1.00,1.00,14906.16,20456.05,20356.05,14891.16,27,72,72,27,,61646.94,,
2026-06-25T14:57:50+08:00,btc-updown-5m-1782370500,https://polymarket.com/zh/event/btc-updown-5m-1782370500,14:55-15:00,27.00,74.00,26.00,73.00,160.00,1294.87,1302.18,160.00,26.50,73.50,1.00,1.00,15595.46,20375.06,20360.06,15462.77,26,73,73,26,,61646.94,,
2026-06-25T14:57:52+08:00,btc-updown-5m-1782370500,https://polymarket.com/zh/event/btc-updown-5m-1782370500,14:55-15:00,25.00,77.00,24.00,76.00,556.74,655.71,30.00,357.58,24.50,76.50,1.00,1.00,15652.77,20265.05,20445.05,15593.47,24,75,76,23,,61646.94,,
2026-06-25T14:57:55+08:00,btc-updown-5m-1782370500,https://polymarket.com/zh/event/btc-updown-5m-1782370500,14:55-15:00,22.00,79.00,21.00,78.00,231.58,512.02,548.52,236.58,21.50,78.50,1.00,1.00,15378.47,20221.05,20121.05,15383.47,21,78,78,21,,61641.30,,
2026-06-25T14:57:57+08:00,btc-updown-5m-1782370500,https://polymarket.com/zh/event/btc-updown-5m-1782370500,14:55-15:00,28.00,73.00,27.00,72.00,26.96,783.85,491.49,208.40,27.50,72.50,1.00,1.00,13517.77,20105.05,20115.05,13512.77,27,72,72,27,,61644.04,,
2026-06-25T14:57:59+08:00,btc-updown-5m-1782370500,https://polymarket.com/zh/event/btc-updown-5m-1782370500,14:55-15:00,24.00,77.00,23.00,76.00,44.25,851.48,1015.25,148.76,23.50,76.50,1.00,1.00,13690.72,20070.05,20285.05,13685.72,23,76,76,23,,61640.20,,
2026-06-25T14:58:02+08:00,btc-updown-5m-1782370500,https://polymarket.com/zh/event/btc-updown-5m-1782370500,14:55-15:00,24.00,70.00,23.00,67.00,6.74,25.00,1518.26,6.00,23.50,68.50,1.00,3.00,18611.47,19681.06,19718.05,18720.47,23,73,64,29,,61659.84,,
2026-06-25T14:58:04+08:00,btc-updown-5m-1782370500,https://polymarket.com/zh/event/btc-updown-5m-1782370500,14:55-15:00,50.00,53.00,49.00,52.00,412.07,20.00,49.94,44.00,49.50,52.50,1.00,1.00,21476.16,19960.05,20068.05,21493.86,48,50,52,46,,61670.15,,
2026-06-25T14:58:07+08:00,btc-updown-5m-1782370500,https://polymarket.com/zh/event/btc-updown-5m-1782370500,14:55-15:00,49.00,55.00,48.00,53.00,1247.94,113.58,19.55,75.00,48.50,54.00,1.00,2.00,21987.86,19798.05,19658.06,22002.86,48,51,53,45,,61667.87,,
2026-06-25T14:58:09+08:00,btc-updown-5m-1782370500,https://polymarket.com/zh/event/btc-updown-5m-1782370500,14:55-15:00,40.00,61.00,39.00,60.00,257.43,378.74,249.87,140.72,39.50,60.50,1.00,1.00,21460.16,18898.05,19039.06,21577.16,39,60,60,39,,61664.70,,
2026-06-25T14:58:11+08:00,btc-updown-5m-1782370500,https://polymarket.com/zh/event/btc-updown-5m-1782370500,14:55-15:00,40.00,61.00,39.00,60.00,24.50,861.32,940.32,24.50,39.50,60.50,1.00,1.00,20982.16,19610.05,19626.06,20987.16,39,60,60,39,,61664.70,,
2026-06-25T14:58:14+08:00,btc-updown-5m-1782370500,https://polymarket.com/zh/event/btc-updown-5m-1782370500,14:55-15:00,38.00,63.00,37.00,62.00,317.44,156.88,143.88,357.44,37.50,62.50,1.00,1.00,22022.16,19830.06,19830.06,21987.16,37,62,62,37,,61664.00,,
2026-06-25T14:58:16+08:00,btc-updown-5m-1782370500,https://polymarket.com/zh/event/btc-updown-5m-1782370500,14:55-15:00,36.00,65.00,35.00,64.00,190.91,1028.36,1051.36,199.13,35.50,64.50,1.00,1.00,21472.86,18618.05,18712.05,21477.86,35,64,64,35,,61657.06,,
2026-06-25T14:58:18+08:00,btc-updown-5m-1782370500,https://polymarket.com/zh/event/btc-updown-5m-1782370500,14:55-15:00,29.00,73.00,28.00,72.00,553.51,67.53,5.11,601.82,28.50,72.50,1.00,1.00,19662.77,18410.05,18501.05,19657.77,28,71,72,27,,61649.18,,
2026-06-25T14:58:20+08:00,btc-updown-5m-1782370500,https://polymarket.com/zh/event/btc-updown-5m-1782370500,14:55-15:00,26.00,75.00,25.00,74.00,761.54,153.00,183.00,1196.68,25.50,74.50,1.00,1.00,13435.04,17676.71,17653.37,13494.04,25,74,74,25,,61649.18,,
2026-06-25T14:58:23+08:00,btc-updown-5m-1782370500,https://polymarket.com/zh/event/btc-updown-5m-1782370500,14:55-15:00,23.00,78.00,22.00,77.00,177.00,874.97,836.63,143.00,22.50,77.50,1.00,1.00,14094.04,17928.35,17628.35,14039.04,22,77,77,22,,61645.24,,
2026-06-25T14:58:25+08:00,btc-updown-5m-1782370500,https://polymarket.com/zh/event/btc-updown-5m-1782370500,14:55-15:00,25.00,76.00,24.00,75.00,58.90,830.36,707.68,58.90,24.50,75.50,1.00,1.00,13984.04,17733.35,17823.35,14034.04,24,75,75,24,,61645.25,,
2026-06-25T14:58:27+08:00,btc-updown-5m-1782370500,https://polymarket.com/zh/event/btc-updown-5m-1782370500,14:55-15:00,63.00,38.00,62.00,37.00,213.83,398.59,526.00,268.53,62.50,37.50,1.00,1.00,18737.89,17840.35,19650.35,18827.89,62,37,37,61,,61676.76,,
2026-06-25T14:58:30+08:00,btc-updown-5m-1782370500,https://polymarket.com/zh/event/btc-updown-5m-1782370500,14:55-15:00,62.00,39.00,61.00,38.00,1078.40,14.15,29.90,1068.40,61.50,38.50,1.00,1.00,20902.88,17195.35,17200.35,21322.88,61,38,38,61,,61682.17,,
2026-06-25T14:58:32+08:00,btc-updown-5m-1782370500,https://polymarket.com/zh/event/btc-updown-5m-1782370500,14:55-15:00,57.00,44.00,56.00,43.00,543.32,103.36,113.36,554.87,56.50,43.50,1.00,1.00,20227.88,16320.35,16300.35,20137.88,56,43,43,56,,61675.40,,
2026-06-25T14:58:35+08:00,btc-updown-5m-1782370500,https://polymarket.com/zh/event/btc-updown-5m-1782370500,14:55-15:00,63.00,38.00,62.00,37.00,386.23,628.57,560.57,386.23,62.50,37.50,1.00,1.00,17867.89,18530.35,18550.35,17767.88,62,37,37,62,,61682.18,,
2026-06-25T14:58:37+08:00,btc-updown-5m-1782370500,https://polymarket.com/zh/event/btc-updown-5m-1782370500,14:55-15:00,63.00,38.00,62.00,37.00,298.11,736.87,720.87,266.00,62.50,37.50,1.00,1.00,18355.99,18210.35,18215.35,17770.99,62,37,37,62,,61682.18,,
2026-06-25T14:58:39+08:00,btc-updown-5m-1782370500,https://polymarket.com/zh/event/btc-updown-5m-1782370500,14:55-15:00,61.00,40.00,60.00,39.00,684.20,50.01,76.51,710.79,60.50,39.50,1.00,1.00,18065.99,18244.34,18344.34,17565.99,60,39,39,60,,61682.88,,
2026-06-25T14:58:41+08:00,btc-updown-5m-1782370500,https://polymarket.com/zh/event/btc-updown-5m-1782370500,14:55-15:00,55.00,76.00,44.00,63.00,1168.02,63.41,10.00,202.00,49.50,69.50,11.00,13.00,10651.15,16083.34,15977.34,10674.15,32,45,52,24,,61682.88,,
2026-06-25T14:58:44+08:00,btc-updown-5m-1782370500,https://polymarket.com/zh/event/btc-updown-5m-1782370500,14:55-15:00,22.00,79.00,21.00,78.00,286.81,386.26,395.26,348.81,21.50,78.50,1.00,1.00,13720.15,16350.34,16055.34,13725.15,21,78,78,21,,61641.95,,
2026-06-25T14:58:46+08:00,btc-updown-5m-1782370500,https://polymarket.com/zh/event/btc-updown-5m-1782370500,14:55-15:00,19.00,82.00,18.00,81.00,444.33,139.25,117.98,283.01,18.50,81.50,1.00,1.00,13562.15,16095.35,15984.34,13577.15,18,81,81,18,,61641.95,,
2026-06-25T14:58:48+08:00,btc-updown-5m-1782370500,https://polymarket.com/zh/event/btc-updown-5m-1782370500,14:55-15:00,19.00,80.00,18.00,79.00,680.94,15.00,167.84,120.00,18.50,79.50,1.00,1.00,13562.15,15977.34,16078.34,13557.15,18,81,79,19,,61641.95,,
2026-06-25T14:58:51+08:00,btc-updown-5m-1782370500,https://polymarket.com/zh/event/btc-updown-5m-1782370500,14:55-15:00,21.00,80.00,20.00,79.00,150.00,821.41,816.41,150.00,20.50,79.50,1.00,1.00,14152.15,16089.34,16095.35,14152.15,20,79,79,20,,61641.95,,
2026-06-25T14:58:53+08:00,btc-updown-5m-1782370500,https://polymarket.com/zh/event/btc-updown-5m-1782370500,14:55-15:00,17.00,84.00,16.00,83.00,396.09,554.77,99.71,262.76,16.50,83.50,1.00,1.00,13381.86,15877.34,15988.34,13639.46,16,83,83,16,,61634.78,,
2026-06-25T14:58:55+08:00,btc-updown-5m-1782370500,https://polymarket.com/zh/event/btc-updown-5m-1782370500,14:55-15:00,19.00,81.00,18.00,80.00,55.00,832.73,1028.93,101.07,18.50,80.50,1.00,1.00,11574.46,15483.34,15547.34,11609.46,18,81,80,19,,61635.98,,
2026-06-25T14:58:57+08:00,btc-updown-5m-1782370500,https://polymarket.com/zh/event/btc-updown-5m-1782370500,14:55-15:00,20.00,81.00,19.00,80.00,140.93,181.49,306.42,201.93,19.50,80.50,1.00,1.00,11069.46,15547.34,15572.34,10614.46,19,80,80,19,,61638.40,,
2026-06-25T14:59:00+08:00,btc-updown-5m-1782370500,https://polymarket.com/zh/event/btc-updown-5m-1782370500,14:55-15:00,16.00,85.00,15.00,84.00,261.51,20.00,99.88,368.76,15.50,84.50,1.00,1.00,10060.24,15857.34,15765.67,10553.57,15,84,84,15,,61638.40,,
2026-06-25T14:59:02+08:00,btc-updown-5m-1782370500,https://polymarket.com/zh/event/btc-updown-5m-1782370500,14:55-15:00,10.00,91.00,9.00,90.00,100.14,522.32,526.78,130.14,9.50,90.50,1.00,1.00,9476.08,15516.67,15610.67,10076.08,9,90,90,9,,61634.76,,
2026-06-25T14:59:04+08:00,btc-updown-5m-1782370500,https://polymarket.com/zh/event/btc-updown-5m-1782370500,14:55-15:00,10.00,92.00,9.00,91.00,50.58,515.25,22.50,35.01,9.50,91.50,1.00,1.00,9238.53,15440.67,15430.67,9208.53,9,90,91,8,,61634.76,,
2026-06-25T14:59:07+08:00,btc-updown-5m-1782370500,https://polymarket.com/zh/event/btc-updown-5m-1782370500,14:55-15:00,8.00,93.00,7.00,92.00,150.18,631.96,384.96,78.18,7.50,92.50,1.00,1.00,8232.05,15123.93,15113.93,8160.46,7,91,91,7,,61628.13,,
2026-06-25T14:59:09+08:00,btc-updown-5m-1782370500,https://polymarket.com/zh/event/btc-updown-5m-1782370500,14:55-15:00,9.00,92.00,8.00,91.00,152.12,224.49,278.60,102.12,8.50,91.50,1.00,1.00,9341.23,15273.93,15278.93,9327.23,8,91,91,8,,61627.11,,
2026-06-25T14:59:11+08:00,btc-updown-5m-1782370500,https://polymarket.com/zh/event/btc-updown-5m-1782370500,14:55-15:00,9.00,92.00,8.00,91.00,22.36,26.53,15.00,132.99,8.50,91.50,1.00,1.00,8120.96,15389.94,15283.93,8177.15,8,91,91,8,,61622.66,,
2026-06-25T14:59:14+08:00,btc-updown-5m-1782370500,https://polymarket.com/zh/event/btc-updown-5m-1782370500,14:55-15:00,6.00,96.00,5.00,95.00,103.10,443.90,110.86,29.00,5.50,95.50,1.00,1.00,7983.61,15343.93,15268.93,7794.46,5,94,94,4,,61621.60,,
2026-06-25T14:59:16+08:00,btc-updown-5m-1782370500,https://polymarket.com/zh/event/btc-updown-5m-1782370500,14:55-15:00,2.00,99.00,1.00,98.00,731.69,5229.41,5233.55,751.69,1.50,98.50,1.00,1.00,5233.55,14716.86,14625.86,5229.41,1,97,97,1,,61613.72,,
2026-06-25T14:59:18+08:00,btc-updown-5m-1782370500,https://polymarket.com/zh/event/btc-updown-5m-1782370500,14:55-15:00,3.00,98.00,2.00,97.00,580.58,199.85,167.31,541.35,2.50,97.50,1.00,1.00,4739.55,14625.86,14616.86,4753.09,2,97,97,2,,61613.73,,
2026-06-25T14:59:20+08:00,btc-updown-5m-1782370500,https://polymarket.com/zh/event/btc-updown-5m-1782370500,14:55-15:00,2.00,99.00,1.00,98.00,375.55,3664.32,3630.22,380.55,1.50,98.50,1.00,1.00,3630.22,14005.86,14026.86,3664.32,1,97,97,1,,61613.72,,
2026-06-25T14:59:23+08:00,btc-updown-5m-1782370500,https://polymarket.com/zh/event/btc-updown-5m-1782370500,14:55-15:00,3.00,98.00,2.00,97.00,432.62,91.37,91.37,495.55,2.50,97.50,1.00,1.00,2437.61,14115.86,14065.86,2403.67,2,97,97,2,,61620.95,,
2026-06-25T14:59:25+08:00,btc-updown-5m-1782370500,https://polymarket.com/zh/event/btc-updown-5m-1782370500,14:55-15:00,2.00,98.00,1.00,97.00,30.13,10.00,2438.89,353.46,1.50,97.50,1.00,1.00,2438.89,14070.86,14176.86,2351.43,1,98,97,2,,61620.96,,
2026-06-25T14:59:27+08:00,btc-updown-5m-1782370500,https://polymarket.com/zh/event/btc-updown-5m-1782370500,14:55-15:00,3.00,98.00,2.00,97.00,88.75,45.00,25.00,256.88,2.50,97.50,1.00,1.00,1951.11,14271.86,14175.85,1976.11,2,97,97,2,,61620.96,,
2026-06-25T14:59:30+08:00,btc-updown-5m-1782370500,https://polymarket.com/zh/event/btc-updown-5m-1782370500,14:55-15:00,4.00,97.00,3.00,96.00,833.84,3.65,4.69,845.84,3.50,96.50,1.00,1.00,1778.88,14181.85,14260.85,1772.84,2,96,96,2,,61622.67,,
2026-06-25T14:59:32+08:00,btc-updown-5m-1782370500,https://polymarket.com/zh/event/btc-updown-5m-1782370500,14:55-15:00,2.00,99.00,1.00,98.00,30.00,1698.53,1782.89,30.00,1.50,98.50,1.00,1.00,1782.89,13808.52,13728.52,1698.53,1,98,98,1,,61621.88,,
2026-06-25T14:59:34+08:00,btc-updown-5m-1782370500,https://polymarket.com/zh/event/btc-updown-5m-1782370500,14:55-15:00,2.00,98.00,1.00,97.00,25.00,15.00,1803.68,139.39,1.50,97.50,1.00,1.00,1803.68,13727.52,13757.52,1716.68,1,98,97,2,,61621.88,,
2026-06-25T14:59:36+08:00,btc-updown-5m-1782370500,https://polymarket.com/zh/event/btc-updown-5m-1782370500,14:55-15:00,1.00,,,99.00,4214.57,,,4214.57,,,,,,13010.53,12986.53,,0,91,90,0,,61621.89,,
2026-06-25T14:59:39+08:00,btc-updown-5m-1782370500,https://polymarket.com/zh/event/btc-updown-5m-1782370500,14:55-15:00,1.00,,,99.00,4502.61,,,4508.61,,,,,,13120.43,13125.43,,0,91,91,0,,61621.16,,
2026-06-25T14:59:41+08:00,btc-updown-5m-1782370500,https://polymarket.com/zh/event/btc-updown-5m-1782370500,14:55-15:00,1.00,,,99.00,3555.56,,,3567.56,,,,,,13120.43,13130.43,,0,94,94,0,,61621.16,,
2026-06-25T14:59:43+08:00,btc-updown-5m-1782370500,https://polymarket.com/zh/event/btc-updown-5m-1782370500,14:55-15:00,1.00,,,99.00,2686.09,,,2690.74,,,,,,13136.43,13125.43,,0,93,94,0,,61623.56,,
2026-06-25T14:59:45+08:00,btc-updown-5m-1782370500,https://polymarket.com/zh/event/btc-updown-5m-1782370500,14:55-15:00,1.00,,,99.00,2669.30,,,2679.40,,,,,,12270.94,12265.94,,0,82,82,0,,61628.55,,
2026-06-25T14:59:48+08:00,btc-updown-5m-1782370500,https://polymarket.com/zh/event/btc-updown-5m-1782370500,14:55-15:00,1.00,,,99.00,4325.97,,,4325.97,,,,,,12281.94,12280.94,,0,82,82,0,,61628.55,,
2026-06-25T14:59:50+08:00,btc-updown-5m-1782370500,https://polymarket.com/zh/event/btc-updown-5m-1782370500,14:55-15:00,1.00,,,99.00,4718.63,,,4723.63,,,,,,12301.94,12280.94,,0,74,74,0,,61628.01,,
2026-06-25T14:59:52+08:00,btc-updown-5m-1782370500,https://polymarket.com/zh/event/btc-updown-5m-1782370500,14:55-15:00,1.00,,,99.00,6990.63,,,6908.57,,,,,,11528.94,11498.94,,0,73,73,0,,61628.01,,
2026-06-25T14:59:55+08:00,btc-updown-5m-1782370500,https://polymarket.com/zh/event/btc-updown-5m-1782370500,14:55-15:00,1.00,,,99.00,10596.68,,,10596.68,,,,,,11455.94,11470.95,,0,73,73,0,,61628.00,,
2026-06-25T14:59:57+08:00,btc-updown-5m-1782370500,https://polymarket.com/zh/event/btc-updown-5m-1782370500,14:55-15:00,1.00,,,99.00,13118.81,,,13142.81,,,,,,11460.94,11476.94,,0,73,73,0,,61624.91,,
2026-06-25T14:59:59+08:00,btc-updown-5m-1782370500,https://polymarket.com/zh/event/btc-updown-5m-1782370500,14:55-15:00,1.00,,,99.00,39079.94,,,40546.94,,,,,,12335.94,12345.94,,0,78,65,0,,61624.91,,
2026-06-25T15:00:02+08:00,btc-updown-5m-1782370800,https://polymarket.com/zh/event/btc-updown-5m-1782370800,15:00-15:05,56.00,45.00,55.00,44.00,21.88,771.06,856.11,25.78,55.50,44.50,1.00,1.00,13872.80,13586.87,13571.87,13922.80,52,44,44,55,61632.96,61643.39,,
2026-06-25T15:00:04+08:00,btc-updown-5m-1782370800,https://polymarket.com/zh/event/btc-updown-5m-1782370800,15:00-15:05,57.00,44.00,56.00,43.00,930.36,39.86,46.68,903.69,56.50,43.50,1.00,1.00,14454.48,14269.34,14319.34,14599.48,56,43,43,56,61632.96,61636.40,,
2026-06-25T15:00:06+08:00,btc-updown-5m-1782370800,https://polymarket.com/zh/event/btc-updown-5m-1782370800,15:00-15:05,52.00,49.00,51.00,48.00,36.69,1444.59,1366.09,6.69,51.50,48.50,1.00,1.00,13659.59,13429.34,13419.34,13649.59,51,48,48,51,61632.96,61636.40,,
2026-06-25T15:00:09+08:00,btc-updown-5m-1782370800,https://polymarket.com/zh/event/btc-updown-5m-1782370800,15:00-15:05,52.00,49.00,51.00,48.00,78.55,738.12,751.25,57.96,51.50,48.50,1.00,1.00,11729.58,13434.44,11429.44,11619.58,51,48,48,51,61632.96,61631.84,,
2026-06-25T15:00:11+08:00,btc-updown-5m-1782370800,https://polymarket.com/zh/event/btc-updown-5m-1782370800,15:00-15:05,58.00,43.00,57.00,42.00,585.66,103.96,367.29,937.26,57.50,42.50,1.00,1.00,11672.91,11432.77,11427.77,11692.92,57,42,42,57,61632.96,61643.39,,
2026-06-25T15:00:13+08:00,btc-updown-5m-1782370800,https://polymarket.com/zh/event/btc-updown-5m-1782370800,15:00-15:05,58.00,43.00,57.00,42.00,70.00,343.09,184.92,501.42,57.50,42.50,1.00,1.00,11772.91,11442.77,11457.77,11677.91,57,42,42,57,61632.96,61638.19,,
2026-06-25T15:00:16+08:00,btc-updown-5m-1782370800,https://polymarket.com/zh/event/btc-updown-5m-1782370800,15:00-15:05,60.00,41.00,59.00,40.00,15.72,741.45,660.45,57.72,59.50,40.50,1.00,1.00,12292.91,11557.77,11542.77,11777.91,59,40,40,59,61632.96,61644.03,,
2026-06-25T15:00:18+08:00,btc-updown-5m-1782370800,https://polymarket.com/zh/event/btc-updown-5m-1782370800,15:00-15:05,59.00,43.00,58.00,42.00,1238.32,78.84,16.37,771.69,58.50,42.50,1.00,1.00,12092.91,11857.77,11847.77,11587.91,58,41,42,57,61632.96,61644.03,,
2026-06-25T15:00:20+08:00,btc-updown-5m-1782370800,https://polymarket.com/zh/event/btc-updown-5m-1782370800,15:00-15:05,68.00,36.00,63.00,32.00,115.00,40.00,488.34,115.00,65.50,34.00,5.00,4.00,11724.58,12045.43,12040.43,11734.94,63,32,32,64,61632.96,61660.99,,
2026-06-25T15:00:23+08:00,btc-updown-5m-1782370800,https://polymarket.com/zh/event/btc-updown-5m-1782370800,15:00-15:05,70.00,31.00,69.00,30.00,912.12,224.28,161.18,901.12,69.50,30.50,1.00,1.00,11545.69,11773.14,11758.14,11380.69,69,30,30,69,61632.96,61668.87,,
2026-06-25T15:00:25+08:00,btc-updown-5m-1782370800,https://polymarket.com/zh/event/btc-updown-5m-1782370800,15:00-15:05,70.00,31.00,69.00,30.00,760.07,106.94,131.94,759.36,69.50,30.50,1.00,1.00,11980.69,11632.14,11632.14,11490.69,69,30,30,69,61632.96,61671.12,,
2026-06-25T15:00:27+08:00,btc-updown-5m-1782370800,https://polymarket.com/zh/event/btc-updown-5m-1782370800,15:00-15:05,63.00,38.00,62.00,37.00,779.42,33.32,30.96,791.42,62.50,37.50,1.00,1.00,12238.58,12821.72,12831.72,12447.88,62,37,37,62,61632.96,61651.57,,
2026-06-25T15:00:30+08:00,btc-updown-5m-1782370800,https://polymarket.com/zh/event/btc-updown-5m-1782370800,15:00-15:05,59.00,42.00,58.00,41.00,752.13,203.79,153.79,642.42,58.50,41.50,1.00,1.00,13377.27,12931.12,12946.12,12687.27,58,41,41,58,61632.96,61650.43,,
2026-06-25T15:00:32+08:00,btc-updown-5m-1782370800,https://polymarket.com/zh/event/btc-updown-5m-1782370800,15:00-15:05,59.00,42.00,58.00,41.00,648.97,707.96,183.62,185.86,58.50,41.50,1.00,1.00,12785.68,12797.12,12802.12,12760.67,58,41,41,58,61632.96,61650.43,,
2026-06-25T15:00:34+08:00,btc-updown-5m-1782370800,https://polymarket.com/zh/event/btc-updown-5m-1782370800,15:00-15:05,61.00,40.00,60.00,39.00,110.50,699.36,835.43,68.72,60.50,39.50,1.00,1.00,12780.67,13197.12,13207.12,12775.67,60,39,39,60,61632.96,61650.43,,
2026-06-25T15:00:37+08:00,btc-updown-5m-1782370800,https://polymarket.com/zh/event/btc-updown-5m-1782370800,15:00-15:05,62.00,39.00,61.00,38.00,30.00,907.27,964.38,53.00,61.50,38.50,1.00,1.00,12760.67,13307.12,13307.12,12880.67,61,38,38,61,61632.96,61652.23,,
2026-06-25T15:00:39+08:00,btc-updown-5m-1782370800,https://polymarket.com/zh/event/btc-updown-5m-1782370800,15:00-15:05,65.00,36.00,64.00,35.00,666.99,246.30,306.30,646.46,64.50,35.50,1.00,1.00,13234.71,15472.12,15482.12,12859.71,64,35,35,64,61632.96,61653.03,,
2026-06-25T15:00:41+08:00,btc-updown-5m-1782370800,https://polymarket.com/zh/event/btc-updown-5m-1782370800,15:00-15:05,55.00,46.00,54.00,45.00,865.77,267.60,355.47,808.97,54.50,45.50,1.00,1.00,12864.71,15172.12,15487.12,13544.72,54,45,45,54,61632.96,61650.44,,
2026-06-25T15:00:43+08:00,btc-updown-5m-1782370800,https://polymarket.com/zh/event/btc-updown-5m-1782370800,15:00-15:05,57.00,44.00,56.00,43.00,91.22,671.48,608.06,44.19,56.50,43.50,1.00,1.00,13349.71,15782.12,15772.12,13529.71,56,43,43,56,61632.96,61643.03,,
2026-06-25T15:00:46+08:00,btc-updown-5m-1782370800,https://polymarket.com/zh/event/btc-updown-5m-1782370800,15:00-15:05,58.00,43.00,57.00,42.00,1052.00,22.33,22.33,1178.00,57.50,42.50,1.00,1.00,12959.73,15777.12,15772.12,13359.72,57,42,42,57,61632.96,61643.03,,
2026-06-25T15:00:48+08:00,btc-updown-5m-1782370800,https://polymarket.com/zh/event/btc-updown-5m-1782370800,15:00-15:05,55.00,46.00,54.00,45.00,397.64,279.03,196.28,274.54,54.50,45.50,1.00,1.00,12854.72,15187.12,15177.12,13354.71,54,45,45,54,61632.96,61641.84,,
2026-06-25T15:00:50+08:00,btc-updown-5m-1782370800,https://polymarket.com/zh/event/btc-updown-5m-1782370800,15:00-15:05,60.00,41.00,59.00,40.00,50.00,684.27,642.73,101.79,59.50,40.50,1.00,1.00,12834.71,15172.12,15177.12,12839.71,59,40,40,59,61632.96,61643.56,,
2026-06-25T15:00:53+08:00,btc-updown-5m-1782370800,https://polymarket.com/zh/event/btc-updown-5m-1782370800,15:00-15:05,60.00,41.00,59.00,40.00,791.01,90.00,96.00,789.19,59.50,40.50,1.00,1.00,13529.71,15172.12,15187.12,12729.71,59,40,40,59,61632.96,61646.78,,
2026-06-25T15:00:55+08:00,btc-updown-5m-1782370800,https://polymarket.com/zh/event/btc-updown-5m-1782370800,15:00-15:05,59.00,42.00,58.00,41.00,81.57,141.00,267.60,567.19,58.50,41.50,1.00,1.00,13239.71,15582.12,15507.12,13444.72,58,41,41,58,61632.96,61646.79,,
2026-06-25T15:00:58+08:00,btc-updown-5m-1782370800,https://polymarket.com/zh/event/btc-updown-5m-1782370800,15:00-15:05,59.00,42.00,58.00,41.00,1046.22,52.45,47.45,1064.84,58.50,41.50,1.00,1.00,12944.71,15592.12,15552.12,13234.71,58,41,41,58,61632.96,61647.99,,
2026-06-25T15:01:00+08:00,btc-updown-5m-1782370800,https://polymarket.com/zh/event/btc-updown-5m-1782370800,15:00-15:05,54.00,47.00,53.00,46.00,364.65,68.00,178.97,432.04,53.50,46.50,1.00,1.00,19679.71,21572.12,21577.12,19689.72,53,46,46,53,61632.96,61642.58,,
2026-06-25T15:01:02+08:00,btc-updown-5m-1782370800,https://polymarket.com/zh/event/btc-updown-5m-1782370800,15:00-15:05,53.00,48.00,52.00,47.00,689.22,559.64,100.00,115.52,52.50,47.50,1.00,1.00,19499.71,21522.12,21517.12,19694.71,52,47,47,52,61632.96,61642.58,,
2026-06-25T15:01:05+08:00,btc-updown-5m-1782370800,https://polymarket.com/zh/event/btc-updown-5m-1782370800,15:00-15:05,54.00,42.00,53.00,41.00,74.72,75.00,499.48,528.34,53.50,41.50,1.00,1.00,20184.71,21452.12,21417.12,19674.71,53,46,41,57,61632.96,61642.59,,
2026-06-25T15:01:07+08:00,btc-updown-5m-1782370800,https://polymarket.com/zh/event/btc-updown-5m-1782370800,15:00-15:05,60.00,40.00,59.00,39.00,5.00,839.69,430.00,93.00,59.50,39.50,1.00,1.00,19342.72,21295.12,21290.12,19332.71,59,40,39,60,61632.96,61642.58,,
2026-06-25T15:01:09+08:00,btc-updown-5m-1782370800,https://polymarket.com/zh/event/btc-updown-5m-1782370800,15:00-15:05,66.00,33.00,65.00,32.00,75.12,10.68,50.00,44.00,65.50,32.50,1.00,1.00,19447.72,15350.12,15549.12,19522.72,65,34,32,67,61632.96,61649.48,,
2026-06-25T15:01:12+08:00,btc-updown-5m-1782370800,https://polymarket.com/zh/event/btc-updown-5m-1782370800,15:00-15:05,62.00,39.00,61.00,38.00,597.98,24.36,81.57,779.72,61.50,38.50,1.00,1.00,19447.71,15550.12,15545.12,19527.71,61,38,38,61,61632.96,61649.18,,
2026-06-25T15:01:14+08:00,btc-updown-5m-1782370800,https://polymarket.com/zh/event/btc-updown-5m-1782370800,15:00-15:05,60.00,41.00,59.00,40.00,1183.87,105.00,142.00,800.82,59.50,40.50,1.00,1.00,19942.72,15600.12,15610.12,19937.71,59,40,40,59,61632.96,61649.20,,
2026-06-25T15:01:16+08:00,btc-updown-5m-1782370800,https://polymarket.com/zh/event/btc-updown-5m-1782370800,15:00-15:05,62.00,41.00,61.00,39.00,885.79,182.00,42.28,50.00,61.50,40.00,1.00,2.00,20022.71,15060.12,15065.12,19457.71,61,38,39,59,61632.96,61649.75,,
2026-06-25T15:01:18+08:00,btc-updown-5m-1782370800,https://polymarket.com/zh/event/btc-updown-5m-1782370800,15:00-15:05,58.00,43.00,57.00,42.00,143.66,242.83,418.88,570.92,57.50,42.50,1.00,1.00,20137.72,20530.12,20530.12,20022.71,57,42,42,57,61632.96,61649.75,,
2026-06-25T15:01:21+08:00,btc-updown-5m-1782370800,https://polymarket.com/zh/event/btc-updown-5m-1782370800,15:00-15:05,58.00,43.00,57.00,42.00,351.65,78.20,78.20,326.61,57.50,42.50,1.00,1.00,19522.71,20535.12,20570.12,20032.71,57,42,42,57,61632.96,61649.19,,
2026-06-25T15:01:23+08:00,btc-updown-5m-1782370800,https://polymarket.com/zh/event/btc-updown-5m-1782370800,15:00-15:05,57.00,46.00,56.00,45.00,1484.39,75.67,28.76,338.65,56.50,45.50,1.00,1.00,19427.71,21435.12,21430.12,20017.71,56,43,45,54,61632.96,61645.26,,
2026-06-25T15:01:25+08:00,btc-updown-5m-1782370800,https://polymarket.com/zh/event/btc-updown-5m-1782370800,15:00-15:05,56.00,43.00,55.00,42.00,132.00,536.95,642.24,208.83,55.50,42.50,1.00,1.00,20027.71,21435.12,21445.12,19532.71,55,44,42,57,61632.96,61642.58,,
2026-06-25T15:01:28+08:00,btc-updown-5m-1782370800,https://polymarket.com/zh/event/btc-updown-5m-1782370800,15:00-15:05,58.00,43.00,57.00,42.00,51.63,792.28,1094.28,2.93,57.50,42.50,1.00,1.00,19637.71,21890.12,21995.12,20137.71,57,42,42,57,61632.96,61643.71,,
2026-06-25T15:01:30+08:00,btc-updown-5m-1782370800,https://polymarket.com/zh/event/btc-updown-5m-1782370800,15:00-15:05,61.00,40.00,60.00,39.00,958.61,18.57,43.31,991.61,60.50,39.50,1.00,1.00,19937.71,21800.12,21790.12,20042.72,60,39,39,60,61632.96,61647.35,,
2026-06-25T15:01:32+08:00,btc-updown-5m-1782370800,https://polymarket.com/zh/event/btc-updown-5m-1782370800,15:00-15:05,57.00,44.00,56.00,43.00,322.91,875.57,696.03,220.51,56.50,43.50,1.00,1.00,19524.71,20822.12,20837.12,19505.71,56,43,43,56,61632.96,61641.31,,
2026-06-25T15:01:44+08:00,btc-updown-5m-1782370800,https://polymarket.com/zh/event/btc-updown-5m-1782370800,15:00-15:05,65.00,29.00,64.00,28.00,231.31,125.84,480.10,310.26,64.50,28.50,1.00,1.00,19915.71,21093.12,13663.12,19355.71,64,35,28,71,61632.96,61664.51,,
2026-06-25T15:01:46+08:00,btc-updown-5m-1782370800,https://polymarket.com/zh/event/btc-updown-5m-1782370800,15:00-15:05,73.00,28.00,72.00,27.00,369.94,5.00,91.98,527.60,72.50,27.50,1.00,1.00,19575.71,13663.12,13503.12,19680.71,72,27,27,72,61632.96,61664.51,,
2026-06-25T15:01:49+08:00,btc-updown-5m-1782370800,https://polymarket.com/zh/event/btc-updown-5m-1782370800,15:00-15:05,68.00,33.00,67.00,32.00,107.89,129.83,258.17,413.44,67.50,32.50,1.00,1.00,19980.71,13663.12,13567.12,19780.71,67,32,32,67,61632.96,61660.29,,
2026-06-25T15:01:51+08:00,btc-updown-5m-1782370800,https://polymarket.com/zh/event/btc-updown-5m-1782370800,15:00-15:05,71.00,30.00,70.00,29.00,103.09,322.75,230.40,161.09,70.50,29.50,1.00,1.00,20310.72,13423.12,13423.12,20305.72,70,29,29,70,61632.96,61657.07,,
2026-06-25T15:01:53+08:00,btc-updown-5m-1782370800,https://polymarket.com/zh/event/btc-updown-5m-1782370800,15:00-15:05,80.00,21.00,79.00,20.00,158.07,288.96,294.28,166.78,79.50,20.50,1.00,1.00,19230.72,13276.12,13276.12,19230.72,79,20,20,79,61632.96,61676.75,,
2026-06-25T15:01:56+08:00,btc-updown-5m-1782370800,https://polymarket.com/zh/event/btc-updown-5m-1782370800,15:00-15:05,81.00,20.00,80.00,19.00,107.74,114.49,191.24,121.40,80.50,19.50,1.00,1.00,19565.73,13195.12,13195.12,19360.72,80,19,19,80,61632.96,61676.75,,
2026-06-25T15:01:58+08:00,btc-updown-5m-1782370800,https://polymarket.com/zh/event/btc-updown-5m-1782370800,15:00-15:05,81.00,20.00,80.00,18.00,5.00,112.40,68.82,69.43,80.50,19.00,1.00,2.00,19121.72,13075.30,13095.30,19221.72,80,19,18,80,61632.96,61676.75,,
2026-06-25T15:02:00+08:00,btc-updown-5m-1782370800,https://polymarket.com/zh/event/btc-updown-5m-1782370800,15:00-15:05,81.00,20.00,80.00,19.00,129.95,6.52,11.52,188.80,80.50,19.50,1.00,1.00,19534.73,13062.30,13062.30,19519.72,80,19,19,80,61632.96,61679.87,,
2026-06-25T15:02:14+08:00,btc-updown-5m-1782370800,https://polymarket.com/zh/event/btc-updown-5m-1782370800,15:00-15:05,71.00,30.00,70.00,29.00,28.73,414.68,444.58,14.00,70.50,29.50,1.00,1.00,19370.74,13375.29,13375.29,19570.75,70,29,29,70,61632.96,61661.02,,
2026-06-25T15:02:16+08:00,btc-updown-5m-1782370800,https://polymarket.com/zh/event/btc-updown-5m-1782370800,15:00-15:05,73.00,28.00,72.00,27.00,295.39,195.70,122.00,414.32,72.50,27.50,1.00,1.00,19485.75,13564.29,13564.29,19485.76,72,27,27,72,61632.96,61665.40,,
2026-06-25T15:02:18+08:00,btc-updown-5m-1782370800,https://polymarket.com/zh/event/btc-updown-5m-1782370800,15:00-15:05,72.00,20.00,71.00,19.00,5.00,45.00,694.13,269.71,71.50,19.50,1.00,1.00,19555.76,13665.29,13715.29,19665.77,71,28,19,79,61632.96,61665.46,,
2026-06-25T15:02:21+08:00,btc-updown-5m-1782370800,https://polymarket.com/zh/event/btc-updown-5m-1782370800,15:00-15:05,76.00,29.00,75.00,28.00,1032.87,276.98,11.00,208.07,75.50,28.50,1.00,1.00,19450.72,13127.29,13127.29,19145.71,75,24,25,71,61632.96,61664.00,,
2026-06-25T15:02:23+08:00,btc-updown-5m-1782370800,https://polymarket.com/zh/event/btc-updown-5m-1782370800,15:00-15:05,76.00,25.00,75.00,24.00,18.67,639.21,722.92,143.84,75.50,24.50,1.00,1.00,18730.71,13026.29,13026.29,19430.71,75,24,24,75,61632.96,61663.99,,
2026-06-25T15:02:25+08:00,btc-updown-5m-1782370800,https://polymarket.com/zh/event/btc-updown-5m-1782370800,15:00-15:05,76.00,25.00,75.00,24.00,124.59,712.21,743.60,137.59,75.50,24.50,1.00,1.00,18755.71,12925.29,12925.29,19330.71,75,24,24,75,61632.96,61663.99,,
2026-06-25T15:02:27+08:00,btc-updown-5m-1782370800,https://polymarket.com/zh/event/btc-updown-5m-1782370800,15:00-15:05,76.00,25.00,75.00,24.00,77.67,821.87,962.56,77.67,75.50,24.50,1.00,1.00,19445.71,12925.29,12925.29,18830.71,75,24,24,75,61632.96,61663.99,,
2026-06-25T15:02:30+08:00,btc-updown-5m-1782370800,https://polymarket.com/zh/event/btc-updown-5m-1782370800,15:00-15:05,78.00,22.00,77.00,21.00,1.95,704.42,1309.87,143.17,77.50,21.50,1.00,1.00,18935.71,12813.29,12813.29,19265.71,77,22,21,78,61632.96,61663.99,,
2026-06-25T15:02:32+08:00,btc-updown-5m-1782370800,https://polymarket.com/zh/event/btc-updown-5m-1782370800,15:00-15:05,75.00,26.00,74.00,25.00,887.34,28.00,18.00,819.72,74.50,25.50,1.00,1.00,18708.72,12878.29,12878.29,18703.71,74,25,25,74,61632.96,61663.62,,
2026-06-25T15:02:34+08:00,btc-updown-5m-1782370800,https://polymarket.com/zh/event/btc-updown-5m-1782370800,15:00-15:05,68.00,33.00,67.00,32.00,1052.74,37.50,5.00,924.80,67.50,32.50,1.00,1.00,18703.71,12628.29,12628.29,19103.72,67,32,32,67,61632.96,61657.06,,
2026-06-25T15:02:37+08:00,btc-updown-5m-1782370800,https://polymarket.com/zh/event/btc-updown-5m-1782370800,15:00-15:05,61.00,41.00,60.00,40.00,1426.47,50.00,53.00,993.45,60.50,40.50,1.00,1.00,18798.71,20973.29,20963.29,18688.71,60,39,40,59,61632.96,61645.24,,
2026-06-25T15:02:39+08:00,btc-updown-5m-1782370800,https://polymarket.com/zh/event/btc-updown-5m-1782370800,15:00-15:05,58.00,43.00,57.00,42.00,197.00,8.79,8.79,625.38,57.50,42.50,1.00,1.00,19093.71,21010.29,20793.29,18503.72,55,42,42,55,61632.96,61629.48,,
2026-06-25T15:02:41+08:00,btc-updown-5m-1782370800,https://polymarket.com/zh/event/btc-updown-5m-1782370800,15:00-15:05,42.00,60.00,40.00,59.00,136.53,44.55,477.71,15.00,41.00,59.50,2.00,1.00,17161.71,20631.14,20621.13,17293.71,39,58,59,39,61632.96,61602.06,,
2026-06-25T15:02:43+08:00,btc-updown-5m-1782370800,https://polymarket.com/zh/event/btc-updown-5m-1782370800,15:00-15:05,31.00,70.00,30.00,69.00,1039.25,142.84,109.94,1018.25,30.50,69.50,1.00,1.00,17693.71,20747.12,20756.13,19703.71,30,69,69,30,61632.96,61600.06,,
2026-06-25T15:02:46+08:00,btc-updown-5m-1782370800,https://polymarket.com/zh/event/btc-updown-5m-1782370800,15:00-15:05,32.00,69.00,31.00,68.00,640.68,203.39,168.87,457.03,31.50,68.50,1.00,1.00,19533.71,18556.12,18446.12,19403.71,31,68,68,31,61632.96,61600.07,,
2026-06-25T15:02:48+08:00,btc-updown-5m-1782370800,https://polymarket.com/zh/event/btc-updown-5m-1782370800,15:00-15:05,32.00,69.00,31.00,68.00,243.00,385.36,247.26,320.00,31.50,68.50,1.00,1.00,18938.71,18731.12,18721.12,19028.71,31,68,68,31,61632.96,61600.06,,
2026-06-25T15:02:50+08:00,btc-updown-5m-1782370800,https://polymarket.com/zh/event/btc-updown-5m-1782370800,15:00-15:05,28.00,73.00,27.00,72.00,123.66,675.21,559.78,140.08,27.50,72.50,1.00,1.00,14699.71,18716.12,18821.12,14794.71,27,72,72,27,61632.96,61595.56,,
2026-06-25T15:02:53+08:00,btc-updown-5m-1782370800,https://polymarket.com/zh/event/btc-updown-5m-1782370800,15:00-15:05,19.00,82.00,18.00,73.00,447.22,255.00,192.52,10.00,18.50,77.50,1.00,9.00,14205.71,18731.12,18727.12,13980.71,18,81,69,18,61632.96,61586.15,,
2026-06-25T15:02:55+08:00,btc-updown-5m-1782370800,https://polymarket.com/zh/event/btc-updown-5m-1782370800,15:00-15:05,28.00,73.00,27.00,72.00,224.38,266.18,221.33,123.14,27.50,72.50,1.00,1.00,14628.71,18726.12,18826.12,14728.71,27,72,72,27,61632.96,61588.04,,
2026-06-25T15:02:57+08:00,btc-updown-5m-1782370800,https://polymarket.com/zh/event/btc-updown-5m-1782370800,15:00-15:05,30.00,71.00,29.00,70.00,205.00,29.11,9.61,262.03,29.50,70.50,1.00,1.00,14441.71,18731.12,18726.12,14391.71,29,70,70,29,61632.96,61594.15,,
2026-06-25T15:03:00+08:00,btc-updown-5m-1782370800,https://polymarket.com/zh/event/btc-updown-5m-1782370800,15:00-15:05,22.00,79.00,21.00,78.00,341.49,421.00,113.51,78.98,21.50,78.50,1.00,1.00,12639.26,19052.12,19027.12,12614.26,21,78,78,21,61632.96,61578.57,,
2026-06-25T15:03:02+08:00,btc-updown-5m-1782370800,https://polymarket.com/zh/event/btc-updown-5m-1782370800,15:00-15:05,18.00,83.00,17.00,82.00,50.31,366.78,526.69,31.47,17.50,82.50,1.00,1.00,11028.71,17702.13,17707.13,11028.71,17,82,82,17,61632.96,61568.03,,
2026-06-25T15:03:04+08:00,btc-updown-5m-1782370800,https://polymarket.com/zh/event/btc-updown-5m-1782370800,15:00-15:05,23.00,76.00,20.00,75.00,70.00,30.00,312.42,109.17,21.50,75.50,3.00,1.00,11243.71,17677.12,17683.12,10643.71,20,77,75,24,61632.96,61569.91,,
2026-06-25T15:03:06+08:00,btc-updown-5m-1782370800,https://polymarket.com/zh/event/btc-updown-5m-1782370800,15:00-15:05,22.00,79.00,21.00,78.00,127.78,85.36,193.31,310.37,21.50,78.50,1.00,1.00,10892.71,17615.83,17616.83,10892.71,21,78,78,21,61632.96,61581.56,,
2026-06-25T15:03:09+08:00,btc-updown-5m-1782370800,https://polymarket.com/zh/event/btc-updown-5m-1782370800,15:00-15:05,24.00,77.00,23.00,76.00,277.85,124.37,71.67,251.60,23.50,76.50,1.00,1.00,11454.34,17545.83,17445.83,11454.34,23,76,76,23,61632.96,61581.56,,
2026-06-25T15:03:11+08:00,btc-updown-5m-1782370800,https://polymarket.com/zh/event/btc-updown-5m-1782370800,15:00-15:05,25.00,76.00,24.00,75.00,31.72,23.58,161.12,65.00,24.50,75.50,1.00,1.00,11534.34,17574.80,17483.80,11541.51,24,75,75,24,61632.96,61577.42,,
2026-06-25T15:03:13+08:00,btc-updown-5m-1782370800,https://polymarket.com/zh/event/btc-updown-5m-1782370800,15:00-15:05,29.00,71.00,28.00,70.00,65.20,298.96,765.26,109.11,28.50,70.50,1.00,1.00,11571.51,17569.81,17583.80,11571.51,28,71,70,29,61632.96,61578.00,,
2026-06-25T15:03:16+08:00,btc-updown-5m-1782370800,https://polymarket.com/zh/event/btc-updown-5m-1782370800,15:00-15:05,35.00,66.00,34.00,65.00,116.88,121.13,65.00,234.24,34.50,65.50,1.00,1.00,10528.51,17479.80,17458.81,11386.51,34,65,65,34,61632.96,61586.24,,
2026-06-25T15:03:18+08:00,btc-updown-5m-1782370800,https://polymarket.com/zh/event/btc-updown-5m-1782370800,15:00-15:05,35.00,66.00,34.00,65.00,277.11,302.02,532.03,411.99,34.50,65.50,1.00,1.00,11496.51,17588.80,17558.80,11486.51,34,65,65,34,61632.96,61590.07,,
2026-06-25T15:03:20+08:00,btc-updown-5m-1782370800,https://polymarket.com/zh/event/btc-updown-5m-1782370800,15:00-15:05,40.00,62.00,39.00,60.00,684.36,15.00,60.00,646.76,39.50,61.00,1.00,2.00,10570.83,17213.80,16504.80,10555.83,39,60,60,38,61632.96,61590.41,,
2026-06-25T15:03:22+08:00,btc-updown-5m-1782370800,https://polymarket.com/zh/event/btc-updown-5m-1782370800,15:00-15:05,31.00,70.00,30.00,69.00,459.44,1046.49,498.73,171.68,30.50,69.50,1.00,1.00,10046.83,16268.13,16202.12,11104.83,30,69,69,30,61632.96,61587.70,,
2026-06-25T15:03:25+08:00,btc-updown-5m-1782370800,https://polymarket.com/zh/event/btc-updown-5m-1782370800,15:00-15:05,33.00,68.00,32.00,67.00,181.15,30.00,382.10,407.74,32.50,67.50,1.00,1.00,11084.83,16183.10,16178.10,10979.83,32,67,67,32,61632.96,61588.00,,
2026-06-25T15:03:27+08:00,btc-updown-5m-1782370800,https://polymarket.com/zh/event/btc-updown-5m-1782370800,15:00-15:05,35.00,66.00,33.00,65.00,55.00,637.72,579.64,5.00,34.00,65.50,2.00,1.00,10066.83,16072.10,16182.10,10650.83,33,65,65,34,61632.96,61590.21,,
2026-06-25T15:03:29+08:00,btc-updown-5m-1782370800,https://polymarket.com/zh/event/btc-updown-5m-1782370800,15:00-15:05,43.00,58.00,42.00,56.00,48.60,97.52,260.01,515.64,42.50,57.00,1.00,2.00,10957.83,16167.10,16077.10,11057.83,42,57,56,42,61632.96,61600.04,,
2026-06-25T15:03:32+08:00,btc-updown-5m-1782370800,https://polymarket.com/zh/event/btc-updown-5m-1782370800,15:00-15:05,51.00,50.00,50.00,49.00,11.08,712.63,570.76,9.75,50.50,49.50,1.00,1.00,12427.83,15892.10,15927.10,12916.83,50,47,48,50,61632.96,61600.03,,
2026-06-25T15:03:34+08:00,btc-updown-5m-1782370800,https://polymarket.com/zh/event/btc-updown-5m-1782370800,15:00-15:05,52.00,50.00,51.00,49.00,272.26,222.45,36.44,319.07,51.50,49.50,1.00,1.00,13311.83,15907.10,15932.10,12806.83,51,48,49,50,61632.96,61605.83,,
2026-06-25T15:03:36+08:00,btc-updown-5m-1782370800,https://polymarket.com/zh/event/btc-updown-5m-1782370800,15:00-15:05,52.00,50.00,51.00,49.00,213.22,70.00,26.33,392.54,51.50,49.50,1.00,1.00,12691.83,15292.10,15272.10,12801.83,51,48,49,50,61632.96,61605.83,,
2026-06-25T15:03:39+08:00,btc-updown-5m-1782370800,https://polymarket.com/zh/event/btc-updown-5m-1782370800,15:00-15:05,50.00,51.00,49.00,50.00,62.90,244.54,142.59,72.00,49.50,50.50,1.00,1.00,12307.52,15293.63,15278.63,12297.52,49,50,50,49,61632.96,61609.77,,
2026-06-25T15:03:41+08:00,btc-updown-5m-1782370800,https://polymarket.com/zh/event/btc-updown-5m-1782370800,15:00-15:05,48.00,53.00,47.00,52.00,132.63,411.55,262.55,121.63,47.50,52.50,1.00,1.00,12348.52,15378.63,15303.63,12357.52,47,52,52,47,61632.96,61605.84,,
2026-06-25T15:03:43+08:00,btc-updown-5m-1782370800,https://polymarket.com/zh/event/btc-updown-5m-1782370800,15:00-15:05,49.00,52.00,48.00,51.00,133.01,293.72,202.72,93.01,48.50,51.50,1.00,1.00,12811.52,15334.85,15318.85,12796.52,48,51,51,48,61632.96,61600.06,,
2026-06-25T15:03:45+08:00,btc-updown-5m-1782370800,https://polymarket.com/zh/event/btc-updown-5m-1782370800,15:00-15:05,46.00,53.00,45.00,52.00,63.29,271.58,516.42,2.27,45.50,52.50,1.00,1.00,12493.87,15339.70,15419.70,12488.87,45,53,52,47,61632.96,61597.96,,
2026-06-25T15:03:48+08:00,btc-updown-5m-1782370800,https://polymarket.com/zh/event/btc-updown-5m-1782370800,15:00-15:05,50.00,51.00,49.00,50.00,94.23,501.03,94.22,75.00,49.50,50.50,1.00,1.00,12492.51,15338.70,15424.70,11036.51,49,50,50,49,61632.96,61598.22,,
2026-06-25T15:03:50+08:00,btc-updown-5m-1782370800,https://polymarket.com/zh/event/btc-updown-5m-1782370800,15:00-15:05,80.00,22.00,79.00,21.00,71.89,155.07,15.73,259.26,79.50,21.50,1.00,1.00,19019.52,15756.71,15756.71,19519.52,78,20,21,78,61632.96,61621.77,,
2026-06-25T15:03:52+08:00,btc-updown-5m-1782370800,https://polymarket.com/zh/event/btc-updown-5m-1782370800,15:00-15:05,78.00,23.00,77.00,22.00,797.85,91.10,55.45,744.67,77.50,22.50,1.00,1.00,19937.45,17195.71,17180.71,20142.45,77,22,22,77,61632.96,61625.53,,
2026-06-25T15:03:55+08:00,btc-updown-5m-1782370800,https://polymarket.com/zh/event/btc-updown-5m-1782370800,15:00-15:05,77.00,24.00,76.00,23.00,491.46,251.00,301.00,475.66,76.50,23.50,1.00,1.00,19098.28,17746.71,17546.71,18108.28,76,23,23,76,61632.96,61633.11,,
2026-06-25T15:03:57+08:00,btc-updown-5m-1782370800,https://polymarket.com/zh/event/btc-updown-5m-1782370800,15:00-15:05,68.00,33.00,67.00,32.00,493.43,171.54,211.54,658.43,67.50,32.50,1.00,1.00,18483.28,16954.71,16891.71,18463.28,66,32,32,67,61632.96,61626.61,,
2026-06-25T15:03:59+08:00,btc-updown-5m-1782370800,https://polymarket.com/zh/event/btc-updown-5m-1782370800,15:00-15:05,59.00,42.00,58.00,41.00,110.40,45.00,91.78,293.58,58.50,41.50,1.00,1.00,17378.29,16756.61,16766.61,19243.28,58,41,41,58,61632.96,61625.54,,
2026-06-25T15:04:02+08:00,btc-updown-5m-1782370800,https://polymarket.com/zh/event/btc-updown-5m-1782370800,15:00-15:05,58.00,43.00,57.00,42.00,244.68,157.47,152.47,207.64,57.50,42.50,1.00,1.00,18810.51,17919.94,17909.94,18805.51,57,37,37,57,61632.96,61618.12,,
2026-06-25T15:04:04+08:00,btc-updown-5m-1782370800,https://polymarket.com/zh/event/btc-updown-5m-1782370800,15:00-15:05,60.00,41.00,59.00,40.00,162.10,62.92,96.92,107.54,59.50,40.50,1.00,1.00,20006.51,15309.94,15309.94,19336.51,59,35,36,59,61632.96,61617.66,,
2026-06-25T15:04:06+08:00,btc-updown-5m-1782370800,https://polymarket.com/zh/event/btc-updown-5m-1782370800,15:00-15:05,66.00,39.00,65.00,38.00,217.95,73.72,24.18,65.00,65.50,38.50,1.00,1.00,19426.51,15045.86,15050.86,18931.51,63,30,34,61,61632.96,61618.11,,
2026-06-25T15:04:09+08:00,btc-updown-5m-1782370800,https://polymarket.com/zh/event/btc-updown-5m-1782370800,15:00-15:05,55.00,48.00,51.00,47.00,106.80,355.05,89.38,36.65,53.00,47.50,4.00,1.00,17404.51,15090.86,15085.86,17504.52,50,43,46,52,61632.96,61611.98,,
2026-06-25T15:04:11+08:00,btc-updown-5m-1782370800,https://polymarket.com/zh/event/btc-updown-5m-1782370800,15:00-15:05,61.00,45.00,60.00,44.00,338.63,101.20,12.75,5.36,60.50,44.50,1.00,1.00,17415.52,15097.81,15237.81,17500.51,56,38,42,53,61632.96,61611.93,,
2026-06-25T15:04:13+08:00,btc-updown-5m-1782370800,https://polymarket.com/zh/event/btc-updown-5m-1782370800,15:00-15:05,52.00,54.00,49.00,53.00,227.00,806.29,11.24,85.54,50.50,53.50,3.00,1.00,10560.52,15722.81,15737.82,11105.51,49,47,49,43,61632.96,61611.93,,
2026-06-25T15:04:15+08:00,btc-updown-5m-1782370800,https://polymarket.com/zh/event/btc-updown-5m-1782370800,15:00-15:05,50.00,51.00,49.00,50.00,200.17,447.10,275.93,67.54,49.50,50.50,1.00,1.00,12500.51,15848.81,15733.81,12085.51,46,49,46,41,61632.96,61602.83,,
2026-06-25T15:04:18+08:00,btc-updown-5m-1782370800,https://polymarket.com/zh/event/btc-updown-5m-1782370800,15:00-15:05,47.00,57.00,46.00,56.00,178.45,197.82,40.00,51.00,46.50,56.50,1.00,1.00,12460.51,16155.25,16050.24,12460.51,46,47,49,43,61632.96,61604.66,,
2026-06-25T15:04:20+08:00,btc-updown-5m-1782370800,https://polymarket.com/zh/event/btc-updown-5m-1782370800,15:00-15:05,46.00,55.00,45.00,54.00,178.33,37.00,39.90,180.82,45.50,54.50,1.00,1.00,11895.51,15455.24,15445.24,11475.51,41,50,50,41,61632.96,61604.66,,
2026-06-25T15:04:22+08:00,btc-updown-5m-1782370800,https://polymarket.com/zh/event/btc-updown-5m-1782370800,15:00-15:05,57.00,44.00,56.00,43.00,193.07,30.78,40.93,285.09,56.50,43.50,1.00,1.00,11948.53,15605.24,15610.24,12048.54,53,40,39,53,61632.96,61613.72,,
2026-06-25T15:04:24+08:00,btc-updown-5m-1782370800,https://polymarket.com/zh/event/btc-updown-5m-1782370800,15:00-15:05,35.00,64.00,34.00,55.00,40.00,65.00,522.61,50.00,34.50,59.50,1.00,9.00,11341.53,15615.24,15715.24,11470.53,34,52,50,36,61632.96,61610.32,,
2026-06-25T15:04:27+08:00,btc-updown-5m-1782370800,https://polymarket.com/zh/event/btc-updown-5m-1782370800,15:00-15:05,46.00,63.00,45.00,60.00,95.00,159.00,10.00,15.00,45.50,61.50,1.00,3.00,9728.53,15475.24,15575.24,9819.53,36,48,57,30,61632.96,61605.19,,
2026-06-25T15:04:29+08:00,btc-updown-5m-1782370800,https://polymarket.com/zh/event/btc-updown-5m-1782370800,15:00-15:05,28.00,62.00,27.00,61.00,203.01,45.00,524.81,42.00,27.50,61.50,1.00,1.00,9469.55,15496.24,15485.24,9571.43,26,63,59,34,61632.96,61594.01,,
2026-06-25T15:04:31+08:00,btc-updown-5m-1782370800,https://polymarket.com/zh/event/btc-updown-5m-1782370800,15:00-15:05,36.00,67.00,35.00,66.00,320.70,37.54,34.41,278.11,35.50,66.50,1.00,1.00,8685.20,15072.91,15082.91,8450.20,26,61,62,25,61632.96,61599.10,,
2026-06-25T15:04:34+08:00,btc-updown-5m-1782370800,https://polymarket.com/zh/event/btc-updown-5m-1782370800,15:00-15:05,43.00,43.00,42.00,41.00,8.10,30.00,63.39,5.00,42.50,42.00,1.00,2.00,8305.20,15172.79,15256.79,15620.21,35,48,35,54,61632.96,61604.99,,
2026-06-25T15:04:36+08:00,btc-updown-5m-1782370800,https://polymarket.com/zh/event/btc-updown-5m-1782370800,15:00-15:05,80.00,25.00,79.00,24.00,10.52,104.80,5.03,140.75,79.50,24.50,1.00,1.00,16305.21,15359.80,15354.80,16171.21,73,19,17,72,61632.96,61625.09,,
2026-06-25T15:04:38+08:00,btc-updown-5m-1782370800,https://polymarket.com/zh/event/btc-updown-5m-1782370800,15:00-15:05,78.00,31.00,69.00,30.00,16.17,200.34,77.00,5.00,73.50,30.50,9.00,1.00,14896.11,15354.70,15139.70,15536.12,68,15,19,67,61632.96,61625.29,,
2026-06-25T15:04:40+08:00,btc-updown-5m-1782370800,https://polymarket.com/zh/event/btc-updown-5m-1782370800,15:00-15:05,58.00,45.00,57.00,44.00,177.96,92.53,26.00,146.42,57.50,44.50,1.00,1.00,15004.11,14909.91,14899.91,14889.11,54,38,39,53,61632.96,61617.65,,
2026-06-25T15:04:43+08:00,btc-updown-5m-1782370800,https://polymarket.com/zh/event/btc-updown-5m-1782370800,15:00-15:05,64.00,45.00,63.00,37.00,28.36,18.90,61.00,205.54,63.50,41.00,1.00,8.00,9899.11,15414.91,15248.91,10934.11,53,32,33,48,61632.96,61617.65,,
2026-06-25T15:04:45+08:00,btc-updown-5m-1782370800,https://polymarket.com/zh/event/btc-updown-5m-1782370800,15:00-15:05,55.00,46.00,54.00,45.00,157.49,141.01,159.95,155.66,54.50,45.50,1.00,1.00,7781.72,12936.52,12426.52,7321.72,44,37,37,44,61632.96,61609.78,,
2026-06-25T15:04:47+08:00,btc-updown-5m-1782370800,https://polymarket.com/zh/event/btc-updown-5m-1782370800,15:00-15:05,65.00,36.00,64.00,35.00,87.46,922.80,685.30,17.46,64.50,35.50,1.00,1.00,5706.72,12322.63,12382.63,5710.72,49,29,29,50,61632.96,61609.79,,
2026-06-25T15:04:50+08:00,btc-updown-5m-1782370800,https://polymarket.com/zh/event/btc-updown-5m-1782370800,15:00-15:05,88.00,13.00,87.00,12.00,331.13,132.10,47.96,324.76,87.50,12.50,1.00,1.00,12125.72,14386.91,14096.53,12850.72,74,11,12,74,61632.96,61637.04,,
2026-06-25T15:04:52+08:00,btc-updown-5m-1782370800,https://polymarket.com/zh/event/btc-updown-5m-1782370800,15:00-15:05,90.00,11.00,89.00,10.00,1559.99,292.14,274.67,1229.28,89.50,10.50,1.00,1.00,11123.72,4579.07,6554.30,11148.73,78,9,9,77,61632.96,61633.20,,
2026-06-25T15:04:54+08:00,btc-updown-5m-1782370800,https://polymarket.com/zh/event/btc-updown-5m-1782370800,15:00-15:05,90.00,11.00,89.00,10.00,493.42,166.90,121.00,385.86,89.50,10.50,1.00,1.00,11063.72,6392.17,6342.17,11563.73,70,8,8,70,61632.96,61636.79,,
2026-06-25T15:04:57+08:00,btc-updown-5m-1782370800,https://polymarket.com/zh/event/btc-updown-5m-1782370800,15:00-15:05,81.00,17.00,76.00,11.00,91.91,13.00,100.00,42.99,78.50,14.00,5.00,6.00,11285.70,6435.44,6418.44,11290.70,60,13,9,63,61632.96,61635.27,,
2026-06-25T15:04:59+08:00,btc-updown-5m-1782370800,https://polymarket.com/zh/event/btc-updown-5m-1782370800,15:00-15:05,,1.00,99.00,,,25002.84,272.71,,,,,,12702.91,,,12707.91,82,0,0,84,61632.96,61635.27,,
2026-06-25T15:05:02+08:00,btc-updown-5m-1782371100,https://polymarket.com/zh/event/btc-updown-5m-1782371100,15:05-15:10,49.00,52.00,48.00,51.00,352.81,225.67,668.88,812.38,48.50,51.50,1.00,1.00,12580.42,12506.30,12521.30,12590.42,46,48,50,48,61636.19,61634.03,,
2026-06-25T15:05:04+08:00,btc-updown-5m-1782371100,https://polymarket.com/zh/event/btc-updown-5m-1782371100,15:05-15:10,48.00,50.00,47.00,49.00,50.18,5.00,1213.20,324.90,47.50,49.50,1.00,1.00,14337.20,14303.66,14304.67,14342.20,47,52,49,50,61636.19,61629.46,,
2026-06-25T15:05:06+08:00,btc-updown-5m-1782371100,https://polymarket.com/zh/event/btc-updown-5m-1782371100,15:05-15:10,48.00,53.00,47.00,52.00,793.34,220.00,215.00,735.45,47.50,52.50,1.00,1.00,14447.20,14223.66,14308.66,14437.20,47,52,52,47,61636.19,61630.01,,
2026-06-25T15:05:09+08:00,btc-updown-5m-1782371100,https://polymarket.com/zh/event/btc-updown-5m-1782371100,15:05-15:10,57.00,44.00,55.00,43.00,79.46,736.26,50.00,20.08,56.00,43.50,2.00,1.00,12462.21,14443.66,14428.66,12162.20,55,43,43,56,61636.19,61647.32,,
2026-06-25T15:05:11+08:00,btc-updown-5m-1782371100,https://polymarket.com/zh/event/btc-updown-5m-1782371100,15:05-15:10,58.00,43.00,57.00,42.00,1515.12,59.32,59.32,1447.12,57.50,42.50,1.00,1.00,12010.53,12486.99,12481.99,11500.53,57,42,42,57,61636.19,61648.23,,
2026-06-25T15:05:13+08:00,btc-updown-5m-1782371100,https://polymarket.com/zh/event/btc-updown-5m-1782371100,15:05-15:10,57.00,44.00,56.00,43.00,1212.72,301.40,278.83,1167.78,56.50,43.50,1.00,1.00,12115.53,12481.99,12486.99,11735.53,56,43,43,56,61636.19,61644.98,,
2026-06-25T15:05:15+08:00,btc-updown-5m-1782371100,https://polymarket.com/zh/event/btc-updown-5m-1782371100,15:05-15:10,54.00,47.00,53.00,46.00,832.15,99.14,101.27,1101.55,53.50,46.50,1.00,1.00,12120.53,12481.99,12476.99,12230.53,53,46,46,53,61636.19,61639.93,,
2026-06-25T15:05:18+08:00,btc-updown-5m-1782371100,https://polymarket.com/zh/event/btc-updown-5m-1782371100,15:05-15:10,52.00,51.00,51.00,50.00,322.19,59.02,7.50,30.00,51.50,50.50,1.00,1.00,12525.53,12486.99,12491.99,13150.54,50,48,50,49,61636.19,61636.63,,
2026-06-25T15:05:20+08:00,btc-updown-5m-1782371100,https://polymarket.com/zh/event/btc-updown-5m-1782371100,15:05-15:10,47.00,54.00,46.00,53.00,351.38,888.20,922.20,351.38,46.50,53.50,1.00,1.00,12790.11,12037.57,12126.57,12770.11,46,53,53,46,61636.19,61633.42,,
2026-06-25T15:05:22+08:00,btc-updown-5m-1782371100,https://polymarket.com/zh/event/btc-updown-5m-1782371100,15:05-15:10,47.00,54.00,46.00,53.00,1049.49,181.56,186.66,1005.49,46.50,53.50,1.00,1.00,14275.11,11764.17,12016.86,14360.11,46,53,53,46,61636.19,61633.42,,
2026-06-25T15:05:25+08:00,btc-updown-5m-1782371100,https://polymarket.com/zh/event/btc-updown-5m-1782371100,15:05-15:10,42.00,59.00,41.00,58.00,72.95,998.84,967.18,75.56,41.50,58.50,1.00,1.00,15087.30,12139.45,12303.15,15072.30,41,58,58,41,61636.19,61623.32,,
2026-06-25T15:05:27+08:00,btc-updown-5m-1782371100,https://polymarket.com/zh/event/btc-updown-5m-1782371100,15:05-15:10,42.00,59.00,41.00,58.00,272.90,791.30,908.30,287.90,41.50,58.50,1.00,1.00,15529.69,12310.55,12311.55,15594.39,41,58,58,41,61636.19,61623.32,,
2026-06-25T15:05:29+08:00,btc-updown-5m-1782371100,https://polymarket.com/zh/event/btc-updown-5m-1782371100,15:05-15:10,42.00,59.00,41.00,58.00,1275.82,11.00,11.00,1232.82,41.50,58.50,1.00,1.00,15639.09,12336.55,12426.55,15759.09,41,58,58,41,61636.19,61623.32,,
2026-06-25T15:05:32+08:00,btc-updown-5m-1782371100,https://polymarket.com/zh/event/btc-updown-5m-1782371100,15:05-15:10,51.00,50.00,50.00,49.00,226.17,1013.83,919.83,232.01,50.50,49.50,1.00,1.00,14060.09,15541.55,15541.55,14180.10,50,49,49,50,61636.19,61640.90,,
2026-06-25T15:05:34+08:00,btc-updown-5m-1782371100,https://polymarket.com/zh/event/btc-updown-5m-1782371100,15:05-15:10,49.00,52.00,48.00,51.00,200.00,679.37,705.85,240.00,48.50,51.50,1.00,1.00,15665.09,13457.56,13482.56,15065.09,48,51,50,48,61636.19,61640.90,,
2026-06-25T15:05:36+08:00,btc-updown-5m-1782371100,https://polymarket.com/zh/event/btc-updown-5m-1782371100,15:05-15:10,56.00,45.00,55.00,44.00,37.98,897.23,821.59,5.00,55.50,44.50,1.00,1.00,12785.09,15554.88,15564.88,13295.09,55,44,44,55,61636.19,61651.69,,
2026-06-25T15:05:39+08:00,btc-updown-5m-1782371100,https://polymarket.com/zh/event/btc-updown-5m-1782371100,15:05-15:10,58.00,43.00,57.00,42.00,986.06,149.69,212.95,1035.58,57.50,42.50,1.00,1.00,12880.09,15554.88,15559.88,12590.09,57,42,42,57,61636.19,61651.83,,
2026-06-25T15:05:41+08:00,btc-updown-5m-1782371100,https://polymarket.com/zh/event/btc-updown-5m-1782371100,15:05-15:10,58.00,43.00,57.00,42.00,802.45,129.77,124.77,897.63,57.50,42.50,1.00,1.00,13090.09,15578.67,15563.67,12595.09,57,42,42,57,61636.19,61651.82,,
2026-06-25T15:05:43+08:00,btc-updown-5m-1782371100,https://polymarket.com/zh/event/btc-updown-5m-1782371100,15:05-15:10,51.00,50.00,50.00,49.00,15.00,668.32,404.00,510.72,50.50,49.50,1.00,1.00,13700.09,15558.67,15553.67,13695.09,50,48,49,50,61636.19,61642.00,,
2026-06-25T15:05:46+08:00,btc-updown-5m-1782371100,https://polymarket.com/zh/event/btc-updown-5m-1782371100,15:05-15:10,51.00,50.00,50.00,49.00,157.85,897.10,836.35,71.85,50.50,49.50,1.00,1.00,13505.09,15563.67,15548.67,13490.09,50,49,49,50,61636.19,61641.91,,
2026-06-25T15:05:48+08:00,btc-updown-5m-1782371100,https://polymarket.com/zh/event/btc-updown-5m-1782371100,15:05-15:10,52.00,49.00,51.00,48.00,222.26,545.84,646.19,244.26,51.50,48.50,1.00,1.00,13995.10,15559.67,15569.67,13500.10,51,48,48,51,61636.19,61641.91,,
2026-06-25T15:05:50+08:00,btc-updown-5m-1782371100,https://polymarket.com/zh/event/btc-updown-5m-1782371100,15:05-15:10,53.00,48.00,52.00,47.00,1092.58,44.16,49.16,1122.50,52.50,47.50,1.00,1.00,13505.09,15569.67,15559.67,13585.09,52,47,47,52,61636.19,61641.81,,
2026-06-25T15:05:53+08:00,btc-updown-5m-1782371100,https://polymarket.com/zh/event/btc-updown-5m-1782371100,15:05-15:10,52.00,49.00,51.00,48.00,325.00,225.48,875.44,1252.80,51.50,48.50,1.00,1.00,13695.09,15564.67,15559.67,13980.09,51,48,48,51,61636.19,61641.35,,
2026-06-25T15:05:55+08:00,btc-updown-5m-1782371100,https://polymarket.com/zh/event/btc-updown-5m-1782371100,15:05-15:10,50.00,52.00,49.00,51.00,1213.40,280.79,30.12,292.11,49.50,51.50,1.00,1.00,13385.09,15679.67,15574.67,13480.09,49,50,51,48,61636.19,61633.71,,
2026-06-25T15:05:57+08:00,btc-updown-5m-1782371100,https://polymarket.com/zh/event/btc-updown-5m-1782371100,15:05-15:10,43.00,58.00,42.00,57.00,237.21,884.85,818.43,237.21,42.50,57.50,1.00,1.00,15685.09,12469.67,12464.67,15695.09,42,57,57,42,61636.19,61629.48,,
2026-06-25T15:06:00+08:00,btc-updown-5m-1782371100,https://polymarket.com/zh/event/btc-updown-5m-1782371100,15:05-15:10,45.00,56.00,44.00,55.00,57.10,924.37,951.82,42.10,44.50,55.50,1.00,1.00,16148.42,17917.34,19511.34,22443.42,44,55,55,44,61636.19,61629.48,,
2026-06-25T15:06:02+08:00,btc-updown-5m-1782371100,https://polymarket.com/zh/event/btc-updown-5m-1782371100,15:05-15:10,55.00,46.00,54.00,45.00,203.23,1159.20,807.74,285.07,54.50,45.50,1.00,1.00,22640.42,20113.34,20113.34,21655.42,54,45,45,54,61636.19,61637.00,,
2026-06-25T15:06:05+08:00,btc-updown-5m-1782371100,https://polymarket.com/zh/event/btc-updown-5m-1782371100,15:05-15:10,51.00,50.00,50.00,49.00,1340.10,149.88,185.88,1341.10,50.50,49.50,1.00,1.00,22530.42,20093.34,20098.34,22425.42,50,49,49,50,61636.19,61630.98,,
2026-06-25T15:06:07+08:00,btc-updown-5m-1782371100,https://polymarket.com/zh/event/btc-updown-5m-1782371100,15:05-15:10,49.00,52.00,48.00,51.00,673.02,59.80,69.80,772.02,48.50,51.50,1.00,1.00,21881.42,19869.34,19864.34,21896.42,48,51,51,48,61636.19,61630.99,,
2026-06-25T15:06:09+08:00,btc-updown-5m-1782371100,https://polymarket.com/zh/event/btc-updown-5m-1782371100,15:05-15:10,40.00,61.00,39.00,60.00,663.96,289.11,204.11,522.39,39.50,60.50,1.00,1.00,20391.42,18974.34,19069.34,20429.04,39,60,60,39,61636.19,61616.91,,
2026-06-25T15:06:12+08:00,btc-updown-5m-1782371100,https://polymarket.com/zh/event/btc-updown-5m-1782371100,15:05-15:10,45.00,56.00,44.00,55.00,59.72,1399.73,1347.73,1.93,44.50,55.50,1.00,1.00,20430.71,19059.34,19084.34,21635.71,44,55,55,44,61636.19,61618.39,,
2026-06-25T15:06:14+08:00,btc-updown-5m-1782371100,https://polymarket.com/zh/event/btc-updown-5m-1782371100,15:05-15:10,46.00,55.00,45.00,54.00,223.35,964.70,954.82,164.83,45.50,54.50,1.00,1.00,21639.04,19114.34,19114.34,21759.04,45,54,54,45,61636.19,61623.97,,
2026-06-25T15:06:16+08:00,btc-updown-5m-1782371100,https://polymarket.com/zh/event/btc-updown-5m-1782371100,15:05-15:10,47.00,54.00,46.00,53.00,356.11,660.02,455.18,268.69,46.50,53.50,1.00,1.00,21744.04,19224.34,19209.34,21734.04,46,53,53,46,61636.19,61623.97,,
2026-06-25T15:06:19+08:00,btc-updown-5m-1782371100,https://polymarket.com/zh/event/btc-updown-5m-1782371100,15:05-15:10,50.00,51.00,49.00,50.00,5.47,844.79,297.79,13.02,49.50,50.50,1.00,1.00,21729.04,19120.34,19130.34,21639.04,49,49,50,49,61636.19,61623.97,,
2026-06-25T15:06:21+08:00,btc-updown-5m-1782371100,https://polymarket.com/zh/event/btc-updown-5m-1782371100,15:05-15:10,52.00,49.00,51.00,48.00,389.36,306.49,355.01,448.96,51.50,48.50,1.00,1.00,22544.04,19114.34,19129.34,22064.04,51,48,48,51,61636.19,61629.32,,
2026-06-25T15:06:23+08:00,btc-updown-5m-1782371100,https://polymarket.com/zh/event/btc-updown-5m-1782371100,15:05-15:10,53.00,50.00,52.00,49.00,867.54,184.67,40.00,529.89,52.50,49.50,1.00,1.00,22054.04,19104.34,19119.34,22644.04,52,47,49,50,61636.19,61629.25,,
2026-06-25T15:06:26+08:00,btc-updown-5m-1782371100,https://polymarket.com/zh/event/btc-updown-5m-1782371100,15:05-15:10,51.00,50.00,50.00,49.00,623.48,20.00,75.00,732.03,50.50,49.50,1.00,1.00,22149.04,18949.34,18959.34,22464.04,50,49,49,50,61636.19,61629.26,,
2026-06-25T15:06:28+08:00,btc-updown-5m-1782371100,https://polymarket.com/zh/event/btc-updown-5m-1782371100,15:05-15:10,45.00,56.00,44.00,55.00,892.96,59.91,80.00,555.50,44.50,55.50,1.00,1.00,22034.04,19059.34,18985.34,22054.04,44,55,55,44,61636.19,61624.90,,
2026-06-25T15:06:30+08:00,btc-updown-5m-1782371100,https://polymarket.com/zh/event/btc-updown-5m-1782371100,15:05-15:10,44.00,57.00,43.00,56.00,137.00,900.48,1665.25,122.00,43.50,56.50,1.00,1.00,22129.04,18964.34,18974.34,20774.04,43,56,56,43,61636.19,61618.61,,
2026-06-25T15:06:33+08:00,btc-updown-5m-1782371100,https://polymarket.com/zh/event/btc-updown-5m-1782371100,15:05-15:10,43.00,58.00,42.00,57.00,62.61,1578.08,1600.88,66.30,42.50,57.50,1.00,1.00,20006.04,18541.34,18531.34,19926.04,42,57,57,42,61636.19,61617.67,,
2026-06-25T15:06:35+08:00,btc-updown-5m-1782371100,https://polymarket.com/zh/event/btc-updown-5m-1782371100,15:05-15:10,43.00,58.00,42.00,57.00,91.10,1443.02,1389.02,81.10,42.50,57.50,1.00,1.00,19921.04,18536.34,18541.34,19941.04,42,57,57,42,61636.19,61622.10,,
2026-06-25T15:06:37+08:00,btc-updown-5m-1782371100,https://polymarket.com/zh/event/btc-updown-5m-1782371100,15:05-15:10,50.00,51.00,49.00,50.00,568.22,97.16,101.16,489.63,49.50,50.50,1.00,1.00,22116.05,18426.34,18451.34,21626.04,49,50,50,49,61636.19,61624.76,,
2026-06-25T15:06:40+08:00,btc-updown-5m-1782371100,https://polymarket.com/zh/event/btc-updown-5m-1782371100,15:05-15:10,39.00,62.00,38.00,61.00,829.22,10.00,70.00,877.32,38.50,61.50,1.00,1.00,19966.04,18562.34,18446.34,15161.04,38,61,61,38,61636.19,61605.99,,
2026-06-25T15:06:42+08:00,btc-updown-5m-1782371100,https://polymarket.com/zh/event/btc-updown-5m-1782371100,15:05-15:10,34.00,67.00,33.00,66.00,386.62,64.00,53.76,645.87,33.50,66.50,1.00,1.00,15667.71,18526.34,18437.34,15667.71,33,66,66,33,61636.19,61606.00,,
2026-06-25T15:06:44+08:00,btc-updown-5m-1782371100,https://polymarket.com/zh/event/btc-updown-5m-1782371100,15:05-15:10,38.00,63.00,37.00,62.00,344.83,84.03,312.87,551.37,37.50,62.50,1.00,1.00,15762.71,18801.34,18817.35,15772.71,37,62,62,37,61636.19,61605.99,,
2026-06-25T15:06:47+08:00,btc-updown-5m-1782371100,https://polymarket.com/zh/event/btc-updown-5m-1782371100,15:05-15:10,36.00,65.00,35.00,64.00,357.13,303.77,563.60,316.23,35.50,64.50,1.00,1.00,15762.71,18811.34,18692.34,15667.71,35,64,64,35,61636.19,61604.48,,
2026-06-25T15:06:49+08:00,btc-updown-5m-1782371100,https://polymarket.com/zh/event/btc-updown-5m-1782371100,15:05-15:10,32.00,69.00,31.00,68.00,45.00,174.49,179.49,483.39,31.50,68.50,1.00,1.00,15837.71,18817.35,18706.35,15852.71,31,68,68,31,61636.19,61602.60,,
2026-06-25T15:06:51+08:00,btc-updown-5m-1782371100,https://polymarket.com/zh/event/btc-updown-5m-1782371100,15:05-15:10,36.00,65.00,35.00,64.00,46.93,961.97,383.24,82.59,35.50,64.50,1.00,1.00,15169.71,18696.34,18801.34,15284.71,35,64,64,35,61636.19,61605.70,,
2026-06-25T15:06:54+08:00,btc-updown-5m-1782371100,https://polymarket.com/zh/event/btc-updown-5m-1782371100,15:05-15:10,36.00,65.00,35.00,64.00,301.46,165.91,184.18,276.46,35.50,64.50,1.00,1.00,15294.71,18702.34,18691.35,15279.71,35,64,64,35,61636.19,61603.45,,
2026-06-25T15:06:56+08:00,btc-updown-5m-1782371100,https://polymarket.com/zh/event/btc-updown-5m-1782371100,15:05-15:10,35.00,69.00,34.00,68.00,771.45,31.72,1.50,348.28,34.50,68.50,1.00,1.00,15722.71,18711.34,18726.35,15750.71,34,65,68,31,61636.19,61603.45,,
2026-06-25T15:06:58+08:00,btc-updown-5m-1782371100,https://polymarket.com/zh/event/btc-updown-5m-1782371100,15:05-15:10,31.00,70.00,30.00,69.00,560.09,26.00,106.00,682.14,30.50,69.50,1.00,1.00,15735.71,18791.34,18821.34,15720.71,30,69,69,30,61636.19,61596.26,,
2026-06-25T15:07:00+08:00,btc-updown-5m-1782371100,https://polymarket.com/zh/event/btc-updown-5m-1782371100,15:05-15:10,31.00,70.00,30.00,69.00,460.70,118.41,126.21,425.94,30.50,69.50,1.00,1.00,15730.71,18635.35,18595.34,15830.71,30,69,69,30,61636.19,61594.92,,
2026-06-25T15:07:03+08:00,btc-updown-5m-1782371100,https://polymarket.com/zh/event/btc-updown-5m-1782371100,15:05-15:10,31.00,71.00,30.00,70.00,755.19,73.97,5.00,339.90,30.50,70.50,1.00,1.00,14012.71,18582.34,18587.34,14262.71,30,69,70,29,61636.19,61594.93,,
2026-06-25T15:07:05+08:00,btc-updown-5m-1782371100,https://polymarket.com/zh/event/btc-updown-5m-1782371100,15:05-15:10,26.00,75.00,25.00,74.00,178.98,104.49,535.60,527.68,25.50,74.50,1.00,1.00,14992.71,18597.34,18576.34,14997.71,25,74,74,25,61636.19,61594.92,,
2026-06-25T15:07:07+08:00,btc-updown-5m-1782371100,https://polymarket.com/zh/event/btc-updown-5m-1782371100,15:05-15:10,25.00,76.00,24.00,75.00,558.03,949.22,753.60,558.03,24.50,75.50,1.00,1.00,15929.71,18641.34,18657.34,15924.71,24,75,75,24,61636.19,61572.84,,
2026-06-25T15:07:10+08:00,btc-updown-5m-1782371100,https://polymarket.com/zh/event/btc-updown-5m-1782371100,15:05-15:10,26.00,75.00,24.00,74.00,257.16,794.33,1184.57,161.00,25.00,74.50,2.00,1.00,15832.61,18636.34,18651.34,15642.61,24,74,74,25,61636.19,61587.87,,
2026-06-25T15:07:12+08:00,btc-updown-5m-1782371100,https://polymarket.com/zh/event/btc-updown-5m-1782371100,15:05-15:10,25.00,76.00,24.00,75.00,56.74,1027.46,982.43,52.74,24.50,75.50,1.00,1.00,14274.71,18646.34,18562.34,14964.71,24,75,75,24,61636.19,61589.97,,
2026-06-25T15:07:14+08:00,btc-updown-5m-1782371100,https://polymarket.com/zh/event/btc-updown-5m-1782371100,15:05-15:10,28.00,73.00,27.00,72.00,257.00,439.47,467.47,253.42,27.50,72.50,1.00,1.00,14538.71,18651.34,18562.35,14553.71,27,72,72,27,61636.19,61593.73,,
2026-06-25T15:07:16+08:00,btc-updown-5m-1782371100,https://polymarket.com/zh/event/btc-updown-5m-1782371100,15:05-15:10,28.00,74.00,26.00,73.00,809.46,496.12,207.16,281.54,27.00,73.50,2.00,1.00,15609.71,18636.34,18551.34,15689.71,26,72,73,26,61636.19,61599.08,,
2026-06-25T15:07:19+08:00,btc-updown-5m-1782371100,https://polymarket.com/zh/event/btc-updown-5m-1782371100,15:05-15:10,28.00,73.00,27.00,72.00,637.02,83.40,98.15,668.40,27.50,72.50,1.00,1.00,15606.71,18542.34,18631.34,15411.71,27,72,72,27,61636.19,61599.08,,
2026-06-25T15:07:21+08:00,btc-updown-5m-1782371100,https://polymarket.com/zh/event/btc-updown-5m-1782371100,15:05-15:10,32.00,69.00,31.00,68.00,242.12,98.94,146.96,541.50,31.50,68.50,1.00,1.00,14587.71,18636.34,18641.34,14597.71,31,68,68,31,61636.19,61604.42,,
2026-06-25T15:07:23+08:00,btc-updown-5m-1782371100,https://polymarket.com/zh/event/btc-updown-5m-1782371100,15:05-15:10,28.00,73.00,27.00,72.00,417.05,72.46,337.76,650.35,27.50,72.50,1.00,1.00,14637.71,18646.34,18562.35,14637.71,27,72,72,27,61636.19,61604.42,,
2026-06-25T15:07:26+08:00,btc-updown-5m-1782371100,https://polymarket.com/zh/event/btc-updown-5m-1782371100,15:05-15:10,21.00,79.00,20.00,78.00,89.68,503.39,840.96,124.36,20.50,78.50,1.00,1.00,15129.71,18541.34,18572.34,14024.71,20,79,78,21,61636.19,61590.29,,
2026-06-25T15:07:28+08:00,btc-updown-5m-1782371100,https://polymarket.com/zh/event/btc-updown-5m-1782371100,15:05-15:10,23.00,78.00,22.00,77.00,439.31,89.95,70.00,413.75,22.50,77.50,1.00,1.00,14433.71,18636.34,18651.34,14528.71,22,77,77,22,61636.19,61590.29,,
2026-06-25T15:07:30+08:00,btc-updown-5m-1782371100,https://polymarket.com/zh/event/btc-updown-5m-1782371100,15:05-15:10,27.00,74.00,26.00,73.00,230.68,801.46,834.46,230.68,26.50,73.50,1.00,1.00,15597.71,18656.35,18636.34,15617.71,26,73,73,26,61636.19,61594.45,,
2026-06-25T15:07:33+08:00,btc-updown-5m-1782371100,https://polymarket.com/zh/event/btc-updown-5m-1782371100,15:05-15:10,27.00,74.00,26.00,73.00,457.66,112.36,242.60,468.58,26.50,73.50,1.00,1.00,15025.85,18520.35,18484.34,15045.85,26,73,73,26,61636.19,61589.09,,
2026-06-25T15:07:35+08:00,btc-updown-5m-1782371100,https://polymarket.com/zh/event/btc-updown-5m-1782371100,15:05-15:10,33.00,68.00,32.00,67.00,614.86,47.05,47.05,614.86,32.50,67.50,1.00,1.00,14487.85,18504.34,18504.34,14487.85,32,67,67,32,61636.19,61601.70,,
2026-06-25T15:07:37+08:00,btc-updown-5m-1782371100,https://polymarket.com/zh/event/btc-updown-5m-1782371100,15:05-15:10,32.00,69.00,31.00,68.00,446.22,40.88,40.88,446.22,31.50,68.50,1.00,1.00,14637.85,18494.34,18410.35,14632.85,31,68,68,31,61636.19,61601.97,,
2026-06-25T15:07:40+08:00,btc-updown-5m-1782371100,https://polymarket.com/zh/event/btc-updown-5m-1782371100,15:05-15:10,31.00,70.00,30.00,69.00,356.16,111.74,39.14,356.35,30.50,69.50,1.00,1.00,14152.85,18494.34,18420.34,13937.85,30,69,69,30,61636.19,61601.99,,
2026-06-25T15:07:42+08:00,btc-updown-5m-1782371100,https://polymarket.com/zh/event/btc-updown-5m-1782371100,15:05-15:10,31.00,70.00,30.00,69.00,62.00,921.39,791.01,62.00,30.50,69.50,1.00,1.00,14552.85,18609.34,18414.34,14552.85,30,69,69,30,61636.19,61597.94,,
2026-06-25T15:07:44+08:00,btc-updown-5m-1782371100,https://polymarket.com/zh/event/btc-updown-5m-1782371100,15:05-15:10,31.00,70.00,30.00,69.00,166.88,831.48,787.48,166.88,30.50,69.50,1.00,1.00,14637.85,18514.34,18410.34,14647.85,30,69,69,30,61636.19,61598.44,,
2026-06-25T15:07:47+08:00,btc-updown-5m-1782371100,https://polymarket.com/zh/event/btc-updown-5m-1782371100,15:05-15:10,31.00,70.00,30.00,69.00,509.38,116.07,121.76,485.28,30.50,69.50,1.00,1.00,14662.85,18510.34,18499.34,14667.85,30,69,69,30,61636.19,61598.44,,
2026-06-25T15:07:49+08:00,btc-updown-5m-1782371100,https://polymarket.com/zh/event/btc-updown-5m-1782371100,15:05-15:10,29.00,72.00,28.00,71.00,201.75,442.22,498.22,222.86,28.50,71.50,1.00,1.00,14652.85,18405.34,18404.34,14652.85,28,71,71,28,61636.19,61598.44,,
2026-06-25T15:07:51+08:00,btc-updown-5m-1782371100,https://polymarket.com/zh/event/btc-updown-5m-1782371100,15:05-15:10,29.00,72.00,28.00,71.00,127.11,826.57,862.26,153.11,28.50,71.50,1.00,1.00,14452.85,18404.34,18509.34,14552.85,28,71,71,28,61636.19,61598.44,,
2026-06-25T15:07:54+08:00,btc-updown-5m-1782371100,https://polymarket.com/zh/event/btc-updown-5m-1782371100,15:05-15:10,29.00,72.00,28.00,71.00,568.53,750.84,84.60,112.67,28.50,71.50,1.00,1.00,14637.85,18394.34,18410.35,14432.85,28,71,71,28,61636.19,61598.44,,
2026-06-25T15:07:56+08:00,btc-updown-5m-1782371100,https://polymarket.com/zh/event/btc-updown-5m-1782371100,15:05-15:10,28.00,73.00,27.00,72.00,977.51,62.00,62.00,842.33,27.50,72.50,1.00,1.00,14436.85,18409.34,18499.34,15036.85,27,72,72,27,61636.19,61595.97,,
2026-06-25T15:07:58+08:00,btc-updown-5m-1782371100,https://polymarket.com/zh/event/btc-updown-5m-1782371100,15:05-15:10,28.00,73.00,27.00,72.00,722.68,37.26,40.00,610.54,27.50,72.50,1.00,1.00,15121.85,18514.34,18494.34,15221.85,27,72,72,27,61636.19,61598.14,,
2026-06-25T15:08:01+08:00,btc-updown-5m-1782371100,https://polymarket.com/zh/event/btc-updown-5m-1782371100,15:05-15:10,30.00,71.00,29.00,70.00,380.15,46.74,223.65,779.73,29.50,70.50,1.00,1.00,14312.85,18174.34,17870.35,14092.85,29,70,70,29,61636.19,61601.90,,
2026-06-25T15:08:03+08:00,btc-updown-5m-1782371100,https://polymarket.com/zh/event/btc-updown-5m-1782371100,15:05-15:10,28.00,73.00,27.00,72.00,1015.98,91.50,110.68,1026.98,27.50,72.50,1.00,1.00,14257.85,17969.34,18064.34,14057.85,26,72,72,26,61636.19,61601.89,,
2026-06-25T15:08:05+08:00,btc-updown-5m-1782371100,https://polymarket.com/zh/event/btc-updown-5m-1782371100,15:05-15:10,35.00,66.00,34.00,65.00,397.82,182.50,259.57,341.97,34.50,65.50,1.00,1.00,14547.85,17829.34,17815.34,14494.85,34,65,65,34,61636.19,61605.57,,
2026-06-25T15:08:07+08:00,btc-updown-5m-1782371100,https://polymarket.com/zh/event/btc-updown-5m-1782371100,15:05-15:10,30.00,71.00,29.00,70.00,719.52,216.00,186.00,631.75,29.50,70.50,1.00,1.00,14395.85,17694.34,17790.34,14400.85,29,70,70,29,61636.19,61605.57,,
2026-06-25T15:08:10+08:00,btc-updown-5m-1782371100,https://polymarket.com/zh/event/btc-updown-5m-1782371100,15:05-15:10,30.00,70.00,29.00,69.00,541.99,70.94,122.33,388.21,29.50,69.50,1.00,1.00,14322.85,17684.34,17799.34,14104.85,29,70,69,30,61636.19,61605.57,,
2026-06-25T15:08:12+08:00,btc-updown-5m-1782371100,https://polymarket.com/zh/event/btc-updown-5m-1782371100,15:05-15:10,21.00,76.00,20.00,75.00,5.00,316.46,693.08,150.46,20.50,75.50,1.00,1.00,14694.30,17779.34,17820.34,14694.30,20,79,75,24,61636.19,61591.99,,
2026-06-25T15:08:14+08:00,btc-updown-5m-1782371100,https://polymarket.com/zh/event/btc-updown-5m-1782371100,15:05-15:10,32.00,69.00,31.00,68.00,333.10,62.43,202.09,152.38,31.50,68.50,1.00,1.00,14493.30,17700.34,17679.34,14663.30,31,68,68,31,61636.19,61600.72,,
2026-06-25T15:08:17+08:00,btc-updown-5m-1782371100,https://polymarket.com/zh/event/btc-updown-5m-1782371100,15:05-15:10,28.00,73.00,27.00,71.00,81.00,637.62,135.62,75.00,27.50,72.00,1.00,2.00,15318.30,17735.33,17534.33,15212.30,27,72,71,27,61636.19,61596.63,,
2026-06-25T15:08:19+08:00,btc-updown-5m-1782371100,https://polymarket.com/zh/event/btc-updown-5m-1782371100,15:05-15:10,31.00,70.00,30.00,69.00,237.22,2.14,12.68,478.28,30.50,69.50,1.00,1.00,14771.30,17550.32,17530.32,14861.30,30,69,69,30,61636.19,61596.62,,
2026-06-25T15:08:21+08:00,btc-updown-5m-1782371100,https://polymarket.com/zh/event/btc-updown-5m-1782371100,15:05-15:10,22.00,78.00,21.00,77.00,41.19,574.38,1151.35,54.18,21.50,77.50,1.00,1.00,13195.43,16567.62,16677.62,13143.43,21,78,77,22,61636.19,61583.12,,
2026-06-25T15:08:23+08:00,btc-updown-5m-1782371100,https://polymarket.com/zh/event/btc-updown-5m-1782371100,15:05-15:10,27.00,74.00,26.00,73.00,188.58,475.48,498.48,193.61,26.50,73.50,1.00,1.00,13377.17,16573.62,16662.62,13718.55,26,73,73,26,61636.19,61582.99,,
2026-06-25T15:08:26+08:00,btc-updown-5m-1782371100,https://polymarket.com/zh/event/btc-updown-5m-1782371100,15:05-15:10,31.00,69.00,30.00,68.00,20.59,666.76,706.20,44.85,30.50,68.50,1.00,1.00,13163.55,16586.71,16695.71,12948.55,30,69,68,31,61636.19,61589.01,,
2026-06-25T15:08:28+08:00,btc-updown-5m-1782371100,https://polymarket.com/zh/event/btc-updown-5m-1782371100,15:05-15:10,33.00,68.00,32.00,67.00,124.73,318.05,101.46,234.72,32.50,67.50,1.00,1.00,13448.55,16690.71,16601.71,13548.55,32,67,67,32,61636.19,61590.01,,
2026-06-25T15:08:30+08:00,btc-updown-5m-1782371100,https://polymarket.com/zh/event/btc-updown-5m-1782371100,15:05-15:10,35.00,68.00,34.00,67.00,613.76,28.64,7.18,117.31,34.50,67.50,1.00,1.00,13836.55,16702.18,16593.18,13821.55,34,65,67,32,61636.19,61589.01,,
2026-06-25T15:08:33+08:00,btc-updown-5m-1782371100,https://polymarket.com/zh/event/btc-updown-5m-1782371100,15:05-15:10,32.00,69.00,31.00,68.00,55.00,145.00,593.92,246.00,31.50,68.50,1.00,1.00,12869.61,16077.17,15993.18,12419.91,31,68,68,31,61636.19,61589.82,,
2026-06-25T15:08:35+08:00,btc-updown-5m-1782371100,https://polymarket.com/zh/event/btc-updown-5m-1782371100,15:05-15:10,28.00,73.00,27.00,72.00,525.47,77.29,80.03,654.18,27.50,72.50,1.00,1.00,12561.20,15982.17,15983.18,12661.20,27,72,72,27,61636.19,61584.03,,
2026-06-25T15:08:37+08:00,btc-updown-5m-1782371100,https://polymarket.com/zh/event/btc-updown-5m-1782371100,15:05-15:10,24.00,77.00,23.00,76.00,699.27,96.76,96.76,725.27,23.50,76.50,1.00,1.00,11400.35,15888.17,15862.17,11430.35,23,76,76,23,61636.19,61576.01,,
2026-06-25T15:08:40+08:00,btc-updown-5m-1782371100,https://polymarket.com/zh/event/btc-updown-5m-1782371100,15:05-15:10,22.00,79.00,21.00,78.00,663.88,62.69,112.00,689.88,21.50,78.50,1.00,1.00,10647.66,15873.18,15867.17,10652.66,21,78,78,21,61636.19,61576.01,,
2026-06-25T15:08:42+08:00,btc-updown-5m-1782371100,https://polymarket.com/zh/event/btc-updown-5m-1782371100,15:05-15:10,16.00,85.00,15.00,84.00,353.96,421.56,377.65,142.94,15.50,84.50,1.00,1.00,10917.14,15893.17,15862.17,11022.14,15,84,84,15,61636.19,61564.02,,
2026-06-25T15:08:44+08:00,btc-updown-5m-1782371100,https://polymarket.com/zh/event/btc-updown-5m-1782371100,15:05-15:10,13.00,88.00,12.00,87.00,142.70,331.91,338.91,171.03,12.50,87.50,1.00,1.00,10764.15,15997.17,15903.18,10769.15,12,87,87,12,61636.19,61568.05,,
2026-06-25T15:08:47+08:00,btc-updown-5m-1782371100,https://polymarket.com/zh/event/btc-updown-5m-1782371100,15:05-15:10,7.00,94.00,6.00,93.00,156.12,641.20,460.27,134.33,6.50,93.50,1.00,1.00,11086.48,15412.17,15502.17,10638.83,6,93,93,6,61636.19,61568.05,,
2026-06-25T15:08:49+08:00,btc-updown-5m-1782371100,https://polymarket.com/zh/event/btc-updown-5m-1782371100,15:05-15:10,8.00,93.00,7.00,92.00,656.85,72.29,68.80,758.45,7.50,92.50,1.00,1.00,10536.98,15417.17,15522.17,10741.28,7,92,92,7,61636.19,61568.06,,
2026-06-25T15:08:51+08:00,btc-updown-5m-1782371100,https://polymarket.com/zh/event/btc-updown-5m-1782371100,15:05-15:10,6.00,95.00,5.00,94.00,426.25,646.16,599.22,249.94,5.50,94.50,1.00,1.00,11470.35,15387.17,15392.17,11537.29,5,94,94,5,61636.19,61570.65,,
2026-06-25T15:08:54+08:00,btc-updown-5m-1782371100,https://polymarket.com/zh/event/btc-updown-5m-1782371100,15:05-15:10,6.00,95.00,5.00,94.00,337.38,367.69,376.75,326.38,5.50,94.50,1.00,1.00,11547.18,15482.17,15498.17,11533.12,5,94,94,5,61636.19,61568.06,,
2026-06-25T15:08:56+08:00,btc-updown-5m-1782371100,https://polymarket.com/zh/event/btc-updown-5m-1782371100,15:05-15:10,9.00,92.00,8.00,91.00,547.04,165.08,276.27,698.08,8.50,91.50,1.00,1.00,10004.94,15329.90,15218.90,9987.76,8,91,91,8,61636.19,61568.10,,
2026-06-25T15:08:58+08:00,btc-updown-5m-1782371100,https://polymarket.com/zh/event/btc-updown-5m-1782371100,15:05-15:10,4.00,97.00,3.00,96.00,737.61,561.24,613.87,237.89,3.50,96.50,1.00,1.00,8935.19,15035.47,14934.47,8919.43,3,96,96,3,61636.19,61569.92,,
2026-06-25T15:09:01+08:00,btc-updown-5m-1782371100,https://polymarket.com/zh/event/btc-updown-5m-1782371100,15:05-15:10,4.00,97.00,3.00,96.00,107.17,684.44,581.56,10.00,3.50,96.50,1.00,1.00,8474.14,14964.80,14939.80,9146.12,3,93,93,3,61636.19,61565.34,,
2026-06-25T15:09:03+08:00,btc-updown-5m-1782371100,https://polymarket.com/zh/event/btc-updown-5m-1782371100,15:05-15:10,6.00,95.00,5.00,94.00,354.32,272.77,277.77,368.41,5.50,94.50,1.00,1.00,9171.05,14859.80,14854.80,9121.05,5,91,92,5,61636.19,61567.72,,
2026-06-25T15:09:05+08:00,btc-updown-5m-1782371100,https://polymarket.com/zh/event/btc-updown-5m-1782371100,15:05-15:10,6.00,95.00,5.00,94.00,103.89,41.88,104.00,219.89,5.50,94.50,1.00,1.00,7414.04,14499.80,14395.80,7814.10,5,90,91,5,61636.19,61574.81,,
2026-06-25T15:09:08+08:00,btc-updown-5m-1782371100,https://polymarket.com/zh/event/btc-updown-5m-1782371100,15:05-15:10,5.00,97.00,3.00,96.00,40.00,36.00,60.00,199.58,4.00,96.50,2.00,1.00,8370.09,14499.80,14479.80,8169.87,3,91,93,3,61636.19,61583.16,,
2026-06-25T15:09:10+08:00,btc-updown-5m-1782371100,https://polymarket.com/zh/event/btc-updown-5m-1782371100,15:05-15:10,5.00,96.00,4.00,95.00,61.28,721.63,718.72,76.08,4.50,95.50,1.00,1.00,8193.24,14415.80,14399.80,8196.15,4,94,94,4,61636.19,61579.63,,
2026-06-25T15:09:12+08:00,btc-updown-5m-1782371100,https://polymarket.com/zh/event/btc-updown-5m-1782371100,15:05-15:10,13.00,89.00,12.00,88.00,282.24,10.00,50.00,261.43,12.50,88.50,1.00,1.00,9909.78,14379.80,14499.80,9923.15,11,85,85,11,61636.19,61602.13,,
2026-06-25T15:09:14+08:00,btc-updown-5m-1782371100,https://polymarket.com/zh/event/btc-updown-5m-1782371100,15:05-15:10,13.00,88.00,12.00,87.00,359.28,76.52,72.19,299.08,12.50,87.50,1.00,1.00,10327.48,14394.81,14384.80,10299.48,11,87,87,11,61636.19,61601.53,,
2026-06-25T15:09:17+08:00,btc-updown-5m-1782371100,https://polymarket.com/zh/event/btc-updown-5m-1782371100,15:05-15:10,13.00,88.00,12.00,87.00,25.82,306.16,484.22,13.64,12.50,87.50,1.00,1.00,10651.57,14400.80,14375.80,10656.57,12,85,85,12,61636.19,61610.00,,
2026-06-25T15:09:19+08:00,btc-updown-5m-1782371100,https://polymarket.com/zh/event/btc-updown-5m-1782371100,15:05-15:10,40.00,55.00,32.00,51.00,1.04,114.35,46.00,1995.00,36.00,53.00,8.00,4.00,19421.42,14744.81,14949.81,19231.42,32,54,47,40,61636.19,61635.00,,
2026-06-25T15:09:21+08:00,btc-updown-5m-1782371100,https://polymarket.com/zh/event/btc-updown-5m-1782371100,15:05-15:10,43.00,58.00,42.00,57.00,15.00,107.10,17.08,256.91,42.50,57.50,1.00,1.00,19085.75,14947.80,14827.80,19075.75,42,57,57,42,61636.19,61639.17,,
2026-06-25T15:09:23+08:00,btc-updown-5m-1782371100,https://polymarket.com/zh/event/btc-updown-5m-1782371100,15:05-15:10,43.00,54.00,42.00,53.00,6.17,35.00,557.48,219.57,42.50,53.50,1.00,1.00,19604.75,14763.80,14853.80,19599.75,42,56,53,46,61636.19,61630.66,,
2026-06-25T15:09:26+08:00,btc-updown-5m-1782371100,https://polymarket.com/zh/event/btc-updown-5m-1782371100,15:05-15:10,40.00,59.00,39.00,58.00,32.00,153.66,385.88,170.92,39.50,58.50,1.00,1.00,20119.46,14565.00,14606.99,19538.46,39,58,57,38,61636.19,61630.65,,
2026-06-25T15:09:28+08:00,btc-updown-5m-1782371100,https://polymarket.com/zh/event/btc-updown-5m-1782371100,15:05-15:10,43.00,58.00,42.00,57.00,315.97,104.27,104.27,400.54,42.50,57.50,1.00,1.00,18641.28,14351.71,14366.71,18651.28,38,56,55,38,61636.19,61630.65,,
2026-06-25T15:09:30+08:00,btc-updown-5m-1782371100,https://polymarket.com/zh/event/btc-updown-5m-1782371100,15:05-15:10,39.00,62.00,38.00,61.00,52.33,18.91,50.53,25.33,38.50,61.50,1.00,1.00,17143.24,14104.78,14094.78,17129.91,38,60,60,36,61636.19,61630.66,,
2026-06-25T15:09:33+08:00,btc-updown-5m-1782371100,https://polymarket.com/zh/event/btc-updown-5m-1782371100,15:05-15:10,28.00,74.00,27.00,73.00,50.00,147.65,10.03,84.69,27.50,73.50,1.00,1.00,16785.91,14195.79,14184.78,16795.91,26,72,70,26,61636.19,61630.65,,
2026-06-25T15:09:35+08:00,btc-updown-5m-1782371100,https://polymarket.com/zh/event/btc-updown-5m-1782371100,15:05-15:10,34.00,67.00,33.00,66.00,252.63,13.94,38.74,398.07,33.50,66.50,1.00,1.00,15913.92,13528.79,13597.79,15908.92,31,61,61,31,61636.19,61627.70,,
2026-06-25T15:09:37+08:00,btc-updown-5m-1782371100,https://polymarket.com/zh/event/btc-updown-5m-1782371100,15:05-15:10,34.00,67.00,33.00,66.00,279.46,148.48,207.19,313.46,33.50,66.50,1.00,1.00,15886.68,13613.70,13497.69,15901.68,29,64,64,29,61636.19,61626.35,,
2026-06-25T15:09:39+08:00,btc-updown-5m-1782371100,https://polymarket.com/zh/event/btc-updown-5m-1782371100,15:05-15:10,37.00,61.00,36.00,60.00,80.55,99.70,198.67,50.00,36.50,60.50,1.00,1.00,15491.68,13512.69,13603.69,15496.68,34,60,57,36,61636.19,61626.35,,
2026-06-25T15:09:42+08:00,btc-updown-5m-1782371100,https://polymarket.com/zh/event/btc-updown-5m-1782371100,15:05-15:10,43.00,58.00,42.00,57.00,154.54,48.19,53.19,148.91,42.50,57.50,1.00,1.00,14136.68,13502.70,14037.69,14141.68,39,55,55,39,61636.19,61635.99,,
2026-06-25T15:09:44+08:00,btc-updown-5m-1782371100,https://polymarket.com/zh/event/btc-updown-5m-1782371100,15:05-15:10,42.00,63.00,41.00,62.00,386.43,69.91,215.24,5.97,41.50,62.50,1.00,1.00,14601.68,14158.69,14158.69,14571.68,37,55,58,32,61636.19,61636.00,,
2026-06-25T15:09:46+08:00,btc-updown-5m-1782371100,https://polymarket.com/zh/event/btc-updown-5m-1782371100,15:05-15:10,80.00,17.00,75.00,15.00,51.08,7.03,46.00,8.00,77.50,16.00,5.00,2.00,13567.20,7001.92,6916.92,13062.20,69,20,9,79,61636.19,61659.84,,
2026-06-25T15:09:49+08:00,btc-updown-5m-1782371100,https://polymarket.com/zh/event/btc-updown-5m-1782371100,15:05-15:10,89.00,11.00,88.00,10.00,10.00,31.00,277.12,777.36,88.50,10.50,1.00,1.00,12602.20,6753.59,6748.59,12012.19,76,8,9,77,61636.19,61659.84,,
2026-06-25T15:09:51+08:00,btc-updown-5m-1782371100,https://polymarket.com/zh/event/btc-updown-5m-1782371100,15:05-15:10,95.00,7.00,92.00,6.00,166.61,22.68,20.06,5.00,93.50,6.50,3.00,1.00,10542.65,4020.06,3883.93,10547.65,76,5,6,75,61636.19,61659.84,,
2026-06-25T15:09:53+08:00,btc-updown-5m-1782371100,https://polymarket.com/zh/event/btc-updown-5m-1782371100,15:05-15:10,83.00,15.00,81.00,12.00,68.86,80.00,133.07,22.00,82.00,13.50,2.00,3.00,11812.65,3699.83,3669.83,11317.65,60,12,10,64,61636.19,61659.84,,
2026-06-25T15:09:56+08:00,btc-updown-5m-1782371100,https://polymarket.com/zh/event/btc-updown-5m-1782371100,15:05-15:10,99.00,2.00,97.00,1.00,2422.33,23.77,174.26,2306.84,98.00,1.50,2.00,1.00,10639.19,2422.33,2306.84,10628.06,72,1,1,72,61636.19,61655.00,,
2026-06-25T15:09:58+08:00,btc-updown-5m-1782371100,https://polymarket.com/zh/event/btc-updown-5m-1782371100,15:05-15:10,,1.00,99.00,,,14155.15,3970.49,,,,,,10618.06,,,11643.06,76,0,0,85,61636.19,61659.12,,
2026-06-25T15:10:01+08:00,btc-updown-5m-1782371400,https://polymarket.com/zh/event/btc-updown-5m-1782371400,15:10-15:15,50.00,51.00,49.00,50.00,558.49,35.00,87.30,620.91,49.50,50.50,1.00,1.00,23904.35,23896.87,12145.87,12273.35,49,50,50,49,61659.11,61659.11,,
2026-06-25T15:10:03+08:00,btc-updown-5m-1782371400,https://polymarket.com/zh/event/btc-updown-5m-1782371400,15:10-15:15,41.00,60.00,40.00,59.00,135.79,1360.98,1105.82,151.18,40.50,59.50,1.00,1.00,13005.13,12852.57,12857.57,12980.13,40,59,59,40,61659.11,61641.52,,
2026-06-25T15:10:05+08:00,btc-updown-5m-1782371400,https://polymarket.com/zh/event/btc-updown-5m-1782371400,15:10-15:15,41.00,60.00,40.00,59.00,759.37,504.80,525.81,773.37,40.50,59.50,1.00,1.00,13355.13,13322.67,13222.67,13330.13,40,59,59,40,61659.11,61639.98,,
2026-06-25T15:10:08+08:00,btc-updown-5m-1782371400,https://polymarket.com/zh/event/btc-updown-5m-1782371400,15:10-15:15,41.00,60.00,40.00,59.00,922.66,384.31,374.31,608.36,40.50,59.50,1.00,1.00,13405.13,13377.67,11288.68,13380.13,40,59,59,40,61659.11,61639.98,,
2026-06-25T15:10:10+08:00,btc-updown-5m-1782371400,https://polymarket.com/zh/event/btc-updown-5m-1782371400,15:10-15:15,41.00,60.00,40.00,59.00,76.15,1376.06,1331.21,76.15,40.50,59.50,1.00,1.00,11470.13,11373.67,11437.67,11480.13,40,59,59,40,61659.11,61639.99,,
2026-06-25T15:10:12+08:00,btc-updown-5m-1782371400,https://polymarket.com/zh/event/btc-updown-5m-1782371400,15:10-15:15,42.00,59.00,41.00,58.00,899.89,97.09,132.09,880.89,41.50,58.50,1.00,1.00,11428.46,11486.00,11492.00,11433.46,41,58,58,41,61659.11,61639.99,,
2026-06-25T15:10:14+08:00,btc-updown-5m-1782371400,https://polymarket.com/zh/event/btc-updown-5m-1782371400,15:10-15:15,41.00,60.00,40.00,59.00,897.59,239.81,209.81,933.73,40.50,59.50,1.00,1.00,11548.46,11492.00,11461.00,11628.46,40,59,59,40,61659.11,61639.99,,
2026-06-25T15:10:17+08:00,btc-updown-5m-1782371400,https://polymarket.com/zh/event/btc-updown-5m-1782371400,15:10-15:15,41.00,60.00,40.00,59.00,837.42,203.13,221.47,780.42,40.50,59.50,1.00,1.00,11633.46,11466.00,11571.00,11443.46,40,59,59,40,61659.11,61639.99,,
2026-06-25T15:10:19+08:00,btc-updown-5m-1782371400,https://polymarket.com/zh/event/btc-updown-5m-1782371400,15:10-15:15,41.00,60.00,40.00,59.00,883.51,165.66,165.66,961.38,40.50,59.50,1.00,1.00,11505.12,11437.66,11542.66,11500.12,40,59,59,40,61659.11,61640.00,,
2026-06-25T15:10:21+08:00,btc-updown-5m-1782371400,https://polymarket.com/zh/event/btc-updown-5m-1782371400,15:10-15:15,41.00,60.00,40.00,59.00,969.39,51.65,51.65,1016.95,40.50,59.50,1.00,1.00,11777.92,11584.06,11671.77,11882.92,40,59,59,40,61659.11,61639.99,,
2026-06-25T15:10:24+08:00,btc-updown-5m-1782371400,https://polymarket.com/zh/event/btc-updown-5m-1782371400,15:10-15:15,41.00,66.00,40.00,65.00,1267.44,5.00,154.82,8.80,40.50,65.50,1.00,1.00,12378.21,12078.06,12068.07,12238.21,40,59,61,34,61659.11,61639.01,,
2026-06-25T15:10:26+08:00,btc-updown-5m-1782371400,https://polymarket.com/zh/event/btc-updown-5m-1782371400,15:10-15:15,33.00,68.00,32.00,67.00,797.28,103.64,103.64,751.62,32.50,67.50,1.00,1.00,12561.51,12372.75,12417.45,12641.51,32,67,67,32,61659.11,61625.01,,
2026-06-25T15:10:28+08:00,btc-updown-5m-1782371400,https://polymarket.com/zh/event/btc-updown-5m-1782371400,15:10-15:15,34.00,67.00,33.00,66.00,143.04,1215.78,574.97,143.04,33.50,66.50,1.00,1.00,12621.51,12427.45,12407.45,12706.51,33,66,66,33,61659.11,61625.00,,
2026-06-25T15:10:31+08:00,btc-updown-5m-1782371400,https://polymarket.com/zh/event/btc-updown-5m-1782371400,15:10-15:15,38.00,63.00,37.00,62.00,74.64,717.67,541.89,80.52,37.50,62.50,1.00,1.00,13279.91,12528.45,12507.45,15069.91,37,62,62,37,61659.11,61627.42,,
2026-06-25T15:10:33+08:00,btc-updown-5m-1782371400,https://polymarket.com/zh/event/btc-updown-5m-1782371400,15:10-15:15,40.00,61.00,39.00,60.00,301.83,238.93,308.30,291.83,39.50,60.50,1.00,1.00,15245.91,12398.45,12474.45,15335.91,39,60,60,39,61659.11,61627.42,,
2026-06-25T15:10:35+08:00,btc-updown-5m-1782371400,https://polymarket.com/zh/event/btc-updown-5m-1782371400,15:10-15:15,43.00,58.00,42.00,57.00,488.69,38.27,38.27,501.69,42.50,57.50,1.00,1.00,15400.91,12384.46,12383.45,15385.91,42,57,57,42,61659.11,61627.42,,
2026-06-25T15:10:38+08:00,btc-updown-5m-1782371400,https://polymarket.com/zh/event/btc-updown-5m-1782371400,15:10-15:15,41.00,60.00,40.00,59.00,19.35,961.20,1117.70,76.95,40.50,59.50,1.00,1.00,15515.91,12383.45,12483.45,15285.91,40,59,59,40,61659.11,61623.99,,
2026-06-25T15:10:40+08:00,btc-updown-5m-1782371400,https://polymarket.com/zh/event/btc-updown-5m-1782371400,15:10-15:15,56.00,47.00,53.00,45.00,86.42,211.97,70.40,189.90,54.50,46.00,3.00,2.00,15275.91,12613.46,12618.46,15140.91,52,44,44,53,61659.11,61658.31,,
2026-06-25T15:10:42+08:00,btc-updown-5m-1782371400,https://polymarket.com/zh/event/btc-updown-5m-1782371400,15:10-15:15,51.00,50.00,50.00,49.00,430.60,297.10,354.10,347.93,50.50,49.50,1.00,1.00,15240.91,12399.45,12384.45,15760.91,50,49,49,50,61659.11,61651.22,,
2026-06-25T15:10:45+08:00,btc-updown-5m-1782371400,https://polymarket.com/zh/event/btc-updown-5m-1782371400,15:10-15:15,54.00,47.00,53.00,46.00,701.90,31.47,31.47,802.98,53.50,46.50,1.00,1.00,15899.25,12109.45,12119.45,15509.24,53,46,46,53,61659.11,61655.38,,
2026-06-25T15:10:47+08:00,btc-updown-5m-1782371400,https://polymarket.com/zh/event/btc-updown-5m-1782371400,15:10-15:15,53.00,47.00,51.00,46.00,3.95,166.51,423.48,633.95,52.00,46.50,2.00,1.00,15399.24,12109.45,12119.45,15319.24,51,47,46,53,61659.11,61655.37,,
2026-06-25T15:10:49+08:00,btc-updown-5m-1782371400,https://polymarket.com/zh/event/btc-updown-5m-1782371400,15:10-15:15,51.00,50.00,50.00,49.00,85.71,945.98,38.26,120.50,50.50,49.50,1.00,1.00,15984.25,12154.54,12144.54,15379.24,50,49,49,50,61659.11,61655.37,,
2026-06-25T15:10:52+08:00,btc-updown-5m-1782371400,https://polymarket.com/zh/event/btc-updown-5m-1782371400,15:10-15:15,53.00,47.00,52.00,46.00,36.00,952.19,842.72,55.00,52.50,46.50,1.00,1.00,15419.24,12134.54,12119.54,15784.24,52,47,46,53,61659.11,61648.46,,
2026-06-25T15:10:54+08:00,btc-updown-5m-1782371400,https://polymarket.com/zh/event/btc-updown-5m-1782371400,15:10-15:15,56.00,46.00,55.00,45.00,318.68,374.07,427.76,111.13,55.50,45.50,1.00,1.00,15154.24,12139.54,12124.54,15264.24,55,44,45,54,61659.11,61648.45,,
2026-06-25T15:10:56+08:00,btc-updown-5m-1782371400,https://polymarket.com/zh/event/btc-updown-5m-1782371400,15:10-15:15,55.00,46.00,54.00,45.00,688.36,63.86,57.64,376.24,54.50,45.50,1.00,1.00,15509.24,12134.54,12144.54,15379.24,54,45,45,54,61659.11,61648.45,,
2026-06-25T15:10:59+08:00,btc-updown-5m-1782371400,https://polymarket.com/zh/event/btc-updown-5m-1782371400,15:10-15:15,57.00,44.00,56.00,43.00,929.41,78.98,78.98,915.41,56.50,43.50,1.00,1.00,15854.24,12134.54,12089.54,15699.24,56,43,43,56,61659.11,61648.45,,
2026-06-25T15:11:01+08:00,btc-updown-5m-1782371400,https://polymarket.com/zh/event/btc-updown-5m-1782371400,15:10-15:15,57.00,44.00,56.00,43.00,781.12,75.00,65.43,751.12,56.50,43.50,1.00,1.00,21949.24,18969.54,18939.54,22044.24,56,43,43,56,61659.11,61648.45,,
2026-06-25T15:11:03+08:00,btc-updown-5m-1782371400,https://polymarket.com/zh/event/btc-updown-5m-1782371400,15:10-15:15,57.00,44.00,56.00,43.00,121.64,606.17,622.17,121.64,56.50,43.50,1.00,1.00,22534.25,18929.54,18924.54,22029.24,56,43,43,56,61659.11,61648.45,,
2026-06-25T15:11:06+08:00,btc-updown-5m-1782371400,https://polymarket.com/zh/event/btc-updown-5m-1782371400,15:10-15:15,60.00,41.00,59.00,40.00,28.43,608.36,588.36,18.18,59.50,40.50,1.00,1.00,21766.24,18736.54,18746.54,21861.24,59,40,40,59,61659.11,61648.45,,
2026-06-25T15:11:08+08:00,btc-updown-5m-1782371400,https://polymarket.com/zh/event/btc-updown-5m-1782371400,15:10-15:15,60.00,41.00,59.00,40.00,26.51,574.03,531.73,11.51,59.50,40.50,1.00,1.00,22122.24,18602.54,18607.54,22127.24,59,40,40,59,61659.11,61655.65,,
2026-06-25T15:11:10+08:00,btc-updown-5m-1782371400,https://polymarket.com/zh/event/btc-updown-5m-1782371400,15:10-15:15,60.00,41.00,59.00,40.00,615.18,5.00,5.00,591.52,59.50,40.50,1.00,1.00,21827.24,18617.54,18612.54,21812.24,59,40,40,59,61659.11,61655.65,,
2026-06-25T15:11:13+08:00,btc-updown-5m-1782371400,https://polymarket.com/zh/event/btc-updown-5m-1782371400,15:10-15:15,59.00,42.00,58.00,41.00,799.42,50.00,50.00,774.29,58.50,41.50,1.00,1.00,21717.24,18617.54,18612.54,21817.24,58,41,41,58,61659.11,61651.14,,
2026-06-25T15:11:15+08:00,btc-updown-5m-1782371400,https://polymarket.com/zh/event/btc-updown-5m-1782371400,15:10-15:15,53.00,48.00,52.00,47.00,457.82,46.99,46.99,457.82,52.50,47.50,1.00,1.00,21278.24,18597.54,18597.54,21278.24,52,47,47,52,61659.11,61634.40,,
2026-06-25T15:11:17+08:00,btc-updown-5m-1782371400,https://polymarket.com/zh/event/btc-updown-5m-1782371400,15:10-15:15,41.00,60.00,40.00,59.00,707.46,283.33,283.33,749.97,40.50,59.50,1.00,1.00,15353.24,18692.54,18712.54,15343.24,40,59,59,40,61659.11,61625.13,,
2026-06-25T15:11:20+08:00,btc-updown-5m-1782371400,https://polymarket.com/zh/event/btc-updown-5m-1782371400,15:10-15:15,36.00,65.00,35.00,64.00,94.29,469.12,443.12,52.03,35.50,64.50,1.00,1.00,15549.91,18985.35,18965.36,15664.91,35,64,64,35,61659.11,61621.85,,
2026-06-25T15:11:22+08:00,btc-updown-5m-1782371400,https://polymarket.com/zh/event/btc-updown-5m-1782371400,15:10-15:15,35.00,65.00,34.00,64.00,63.64,447.59,808.53,183.73,34.50,64.50,1.00,1.00,15679.91,18979.35,19059.35,15639.91,34,65,64,35,61659.11,61618.96,,
2026-06-25T15:11:24+08:00,btc-updown-5m-1782371400,https://polymarket.com/zh/event/btc-updown-5m-1782371400,15:10-15:15,41.00,60.00,40.00,59.00,99.75,603.86,692.86,51.57,40.50,59.50,1.00,1.00,15634.91,19079.35,18959.35,15659.91,40,59,59,40,61659.11,61624.50,,
2026-06-25T15:11:27+08:00,btc-updown-5m-1782371400,https://polymarket.com/zh/event/btc-updown-5m-1782371400,15:10-15:15,39.00,62.00,38.00,61.00,79.50,547.47,434.53,25.50,38.50,61.50,1.00,1.00,15134.91,18980.35,18974.36,15244.91,38,61,61,38,61659.11,61625.94,,
2026-06-25T15:11:29+08:00,btc-updown-5m-1782371400,https://polymarket.com/zh/event/btc-updown-5m-1782371400,15:10-15:15,41.00,59.00,40.00,58.00,35.34,150.00,734.70,191.99,40.50,58.50,1.00,1.00,15154.91,18984.35,19100.35,15159.91,40,59,58,41,61659.11,61625.93,,
2026-06-25T15:11:31+08:00,btc-updown-5m-1782371400,https://polymarket.com/zh/event/btc-updown-5m-1782371400,15:10-15:15,41.00,60.00,40.00,59.00,23.53,985.49,973.49,20.60,40.50,59.50,1.00,1.00,14741.91,18641.35,18557.35,14721.91,40,59,59,40,61659.11,61625.93,,
2026-06-25T15:11:34+08:00,btc-updown-5m-1782371400,https://polymarket.com/zh/event/btc-updown-5m-1782371400,15:10-15:15,38.00,63.00,37.00,62.00,602.62,484.79,150.00,175.06,37.50,62.50,1.00,1.00,14726.91,18457.35,18566.35,14356.91,37,62,62,37,61659.11,61625.93,,
2026-06-25T15:11:36+08:00,btc-updown-5m-1782371400,https://polymarket.com/zh/event/btc-updown-5m-1782371400,15:10-15:15,48.00,53.00,47.00,52.00,90.03,360.08,382.06,72.91,47.50,52.50,1.00,1.00,14643.91,18556.35,18577.35,14653.91,47,52,52,47,61659.11,61637.73,,
2026-06-25T15:11:38+08:00,btc-updown-5m-1782371400,https://polymarket.com/zh/event/btc-updown-5m-1782371400,15:10-15:15,44.00,57.00,43.00,56.00,530.89,360.46,367.00,625.89,43.50,56.50,1.00,1.00,14858.91,18441.35,18576.35,14963.91,43,56,56,43,61659.11,61637.74,,
2026-06-25T15:11:41+08:00,btc-updown-5m-1782371400,https://polymarket.com/zh/event/btc-updown-5m-1782371400,15:10-15:15,41.00,60.00,40.00,59.00,563.69,57.03,376.31,800.32,40.50,59.50,1.00,1.00,15318.91,18567.36,18572.36,15108.91,40,59,59,40,61659.11,61626.41,,
2026-06-25T15:11:43+08:00,btc-updown-5m-1782371400,https://polymarket.com/zh/event/btc-updown-5m-1782371400,15:10-15:15,52.00,49.00,51.00,48.00,243.64,796.51,912.51,335.01,51.50,48.50,1.00,1.00,21708.91,19466.35,19451.35,21738.91,51,48,48,51,61659.11,61653.54,,
2026-06-25T15:11:45+08:00,btc-updown-5m-1782371400,https://polymarket.com/zh/event/btc-updown-5m-1782371400,15:10-15:15,49.00,52.00,48.00,51.00,393.45,123.84,200.00,1228.00,48.50,51.50,1.00,1.00,22067.24,19571.35,19351.35,22072.24,48,51,51,48,61659.11,61650.80,,
2026-06-25T15:11:47+08:00,btc-updown-5m-1782371400,https://polymarket.com/zh/event/btc-updown-5m-1782371400,15:10-15:15,50.00,51.00,49.00,50.00,100.92,925.49,734.31,100.92,49.50,50.50,1.00,1.00,22067.24,19176.35,19186.35,22062.24,49,50,50,49,61659.11,61647.08,,
2026-06-25T15:11:50+08:00,btc-updown-5m-1782371400,https://polymarket.com/zh/event/btc-updown-5m-1782371400,15:10-15:15,50.00,51.00,49.00,50.00,110.02,942.75,1034.29,67.60,49.50,50.50,1.00,1.00,22012.24,19186.35,19306.35,22012.24,49,50,50,49,61659.11,61647.30,,
2026-06-25T15:11:52+08:00,btc-updown-5m-1782371400,https://polymarket.com/zh/event/btc-updown-5m-1782371400,15:10-15:15,47.00,54.00,46.00,53.00,837.46,345.43,331.26,765.51,46.50,53.50,1.00,1.00,22062.24,18791.35,18796.35,22057.24,46,53,53,46,61659.11,61647.29,,
2026-06-25T15:11:54+08:00,btc-updown-5m-1782371400,https://polymarket.com/zh/event/btc-updown-5m-1782371400,15:10-15:15,48.00,53.00,47.00,52.00,93.94,867.28,836.28,2.00,47.50,52.50,1.00,1.00,22052.24,18997.36,19106.36,22157.24,47,52,52,47,61659.11,61642.79,,
2026-06-25T15:11:57+08:00,btc-updown-5m-1782371400,https://polymarket.com/zh/event/btc-updown-5m-1782371400,15:10-15:15,47.00,54.00,46.00,53.00,867.01,208.70,208.70,782.01,46.50,53.50,1.00,1.00,22070.24,18881.35,18792.35,21851.91,46,53,53,46,61659.11,61643.27,,
2026-06-25T15:11:59+08:00,btc-updown-5m-1782371400,https://polymarket.com/zh/event/btc-updown-5m-1782371400,15:10-15:15,46.00,58.00,44.00,57.00,1270.28,45.22,37.00,17.54,45.00,57.50,2.00,1.00,20409.91,18387.36,18502.36,20521.91,44,54,57,42,61659.11,61643.27,,
2026-06-25T15:12:01+08:00,btc-updown-5m-1782371400,https://polymarket.com/zh/event/btc-updown-5m-1782371400,15:10-15:15,40.00,61.00,39.00,60.00,1210.93,47.15,92.15,1063.32,39.50,60.50,1.00,1.00,16133.91,18166.35,18216.35,16248.91,39,60,60,38,61659.11,61631.31,,
2026-06-25T15:12:04+08:00,btc-updown-5m-1782371400,https://polymarket.com/zh/event/btc-updown-5m-1782371400,15:10-15:15,38.00,63.00,37.00,62.00,1015.35,682.60,1.69,675.77,37.50,62.50,1.00,1.00,16193.91,18296.35,18406.35,15988.91,37,62,62,37,61659.11,61624.39,,
2026-06-25T15:12:06+08:00,btc-updown-5m-1782371400,https://polymarket.com/zh/event/btc-updown-5m-1782371400,15:10-15:15,44.00,57.00,43.00,56.00,179.70,628.99,335.42,438.05,43.50,56.50,1.00,1.00,15896.91,18466.36,18617.35,16098.91,43,56,56,43,61659.11,61639.01,,
2026-06-25T15:12:08+08:00,btc-updown-5m-1782371400,https://polymarket.com/zh/event/btc-updown-5m-1782371400,15:10-15:15,45.00,56.00,44.00,55.00,838.21,62.06,118.99,820.21,44.50,55.50,1.00,1.00,16113.91,18297.36,18316.36,16123.91,44,55,55,44,61659.11,61639.01,,
2026-06-25T15:12:11+08:00,btc-updown-5m-1782371400,https://polymarket.com/zh/event/btc-updown-5m-1782371400,15:10-15:15,45.00,56.00,44.00,55.00,85.09,751.06,786.06,85.09,44.50,55.50,1.00,1.00,16223.91,18591.35,18492.36,15408.91,44,55,55,44,61659.11,61637.98,,
2026-06-25T15:12:13+08:00,btc-updown-5m-1782371400,https://polymarket.com/zh/event/btc-updown-5m-1782371400,15:10-15:15,43.00,58.00,42.00,57.00,1193.49,32.37,32.37,1099.40,42.50,57.50,1.00,1.00,15438.91,18406.35,18392.35,15518.91,42,57,57,42,61659.11,61630.02,,
2026-06-25T15:12:15+08:00,btc-updown-5m-1782371400,https://polymarket.com/zh/event/btc-updown-5m-1782371400,15:10-15:15,43.00,58.00,42.00,57.00,906.92,177.43,174.16,903.92,42.50,57.50,1.00,1.00,15508.91,18397.36,18302.36,15513.91,42,57,57,42,61659.11,61630.02,,
2026-06-25T15:12:18+08:00,btc-updown-5m-1782371400,https://polymarket.com/zh/event/btc-updown-5m-1782371400,15:10-15:15,41.00,60.00,40.00,59.00,360.99,807.70,779.70,360.99,40.50,59.50,1.00,1.00,15713.91,18391.35,18301.35,15818.91,40,59,59,40,61659.11,61631.07,,
2026-06-25T15:12:20+08:00,btc-updown-5m-1782371400,https://polymarket.com/zh/event/btc-updown-5m-1782371400,15:10-15:15,41.00,60.00,40.00,59.00,356.47,729.55,739.49,360.47,40.50,59.50,1.00,1.00,15823.91,18407.36,18297.35,15813.91,40,59,59,40,61659.11,61631.07,,
2026-06-25T15:12:22+08:00,btc-updown-5m-1782371400,https://polymarket.com/zh/event/btc-updown-5m-1782371400,15:10-15:15,43.00,58.00,42.00,57.00,226.40,823.83,893.82,194.18,42.50,57.50,1.00,1.00,15908.91,18391.35,18302.35,16023.91,42,57,57,42,61659.11,61635.48,,
2026-06-25T15:12:24+08:00,btc-updown-5m-1782371400,https://polymarket.com/zh/event/btc-updown-5m-1782371400,15:10-15:15,43.00,58.00,42.00,57.00,239.08,767.67,489.19,219.08,42.50,57.50,1.00,1.00,15693.91,18307.36,18312.36,15793.91,42,57,57,42,61659.11,61635.87,,
2026-06-25T15:12:27+08:00,btc-updown-5m-1782371400,https://polymarket.com/zh/event/btc-updown-5m-1782371400,15:10-15:15,43.00,58.00,42.00,57.00,203.00,827.38,809.38,208.00,42.50,57.50,1.00,1.00,15798.91,18281.35,18396.35,15403.91,42,57,57,42,61659.11,61634.68,,
2026-06-25T15:12:29+08:00,btc-updown-5m-1782371400,https://polymarket.com/zh/event/btc-updown-5m-1782371400,15:10-15:15,43.00,58.00,42.00,57.00,305.26,821.65,817.65,315.26,42.50,57.50,1.00,1.00,15408.91,18419.60,18314.60,15398.91,42,57,57,42,61659.11,61634.68,,
2026-06-25T15:12:31+08:00,btc-updown-5m-1782371400,https://polymarket.com/zh/event/btc-updown-5m-1782371400,15:10-15:15,42.00,59.00,41.00,58.00,566.77,84.52,84.52,722.82,41.50,58.50,1.00,1.00,15436.91,18368.60,18283.60,15446.91,41,58,58,41,61659.11,61630.92,,
2026-06-25T15:12:33+08:00,btc-updown-5m-1782371400,https://polymarket.com/zh/event/btc-updown-5m-1782371400,15:10-15:15,42.00,59.00,41.00,58.00,83.62,1238.08,1230.01,48.62,41.50,58.50,1.00,1.00,15341.91,18105.79,18230.79,15451.91,41,58,58,41,61659.11,61630.92,,
2026-06-25T15:12:36+08:00,btc-updown-5m-1782371400,https://polymarket.com/zh/event/btc-updown-5m-1782371400,15:10-15:15,42.00,59.00,41.00,58.00,109.49,242.29,252.29,118.12,41.50,58.50,1.00,1.00,15286.91,18231.80,18110.79,15271.91,41,58,58,41,61659.11,61630.94,,
2026-06-25T15:12:38+08:00,btc-updown-5m-1782371400,https://polymarket.com/zh/event/btc-updown-5m-1782371400,15:10-15:15,41.00,60.00,40.00,59.00,33.15,1172.85,1204.56,51.81,40.50,59.50,1.00,1.00,15481.91,18220.79,18210.79,15601.91,40,59,59,40,61659.11,61630.92,,
2026-06-25T15:12:40+08:00,btc-updown-5m-1782371400,https://polymarket.com/zh/event/btc-updown-5m-1782371400,15:10-15:15,42.00,59.00,41.00,58.00,262.01,354.05,421.05,283.01,41.50,58.50,1.00,1.00,15891.91,18141.79,18115.79,15891.91,41,58,58,41,61659.11,61630.92,,
2026-06-25T15:12:43+08:00,btc-updown-5m-1782371400,https://polymarket.com/zh/event/btc-updown-5m-1782371400,15:10-15:15,42.00,59.00,41.00,58.00,117.35,998.46,1046.46,117.35,41.50,58.50,1.00,1.00,16086.91,18105.79,18120.79,15786.91,41,58,58,41,61659.11,61630.92,,
2026-06-25T15:12:45+08:00,btc-updown-5m-1782371400,https://polymarket.com/zh/event/btc-updown-5m-1782371400,15:10-15:15,43.00,58.00,42.00,57.00,511.93,245.32,154.97,517.93,42.50,57.50,1.00,1.00,15486.91,18125.79,18220.79,15581.91,42,57,57,42,61659.11,61635.20,,
2026-06-25T15:12:47+08:00,btc-updown-5m-1782371400,https://polymarket.com/zh/event/btc-updown-5m-1782371400,15:10-15:15,49.00,52.00,48.00,51.00,259.39,1104.21,1090.71,259.39,48.50,51.50,1.00,1.00,20881.91,18921.79,18925.79,20881.91,48,51,51,48,61659.11,61644.93,,
2026-06-25T15:12:50+08:00,btc-updown-5m-1782371400,https://polymarket.com/zh/event/btc-updown-5m-1782371400,15:10-15:15,49.00,52.00,48.00,51.00,235.34,434.89,337.78,225.29,48.50,51.50,1.00,1.00,20881.91,18950.80,19010.79,20781.91,48,51,51,48,61659.11,61644.93,,
2026-06-25T15:12:52+08:00,btc-updown-5m-1782371400,https://polymarket.com/zh/event/btc-updown-5m-1782371400,15:10-15:15,47.00,55.00,46.00,54.00,635.71,191.32,80.00,262.67,46.50,54.50,1.00,1.00,20281.91,18736.79,18730.79,20386.91,46,53,54,45,61659.11,61642.88,,
2026-06-25T15:12:54+08:00,btc-updown-5m-1782371400,https://polymarket.com/zh/event/btc-updown-5m-1782371400,15:10-15:15,47.00,54.00,45.00,53.00,266.30,441.33,480.84,207.40,46.00,53.50,2.00,1.00,20376.91,18816.79,18705.79,20371.91,45,53,53,46,61659.11,61639.64,,
2026-06-25T15:12:57+08:00,btc-updown-5m-1782371400,https://polymarket.com/zh/event/btc-updown-5m-1782371400,15:10-15:15,48.00,53.00,47.00,52.00,337.66,343.51,221.21,504.83,47.50,52.50,1.00,1.00,20256.91,19006.80,19126.80,20236.91,47,52,52,47,61659.11,61645.38,,
2026-06-25T15:12:59+08:00,btc-updown-5m-1782371400,https://polymarket.com/zh/event/btc-updown-5m-1782371400,15:10-15:15,61.00,40.00,60.00,39.00,55.00,763.08,339.84,41.29,60.50,39.50,1.00,1.00,21053.92,19112.89,19122.89,21158.91,60,39,39,60,61659.11,61656.13,,
2026-06-25T15:13:01+08:00,btc-updown-5m-1782371400,https://polymarket.com/zh/event/btc-updown-5m-1782371400,15:10-15:15,65.00,36.00,64.00,35.00,820.87,514.11,442.18,837.66,64.50,35.50,1.00,1.00,21450.25,17582.89,17572.89,20840.24,64,35,35,64,61659.11,61659.35,,
2026-06-25T15:13:04+08:00,btc-updown-5m-1782371400,https://polymarket.com/zh/event/btc-updown-5m-1782371400,15:10-15:15,65.00,36.00,64.00,35.00,520.05,106.82,117.82,719.03,64.50,35.50,1.00,1.00,21155.25,17112.89,17122.89,21160.25,64,35,35,64,61659.11,61659.36,,
2026-06-25T15:13:06+08:00,btc-updown-5m-1782371400,https://polymarket.com/zh/event/btc-updown-5m-1782371400,15:10-15:15,81.00,20.00,80.00,19.00,5.27,158.00,163.77,575.17,80.50,19.50,1.00,1.00,18393.24,19536.21,19563.19,18298.24,80,17,19,80,61659.11,61680.00,,
2026-06-25T15:13:08+08:00,btc-updown-5m-1782371400,https://polymarket.com/zh/event/btc-updown-5m-1782371400,15:10-15:15,76.00,25.00,75.00,24.00,48.00,270.29,177.00,126.80,75.50,24.50,1.00,1.00,18224.91,19617.89,19612.89,18234.91,75,24,24,75,61659.11,61675.24,,
2026-06-25T15:13:10+08:00,btc-updown-5m-1782371400,https://polymarket.com/zh/event/btc-updown-5m-1782371400,15:10-15:15,74.00,27.00,73.00,26.00,429.15,64.63,199.81,712.02,73.50,26.50,1.00,1.00,18744.92,19596.89,19601.89,18219.91,73,26,26,73,61659.11,61676.45,,
2026-06-25T15:13:13+08:00,btc-updown-5m-1782371400,https://polymarket.com/zh/event/btc-updown-5m-1782371400,15:10-15:15,75.00,26.00,74.00,25.00,750.06,209.09,169.09,891.17,74.50,25.50,1.00,1.00,18254.91,18812.29,18632.29,18529.91,74,25,25,74,61659.11,61676.45,,
2026-06-25T15:13:15+08:00,btc-updown-5m-1782371400,https://polymarket.com/zh/event/btc-updown-5m-1782371400,15:10-15:15,75.00,26.00,74.00,25.00,808.27,1180.29,213.28,30.14,74.50,25.50,1.00,1.00,18134.91,19174.26,19047.26,18249.91,74,25,25,74,61659.11,61676.45,,
2026-06-25T15:13:17+08:00,btc-updown-5m-1782371400,https://polymarket.com/zh/event/btc-updown-5m-1782371400,15:10-15:15,74.00,27.00,73.00,26.00,549.29,92.48,60.88,693.99,73.50,26.50,1.00,1.00,17784.91,18619.26,18599.26,17884.91,73,26,26,73,61659.11,61679.22,,
2026-06-25T15:13:20+08:00,btc-updown-5m-1782371400,https://polymarket.com/zh/event/btc-updown-5m-1782371400,15:10-15:15,83.00,18.00,82.00,17.00,1204.90,78.00,28.00,1214.22,82.50,17.50,1.00,1.00,17854.91,19200.56,18738.86,17693.24,82,17,17,82,61659.11,61684.89,,
2026-06-25T15:13:22+08:00,btc-updown-5m-1782371400,https://polymarket.com/zh/event/btc-updown-5m-1782371400,15:10-15:15,76.00,25.00,75.00,24.00,180.93,222.66,494.05,269.78,75.50,24.50,1.00,1.00,17283.24,19003.56,19065.56,16763.23,75,24,24,75,61659.11,61677.43,,
2026-06-25T15:13:24+08:00,btc-updown-5m-1782371400,https://polymarket.com/zh/event/btc-updown-5m-1782371400,15:10-15:15,72.00,29.00,71.00,28.00,112.35,663.32,678.83,29.78,71.50,28.50,1.00,1.00,16813.23,19075.56,19080.56,16828.23,71,28,28,71,61659.11,61676.75,,
2026-06-25T15:13:27+08:00,btc-updown-5m-1782371400,https://polymarket.com/zh/event/btc-updown-5m-1782371400,15:10-15:15,82.00,19.00,81.00,18.00,1065.46,55.00,162.73,1198.61,81.50,18.50,1.00,1.00,17318.24,12799.16,12749.16,17118.24,81,18,18,81,61659.11,61685.74,,
2026-06-25T15:13:29+08:00,btc-updown-5m-1782371400,https://polymarket.com/zh/event/btc-updown-5m-1782371400,15:10-15:15,80.00,21.00,79.00,20.00,200.33,99.00,178.00,504.83,79.50,20.50,1.00,1.00,16728.24,13320.16,13315.16,16828.23,79,20,20,79,61659.11,61685.75,,
2026-06-25T15:13:31+08:00,btc-updown-5m-1782371400,https://polymarket.com/zh/event/btc-updown-5m-1782371400,15:10-15:15,80.00,21.00,79.00,20.00,179.31,160.00,157.75,84.48,79.50,20.50,1.00,1.00,16673.23,12455.16,12450.16,16263.23,79,20,20,79,61659.11,61685.74,,
2026-06-25T15:13:34+08:00,btc-updown-5m-1782371400,https://polymarket.com/zh/event/btc-updown-5m-1782371400,15:10-15:15,81.00,20.00,80.00,19.00,99.97,458.33,582.91,397.37,80.50,19.50,1.00,1.00,16673.23,12534.16,12479.16,16083.23,80,19,19,80,61659.11,61685.74,,
2026-06-25T15:13:36+08:00,btc-updown-5m-1782371400,https://polymarket.com/zh/event/btc-updown-5m-1782371400,15:10-15:15,82.00,19.00,81.00,18.00,63.01,758.52,883.52,61.79,81.50,18.50,1.00,1.00,16163.23,12378.16,12378.16,16788.23,81,18,18,81,61659.11,61685.74,,
2026-06-25T15:13:39+08:00,btc-updown-5m-1782371400,https://polymarket.com/zh/event/btc-updown-5m-1782371400,15:10-15:15,82.00,18.00,81.00,17.00,30.90,150.00,604.19,309.04,81.50,17.50,1.00,1.00,16463.24,12355.16,12350.16,16473.24,81,18,17,82,61659.11,61685.74,,
2026-06-25T15:13:41+08:00,btc-updown-5m-1782371400,https://polymarket.com/zh/event/btc-updown-5m-1782371400,15:10-15:15,83.00,18.00,82.00,17.00,131.09,1895.53,1580.53,131.09,82.50,17.50,1.00,1.00,16093.24,12095.55,12100.55,16083.24,82,17,17,82,61659.11,61685.74,,
2026-06-25T15:13:44+08:00,btc-updown-5m-1782371400,https://polymarket.com/zh/event/btc-updown-5m-1782371400,15:10-15:15,88.00,13.00,87.00,12.00,279.15,494.18,491.18,173.35,87.50,12.50,1.00,1.00,16558.23,13079.51,13099.51,16468.24,87,12,12,87,61659.11,61691.39,,
2026-06-25T15:13:46+08:00,btc-updown-5m-1782371400,https://polymarket.com/zh/event/btc-updown-5m-1782371400,15:10-15:15,90.00,11.00,89.00,10.00,1198.58,249.84,137.18,1216.08,89.50,10.50,1.00,1.00,16333.24,9845.41,9732.11,16333.24,89,10,10,89,61659.11,61693.87,,
2026-06-25T15:13:48+08:00,btc-updown-5m-1782371400,https://polymarket.com/zh/event/btc-updown-5m-1782371400,15:10-15:15,86.00,15.00,85.00,14.00,206.58,150.08,61.74,513.58,85.50,14.50,1.00,1.00,15948.23,10017.16,9997.16,16008.23,85,14,14,85,61659.11,61682.14,,
2026-06-25T15:13:51+08:00,btc-updown-5m-1782371400,https://polymarket.com/zh/event/btc-updown-5m-1782371400,15:10-15:15,91.00,9.00,90.00,8.00,50.47,80.12,391.92,54.86,90.50,8.50,1.00,1.00,14955.23,9123.80,9178.80,15060.23,90,9,8,91,61659.11,61682.15,,
2026-06-25T15:13:53+08:00,btc-updown-5m-1782371400,https://polymarket.com/zh/event/btc-updown-5m-1782371400,15:10-15:15,92.00,3.00,91.00,2.00,0.56,462.33,1284.43,1553.00,91.50,2.50,1.00,1.00,15060.23,6385.13,6114.67,14960.23,91,5,2,97,61659.11,61682.15,,
2026-06-25T15:13:55+08:00,btc-updown-5m-1782371400,https://polymarket.com/zh/event/btc-updown-5m-1782371400,15:10-15:15,98.00,3.00,97.00,2.00,1170.41,489.35,649.35,1220.31,97.50,2.50,1.00,1.00,14604.23,6968.43,7108.33,14504.23,97,2,2,97,61659.11,61709.01,,
2026-06-25T15:13:58+08:00,btc-updown-5m-1782371400,https://polymarket.com/zh/event/btc-updown-5m-1782371400,15:10-15:15,96.00,5.00,95.00,4.00,599.09,21.36,147.36,465.09,95.50,4.50,1.00,1.00,14614.23,6534.68,6273.14,14519.23,95,4,4,95,61659.11,61703.91,,
2026-06-25T15:14:00+08:00,btc-updown-5m-1782371400,https://polymarket.com/zh/event/btc-updown-5m-1782371400,15:10-15:15,94.00,7.00,93.00,6.00,596.32,61.42,85.00,642.18,93.50,6.50,1.00,1.00,14602.56,7122.48,7754.48,14517.56,93,6,6,93,61659.11,61700.92,,
2026-06-25T15:14:03+08:00,btc-updown-5m-1782371400,https://polymarket.com/zh/event/btc-updown-5m-1782371400,15:10-15:15,97.00,3.00,96.00,2.00,146.16,76.37,210.68,717.83,96.50,2.50,1.00,1.00,14522.56,5004.34,4923.46,15017.56,96,3,2,97,61659.11,61715.50,,
2026-06-25T15:14:05+08:00,btc-updown-5m-1782371400,https://polymarket.com/zh/event/btc-updown-5m-1782371400,15:10-15:15,98.00,3.00,97.00,2.00,313.23,333.18,333.18,314.14,97.50,2.50,1.00,1.00,14662.56,4508.86,4509.77,14177.57,97,2,2,97,61659.11,61712.01,,
2026-06-25T15:14:07+08:00,btc-updown-5m-1782371400,https://polymarket.com/zh/event/btc-updown-5m-1782371400,15:10-15:15,97.00,4.00,96.00,3.00,109.94,89.43,68.58,80.77,96.50,3.50,1.00,1.00,14257.56,4714.29,4690.12,14177.56,96,3,3,96,61659.11,61712.01,,
2026-06-25T15:14:09+08:00,btc-updown-5m-1782371400,https://polymarket.com/zh/event/btc-updown-5m-1782371400,15:10-15:15,99.00,2.00,98.00,1.00,4988.77,714.59,704.59,4966.66,98.50,1.50,1.00,1.00,15210.08,4988.77,4966.66,15810.08,98,1,1,98,61659.11,61716.29,,
2026-06-25T15:14:12+08:00,btc-updown-5m-1782371400,https://polymarket.com/zh/event/btc-updown-5m-1782371400,15:10-15:15,97.00,4.00,96.00,3.00,34.69,430.96,369.96,15.00,96.50,3.50,1.00,1.00,15315.08,4486.69,4433.41,15210.08,96,3,3,96,61659.11,61716.29,,
2026-06-25T15:14:14+08:00,btc-updown-5m-1782371400,https://polymarket.com/zh/event/btc-updown-5m-1782371400,15:10-15:15,99.00,2.00,98.00,1.00,1928.82,1319.09,1306.13,1928.55,98.50,1.50,1.00,1.00,15295.08,1928.82,1928.55,15305.08,98,1,1,98,61659.11,61716.74,,
2026-06-25T15:14:16+08:00,btc-updown-5m-1782371400,https://polymarket.com/zh/event/btc-updown-5m-1782371400,15:10-15:15,,1.00,99.00,,,3400.48,3492.56,,,,,,15665.08,,,15650.08,99,0,0,99,61659.11,61720.35,,
2026-06-25T15:14:19+08:00,btc-updown-5m-1782371400,https://polymarket.com/zh/event/btc-updown-5m-1782371400,15:10-15:15,,1.00,99.00,,,3994.96,3800.08,,,,,,15170.09,,,15150.08,99,0,0,99,61659.11,61731.03,,
2026-06-25T15:14:21+08:00,btc-updown-5m-1782371400,https://polymarket.com/zh/event/btc-updown-5m-1782371400,15:10-15:15,,1.00,99.00,,,4067.31,5173.05,,,,,,14715.08,,,14715.09,99,0,0,99,61659.11,61726.01,,
2026-06-25T15:14:23+08:00,btc-updown-5m-1782371400,https://polymarket.com/zh/event/btc-updown-5m-1782371400,15:10-15:15,,1.00,99.00,,,3952.97,4002.96,,,,,,15205.08,,,15215.08,99,0,0,99,61659.11,61713.24,,
2026-06-25T15:14:26+08:00,btc-updown-5m-1782371400,https://polymarket.com/zh/event/btc-updown-5m-1782371400,15:10-15:15,99.00,2.00,98.00,1.00,309.03,85.00,130.51,364.22,98.50,1.50,1.00,1.00,14725.08,309.03,364.22,14810.08,98,1,1,97,61659.11,61713.24,,
2026-06-25T15:14:29+08:00,btc-updown-5m-1782371400,https://polymarket.com/zh/event/btc-updown-5m-1782371400,15:10-15:15,93.00,7.00,92.00,6.00,211.79,59.74,124.59,192.33,92.50,6.50,1.00,1.00,14885.08,1420.02,1471.09,14965.08,92,7,5,93,61659.11,61710.29,,
2026-06-25T15:14:31+08:00,btc-updown-5m-1782371400,https://polymarket.com/zh/event/btc-updown-5m-1782371400,15:10-15:15,98.00,3.00,97.00,2.00,199.70,41.94,95.18,15.00,97.50,2.50,1.00,1.00,13821.76,619.70,307.46,14076.76,97,2,2,97,61659.11,61696.09,,
2026-06-25T15:14:34+08:00,btc-updown-5m-1782371400,https://polymarket.com/zh/event/btc-updown-5m-1782371400,15:10-15:15,99.00,2.00,98.00,1.00,396.24,11.38,21.38,422.24,98.50,1.50,1.00,1.00,13586.75,396.24,422.24,13586.75,98,1,1,98,61659.11,61702.01,,
2026-06-25T15:14:36+08:00,btc-updown-5m-1782371400,https://polymarket.com/zh/event/btc-updown-5m-1782371400,15:10-15:15,98.00,3.00,97.00,2.00,15.55,240.85,198.85,17.77,97.50,2.50,1.00,1.00,13274.76,143.45,115.67,13329.76,97,2,2,97,61659.11,61704.00,,
2026-06-25T15:14:38+08:00,btc-updown-5m-1782371400,https://polymarket.com/zh/event/btc-updown-5m-1782371400,15:10-15:15,,1.00,99.00,,,136.14,127.10,,,,,,13204.66,,,13229.67,99,0,0,99,61659.11,61708.22,,
2026-06-25T15:14:41+08:00,btc-updown-5m-1782371400,https://polymarket.com/zh/event/btc-updown-5m-1782371400,15:10-15:15,,1.00,99.00,,,75.51,70.50,,,,,,12704.66,,,13219.67,99,0,0,99,61659.11,61710.28,,
2026-06-25T15:14:43+08:00,btc-updown-5m-1782371400,https://polymarket.com/zh/event/btc-updown-5m-1782371400,15:10-15:15,,1.00,99.00,,,62.07,62.07,,,,,,12694.66,,,12699.66,99,0,0,99,61659.11,61708.85,,
2026-06-25T15:14:45+08:00,btc-updown-5m-1782371400,https://polymarket.com/zh/event/btc-updown-5m-1782371400,15:10-15:15,85.00,16.00,84.00,15.00,25.09,152.50,139.80,51.00,84.50,15.50,1.00,1.00,12340.17,1099.33,1094.33,12815.17,79,15,15,81,61659.11,61674.00,,
2026-06-25T15:14:48+08:00,btc-updown-5m-1782371400,https://polymarket.com/zh/event/btc-updown-5m-1782371400,15:10-15:15,80.00,24.00,79.00,19.00,119.96,31.12,20.00,25.00,79.50,21.50,1.00,5.00,11790.17,7381.33,7366.33,12305.18,74,18,18,75,61659.11,61666.39,,
2026-06-25T15:14:50+08:00,btc-updown-5m-1782371400,https://polymarket.com/zh/event/btc-updown-5m-1782371400,15:10-15:15,78.00,30.00,74.00,23.00,61.67,10.99,18.18,10.00,76.00,26.50,4.00,7.00,12473.84,6233.17,6238.17,11988.84,52,19,20,51,61659.11,61664.67,,
2026-06-25T15:14:52+08:00,btc-updown-5m-1782371400,https://polymarket.com/zh/event/btc-updown-5m-1782371400,15:10-15:15,93.00,16.00,83.00,7.00,6.19,61.00,110.71,5.11,88.00,11.50,10.00,9.00,11383.83,1164.68,1139.79,11873.84,60,6,4,61,61659.11,61664.67,,
2026-06-25T15:14:55+08:00,btc-updown-5m-1782371400,https://polymarket.com/zh/event/btc-updown-5m-1782371400,15:10-15:15,31.00,70.00,30.00,69.00,228.91,514.84,837.78,232.43,30.50,69.50,1.00,1.00,9699.83,10403.33,10563.33,9694.83,23,46,46,23,61659.11,61652.00,,
2026-06-25T15:14:57+08:00,btc-updown-5m-1782371400,https://polymarket.com/zh/event/btc-updown-5m-1782371400,15:10-15:15,31.00,71.00,24.00,70.00,232.22,35.81,163.00,77.69,27.50,70.50,7.00,1.00,3853.83,13242.33,11234.33,4868.83,23,54,56,24,61659.11,61653.89,,
2026-06-25T15:14:59+08:00,btc-updown-5m-1782371400,https://polymarket.com/zh/event/btc-updown-5m-1782371400,15:10-15:15,21.00,94.00,15.00,93.00,173.70,262.00,198.96,50.00,18.00,93.50,6.00,1.00,3660.83,11242.33,9117.34,2897.29,11,49,57,4,61659.11,61653.89,,
2026-06-25T15:15:02+08:00,btc-updown-5m-1782371700,https://polymarket.com/zh/event/btc-updown-5m-1782371700,15:15-15:20,48.00,53.00,47.00,52.00,534.78,712.45,117.82,75.00,47.50,52.50,1.00,1.00,13362.61,13007.74,13057.74,13417.61,47,52,52,47,61653.90,61653.90,,
2026-06-25T15:15:04+08:00,btc-updown-5m-1782371700,https://polymarket.com/zh/event/btc-updown-5m-1782371700,15:15-15:20,50.00,51.00,49.00,49.00,67.44,585.12,445.12,14.59,49.50,50.00,1.00,2.00,13507.71,13382.85,13303.84,13497.71,49,50,49,49,61653.90,61662.00,,
2026-06-25T15:15:06+08:00,btc-updown-5m-1782371700,https://polymarket.com/zh/event/btc-updown-5m-1782371700,15:15-15:20,54.00,47.00,53.00,46.00,25.00,907.46,946.46,25.00,53.50,46.50,1.00,1.00,14077.71,13292.84,13302.84,14072.71,53,46,46,53,61653.90,61664.77,,
2026-06-25T15:15:09+08:00,btc-updown-5m-1782371700,https://polymarket.com/zh/event/btc-updown-5m-1782371700,15:15-15:20,54.00,47.00,53.00,46.00,5.00,1149.64,1078.36,77.00,53.50,46.50,1.00,1.00,12137.72,11407.84,11417.84,11762.71,53,46,46,53,61653.90,61667.12,,
2026-06-25T15:15:11+08:00,btc-updown-5m-1782371700,https://polymarket.com/zh/event/btc-updown-5m-1782371700,15:15-15:20,55.00,46.00,54.00,45.00,1127.88,190.87,190.87,1152.88,54.50,45.50,1.00,1.00,11711.04,11361.17,11351.17,11806.04,54,45,45,54,61653.90,61667.11,,
2026-06-25T15:15:13+08:00,btc-updown-5m-1782371700,https://polymarket.com/zh/event/btc-updown-5m-1782371700,15:15-15:20,53.00,48.00,52.00,47.00,661.18,286.95,284.95,777.79,52.50,47.50,1.00,1.00,11861.04,11366.17,11356.17,12366.05,52,47,47,52,61653.90,61667.11,,
2026-06-25T15:15:16+08:00,btc-updown-5m-1782371700,https://polymarket.com/zh/event/btc-updown-5m-1782371700,15:15-15:20,53.00,48.00,52.00,47.00,288.75,787.45,765.25,275.53,52.50,47.50,1.00,1.00,11956.04,11371.17,11386.17,12171.04,52,47,47,52,61653.90,61667.12,,
2026-06-25T15:15:18+08:00,btc-updown-5m-1782371700,https://polymarket.com/zh/event/btc-updown-5m-1782371700,15:15-15:20,53.00,48.00,52.00,47.00,232.99,923.65,964.64,153.46,52.50,47.50,1.00,1.00,12141.04,11351.17,11356.17,11736.04,52,47,47,52,61653.90,61667.11,,
2026-06-25T15:15:20+08:00,btc-updown-5m-1782371700,https://polymarket.com/zh/event/btc-updown-5m-1782371700,15:15-15:20,53.00,48.00,52.00,47.00,52.00,1096.70,1046.70,52.00,52.50,47.50,1.00,1.00,11756.03,13411.16,12956.16,11391.03,52,47,47,52,61653.90,61667.11,,
2026-06-25T15:15:23+08:00,btc-updown-5m-1782371700,https://polymarket.com/zh/event/btc-updown-5m-1782371700,15:15-15:20,54.00,47.00,53.00,46.00,296.39,1342.98,619.04,216.39,53.50,46.50,1.00,1.00,11701.32,13333.76,13481.45,12281.32,53,46,46,53,61653.90,61668.84,,
2026-06-25T15:15:25+08:00,btc-updown-5m-1782371700,https://polymarket.com/zh/event/btc-updown-5m-1782371700,15:15-15:20,54.00,47.00,53.00,46.00,36.43,912.70,942.70,36.43,53.50,46.50,1.00,1.00,11950.62,14043.44,14048.44,12470.63,53,46,46,53,61653.90,61668.85,,
2026-06-25T15:15:27+08:00,btc-updown-5m-1782371700,https://polymarket.com/zh/event/btc-updown-5m-1782371700,15:15-15:20,55.00,46.00,54.00,45.00,7.64,1003.86,1027.86,7.64,54.50,45.50,1.00,1.00,12583.31,14280.14,14270.14,12678.31,54,45,45,54,61653.90,61668.84,,
2026-06-25T15:15:29+08:00,btc-updown-5m-1782371700,https://polymarket.com/zh/event/btc-updown-5m-1782371700,15:15-15:20,60.00,38.00,59.00,37.00,82.39,813.30,983.03,150.00,59.50,37.50,1.00,1.00,12835.32,14260.14,14270.14,12945.31,59,40,37,62,61653.90,61686.02,,
2026-06-25T15:15:32+08:00,btc-updown-5m-1782371700,https://polymarket.com/zh/event/btc-updown-5m-1782371700,15:15-15:20,63.00,38.00,62.00,37.00,53.00,1112.37,1107.73,55.00,62.50,37.50,1.00,1.00,12781.01,14281.14,14276.14,12686.01,62,37,37,62,61653.90,61686.08,,
2026-06-25T15:15:34+08:00,btc-updown-5m-1782371700,https://polymarket.com/zh/event/btc-updown-5m-1782371700,15:15-15:20,64.00,37.00,63.00,36.00,261.45,1045.74,668.48,167.80,63.50,36.50,1.00,1.00,13191.02,14291.14,14301.14,12701.01,63,36,36,63,61653.90,61688.01,,
2026-06-25T15:15:36+08:00,btc-updown-5m-1782371700,https://polymarket.com/zh/event/btc-updown-5m-1782371700,15:15-15:20,67.00,34.00,66.00,33.00,95.00,524.64,683.11,92.01,66.50,33.50,1.00,1.00,12772.01,14363.83,14368.83,12697.01,66,33,33,66,61653.90,61689.51,,
2026-06-25T15:15:39+08:00,btc-updown-5m-1782371700,https://polymarket.com/zh/event/btc-updown-5m-1782371700,15:15-15:20,62.00,39.00,61.00,38.00,1189.42,88.68,38.68,905.00,61.50,38.50,1.00,1.00,12787.01,14378.83,14373.83,12872.01,61,38,38,61,61653.90,61681.56,,
2026-06-25T15:15:41+08:00,btc-updown-5m-1782371700,https://polymarket.com/zh/event/btc-updown-5m-1782371700,15:15-15:20,57.00,44.00,56.00,43.00,36.43,813.85,757.85,36.43,56.50,43.50,1.00,1.00,13192.01,14922.83,14912.83,12587.01,56,43,43,56,61653.90,61679.20,,
2026-06-25T15:15:43+08:00,btc-updown-5m-1782371700,https://polymarket.com/zh/event/btc-updown-5m-1782371700,15:15-15:20,57.00,44.00,56.00,43.00,558.67,504.34,85.88,117.20,56.50,43.50,1.00,1.00,12692.01,14922.83,14917.83,12772.01,56,43,43,56,61653.90,61679.20,,
2026-06-25T15:15:45+08:00,btc-updown-5m-1782371700,https://polymarket.com/zh/event/btc-updown-5m-1782371700,15:15-15:20,61.00,40.00,60.00,39.00,115.00,704.40,175.00,190.00,60.50,39.50,1.00,1.00,13287.02,14897.83,14958.83,12777.01,60,39,39,60,61653.90,61679.20,,
2026-06-25T15:15:48+08:00,btc-updown-5m-1782371700,https://polymarket.com/zh/event/btc-updown-5m-1782371700,15:15-15:20,66.00,35.00,65.00,34.00,678.53,520.20,484.95,653.53,65.50,34.50,1.00,1.00,12872.01,15181.83,15176.83,12692.01,65,34,34,65,61653.90,61686.48,,
2026-06-25T15:15:50+08:00,btc-updown-5m-1782371700,https://polymarket.com/zh/event/btc-updown-5m-1782371700,15:15-15:20,65.00,36.00,64.00,35.00,643.42,144.32,144.32,667.42,64.50,35.50,1.00,1.00,12577.01,15288.83,15303.83,12697.01,64,35,35,64,61653.90,61689.18,,
2026-06-25T15:15:52+08:00,btc-updown-5m-1782371700,https://polymarket.com/zh/event/btc-updown-5m-1782371700,15:15-15:20,55.00,46.00,54.00,45.00,605.90,125.61,120.61,797.82,54.50,45.50,1.00,1.00,13197.02,15288.83,15298.83,12692.01,54,45,45,54,61653.90,61684.68,,
2026-06-25T15:15:55+08:00,btc-updown-5m-1782371700,https://polymarket.com/zh/event/btc-updown-5m-1782371700,15:15-15:20,59.00,42.00,58.00,41.00,326.56,641.73,465.83,54.87,58.50,41.50,1.00,1.00,12782.01,15313.83,15303.83,12572.01,58,41,41,58,61653.90,61686.76,,
2026-06-25T15:15:57+08:00,btc-updown-5m-1782371700,https://polymarket.com/zh/event/btc-updown-5m-1782371700,15:15-15:20,60.00,41.00,59.00,40.00,59.87,100.71,679.61,1128.49,59.50,40.50,1.00,1.00,12687.01,15318.83,15303.83,12672.01,59,40,40,59,61653.90,61686.76,,
2026-06-25T15:15:59+08:00,btc-updown-5m-1782371700,https://polymarket.com/zh/event/btc-updown-5m-1782371700,15:15-15:20,68.00,34.00,66.00,33.00,5.26,787.44,369.12,58.00,67.00,33.50,2.00,1.00,12937.01,15391.83,15466.83,13127.01,66,32,33,66,61653.90,61696.40,,
2026-06-25T15:16:02+08:00,btc-updown-5m-1782371700,https://polymarket.com/zh/event/btc-updown-5m-1782371700,15:15-15:20,67.00,34.00,66.00,33.00,818.94,81.57,118.63,827.94,66.50,33.50,1.00,1.00,19822.02,15334.83,15344.83,19827.01,66,33,33,66,61653.90,61702.44,,
2026-06-25T15:16:04+08:00,btc-updown-5m-1782371700,https://polymarket.com/zh/event/btc-updown-5m-1782371700,15:15-15:20,59.00,42.00,58.00,41.00,402.67,115.06,67.53,184.32,58.50,41.50,1.00,1.00,19852.02,15196.83,15201.83,19342.01,58,41,41,58,61653.90,61696.41,,
2026-06-25T15:16:06+08:00,btc-updown-5m-1782371700,https://polymarket.com/zh/event/btc-updown-5m-1782371700,15:15-15:20,60.00,41.00,59.00,40.00,199.03,263.21,230.70,128.00,59.50,40.50,1.00,1.00,19309.01,14588.83,14563.83,19799.01,59,40,40,59,61653.90,61696.42,,
2026-06-25T15:16:08+08:00,btc-updown-5m-1782371700,https://polymarket.com/zh/event/btc-updown-5m-1782371700,15:15-15:20,62.00,39.00,61.00,38.00,144.99,472.53,529.43,151.80,61.50,38.50,1.00,1.00,19285.01,14429.83,14429.83,19250.01,61,38,38,61,61653.90,61696.41,,
2026-06-25T15:16:11+08:00,btc-updown-5m-1782371700,https://polymarket.com/zh/event/btc-updown-5m-1782371700,15:15-15:20,62.00,39.00,61.00,38.00,668.71,92.70,92.70,643.74,61.50,38.50,1.00,1.00,19580.02,14439.83,14429.83,19155.01,61,38,38,61,61653.90,61696.41,,
2026-06-25T15:16:13+08:00,btc-updown-5m-1782371700,https://polymarket.com/zh/event/btc-updown-5m-1782371700,15:15-15:20,63.00,38.00,62.00,37.00,35.79,1052.06,910.71,30.00,62.50,37.50,1.00,1.00,19675.01,14429.83,14434.83,19275.01,62,37,37,62,61653.90,61696.41,,
2026-06-25T15:16:15+08:00,btc-updown-5m-1782371700,https://polymarket.com/zh/event/btc-updown-5m-1782371700,15:15-15:20,63.00,38.00,62.00,37.00,196.16,1147.99,701.75,37.06,62.50,37.50,1.00,1.00,19660.01,14424.83,14434.83,19870.01,62,37,37,62,61653.90,61696.41,,
2026-06-25T15:16:18+08:00,btc-updown-5m-1782371700,https://polymarket.com/zh/event/btc-updown-5m-1782371700,15:15-15:20,71.00,30.00,70.00,29.00,127.10,809.64,751.13,127.10,70.50,29.50,1.00,1.00,19370.02,15090.52,15100.52,19360.01,70,29,29,70,61653.90,61705.03,,
2026-06-25T15:16:20+08:00,btc-updown-5m-1782371700,https://polymarket.com/zh/event/btc-updown-5m-1782371700,15:15-15:20,72.00,29.00,71.00,28.00,455.57,225.68,186.68,455.57,71.50,28.50,1.00,1.00,19275.01,15105.52,15100.52,19780.01,71,28,28,71,61653.90,61706.72,,
2026-06-25T15:16:22+08:00,btc-updown-5m-1782371700,https://polymarket.com/zh/event/btc-updown-5m-1782371700,15:15-15:20,75.00,26.00,74.00,25.00,28.32,1426.26,1514.26,23.25,74.50,25.50,1.00,1.00,19265.01,13024.52,13163.52,19285.01,74,25,25,74,61653.90,61710.16,,
2026-06-25T15:16:25+08:00,btc-updown-5m-1782371700,https://polymarket.com/zh/event/btc-updown-5m-1782371700,15:15-15:20,77.00,24.00,76.00,23.00,100.97,881.69,1013.69,92.97,76.50,23.50,1.00,1.00,19265.01,13157.52,13162.52,19260.01,76,23,23,76,61653.90,61717.05,,
2026-06-25T15:16:27+08:00,btc-updown-5m-1782371700,https://polymarket.com/zh/event/btc-updown-5m-1782371700,15:15-15:20,82.00,19.00,81.00,18.00,276.87,700.26,75.00,115.49,81.50,18.50,1.00,1.00,19760.01,13829.51,14034.51,19160.01,81,18,18,81,61653.90,61720.21,,
2026-06-25T15:16:29+08:00,btc-updown-5m-1782371700,https://polymarket.com/zh/event/btc-updown-5m-1782371700,15:15-15:20,83.00,18.00,82.00,17.00,520.71,1042.21,314.24,18.00,82.50,17.50,1.00,1.00,19165.01,14719.99,14619.99,19270.01,82,17,17,82,61653.90,61720.22,,
2026-06-25T15:16:31+08:00,btc-updown-5m-1782371700,https://polymarket.com/zh/event/btc-updown-5m-1782371700,15:15-15:20,84.00,17.00,83.00,16.00,703.00,205.48,185.48,685.99,83.50,16.50,1.00,1.00,19232.01,13911.99,13906.99,18742.01,83,16,16,83,61653.90,61723.91,,
2026-06-25T15:16:34+08:00,btc-updown-5m-1782371700,https://polymarket.com/zh/event/btc-updown-5m-1782371700,15:15-15:20,84.00,16.00,83.00,15.00,62.95,265.90,1005.42,50.67,83.50,15.50,1.00,1.00,19342.01,13184.71,13165.88,18742.01,83,16,15,84,61653.90,61730.79,,
2026-06-25T15:16:36+08:00,btc-updown-5m-1782371700,https://polymarket.com/zh/event/btc-updown-5m-1782371700,15:15-15:20,87.00,13.00,86.00,12.00,392.51,184.16,300.42,241.67,86.50,12.50,1.00,1.00,18607.01,12987.87,14021.68,18642.02,86,13,12,87,61653.90,61737.14,,
2026-06-25T15:16:38+08:00,btc-updown-5m-1782371700,https://polymarket.com/zh/event/btc-updown-5m-1782371700,15:15-15:20,94.00,7.00,93.00,6.00,162.76,1347.25,1343.54,71.70,93.50,6.50,1.00,1.00,16717.01,13156.44,13326.69,16627.01,93,6,6,93,61653.90,61774.99,,
2026-06-25T15:16:41+08:00,btc-updown-5m-1782371700,https://polymarket.com/zh/event/btc-updown-5m-1782371700,15:15-15:20,93.00,8.00,92.00,7.00,1056.22,42.50,51.23,1722.25,92.50,7.50,1.00,1.00,17142.02,13770.93,14300.09,17137.01,92,7,7,92,61653.90,61754.50,,
2026-06-25T15:16:43+08:00,btc-updown-5m-1782371700,https://polymarket.com/zh/event/btc-updown-5m-1782371700,15:15-15:20,92.00,9.00,91.00,8.00,270.95,671.63,361.96,172.44,91.50,8.50,1.00,1.00,17243.10,13262.13,13897.13,17253.10,91,8,8,91,61653.90,61758.02,,
2026-06-25T15:16:45+08:00,btc-updown-5m-1782371700,https://polymarket.com/zh/event/btc-updown-5m-1782371700,15:15-15:20,93.00,8.00,92.00,7.00,680.92,182.86,187.86,829.42,92.50,7.50,1.00,1.00,16853.10,13603.33,14171.09,17233.10,92,7,7,92,61653.90,61762.34,,
2026-06-25T15:16:47+08:00,btc-updown-5m-1782371700,https://polymarket.com/zh/event/btc-updown-5m-1782371700,15:15-15:20,93.00,8.00,92.00,7.00,241.83,411.04,354.89,382.77,92.50,7.50,1.00,1.00,16733.10,13225.71,13230.71,16743.10,92,7,7,92,61653.90,61770.84,,
2026-06-25T15:16:50+08:00,btc-updown-5m-1782371700,https://polymarket.com/zh/event/btc-updown-5m-1782371700,15:15-15:20,93.00,8.00,92.00,7.00,626.56,117.92,260.54,651.26,92.50,7.50,1.00,1.00,16718.10,14153.42,14168.42,16733.10,92,7,7,92,61653.90,61770.01,,
2026-06-25T15:16:52+08:00,btc-updown-5m-1782371700,https://polymarket.com/zh/event/btc-updown-5m-1782371700,15:15-15:20,93.00,7.00,92.00,6.00,61.09,120.00,747.48,145.26,92.50,6.50,1.00,1.00,16833.10,12544.89,13018.47,17228.10,92,7,6,93,61653.90,61764.27,,
2026-06-25T15:16:54+08:00,btc-updown-5m-1782371700,https://polymarket.com/zh/event/btc-updown-5m-1782371700,15:15-15:20,93.00,8.00,92.00,7.00,947.39,246.08,158.43,432.64,92.50,7.50,1.00,1.00,16813.10,14109.57,14109.57,16748.11,92,7,7,92,61653.90,61765.06,,
2026-06-25T15:16:56+08:00,btc-updown-5m-1782371700,https://polymarket.com/zh/event/btc-updown-5m-1782371700,15:15-15:20,94.00,7.00,93.00,6.00,588.24,309.77,434.77,651.24,93.50,6.50,1.00,1.00,16636.10,14008.58,14080.45,16721.10,93,6,6,93,61653.90,61768.64,,
2026-06-25T15:16:59+08:00,btc-updown-5m-1782371700,https://polymarket.com/zh/event/btc-updown-5m-1782371700,15:15-15:20,93.00,6.00,92.00,5.00,30.00,30.00,429.41,1018.43,92.50,5.50,1.00,1.00,16616.10,14161.93,12329.95,16716.10,92,7,5,94,61653.90,61770.03,,
2026-06-25T15:17:01+08:00,btc-updown-5m-1782371700,https://polymarket.com/zh/event/btc-updown-5m-1782371700,15:15-15:20,95.00,6.00,94.00,5.00,1205.25,15.34,25.34,1318.39,94.50,5.50,1.00,1.00,16707.10,13414.93,14808.99,17217.11,94,5,5,94,61653.90,61778.04,,
2026-06-25T15:17:03+08:00,btc-updown-5m-1782371700,https://polymarket.com/zh/event/btc-updown-5m-1782371700,15:15-15:20,95.00,6.00,94.00,5.00,1482.81,78.66,78.66,1460.70,94.50,5.50,1.00,1.00,17107.10,14893.19,14820.90,16697.10,94,5,5,94,61653.90,61770.98,,
2026-06-25T15:17:05+08:00,btc-updown-5m-1782371700,https://polymarket.com/zh/event/btc-updown-5m-1782371700,15:15-15:20,90.00,10.00,89.00,9.00,124.92,125.00,187.13,81.65,89.50,9.50,1.00,1.00,16777.10,12728.66,12703.66,17272.10,89,10,9,90,61653.90,61764.27,,
2026-06-25T15:17:08+08:00,btc-updown-5m-1782371700,https://polymarket.com/zh/event/btc-updown-5m-1782371700,15:15-15:20,94.00,7.00,92.00,6.00,343.27,20.52,402.62,573.01,93.00,6.50,2.00,1.00,16577.11,12151.79,12555.27,16557.10,92,6,6,93,61653.90,61770.99,,
2026-06-25T15:17:10+08:00,btc-updown-5m-1782371700,https://polymarket.com/zh/event/btc-updown-5m-1782371700,15:15-15:20,94.00,7.00,93.00,6.00,221.38,740.83,812.85,27.24,93.50,6.50,1.00,1.00,17177.10,11842.37,11831.12,16692.10,93,6,6,93,61653.90,61776.17,,
2026-06-25T15:17:12+08:00,btc-updown-5m-1782371700,https://polymarket.com/zh/event/btc-updown-5m-1782371700,15:15-15:20,96.00,5.00,95.00,4.00,498.25,991.21,949.51,411.77,95.50,4.50,1.00,1.00,16577.10,10717.16,10600.68,16937.10,95,4,4,95,61653.90,61789.40,,
2026-06-25T15:17:15+08:00,btc-updown-5m-1782371700,https://polymarket.com/zh/event/btc-updown-5m-1782371700,15:15-15:20,97.00,4.00,96.00,3.00,2008.31,308.96,372.69,1906.21,96.50,3.50,1.00,1.00,16947.11,10681.37,10507.27,16242.11,96,3,3,96,61653.90,61790.44,,
2026-06-25T15:17:17+08:00,btc-updown-5m-1782371700,https://polymarket.com/zh/event/btc-updown-5m-1782371700,15:15-15:20,95.00,6.00,94.00,5.00,184.65,772.02,939.48,87.86,94.50,5.50,1.00,1.00,16907.10,10897.67,10810.88,16282.10,94,5,5,94,61653.90,61792.93,,
2026-06-25T15:17:19+08:00,btc-updown-5m-1782371700,https://polymarket.com/zh/event/btc-updown-5m-1782371700,15:15-15:20,95.00,6.00,94.00,5.00,627.93,15.34,54.48,800.04,94.50,5.50,1.00,1.00,16292.10,11389.09,11590.40,16807.11,94,5,5,94,61653.90,61783.97,,
2026-06-25T15:17:22+08:00,btc-updown-5m-1782371700,https://polymarket.com/zh/event/btc-updown-5m-1782371700,15:15-15:20,94.00,7.00,93.00,6.00,121.14,349.42,534.71,365.73,93.50,6.50,1.00,1.00,16742.10,11040.54,11055.54,16242.10,93,6,6,93,61653.90,61783.58,,
2026-06-25T15:17:24+08:00,btc-updown-5m-1782371700,https://polymarket.com/zh/event/btc-updown-5m-1782371700,15:15-15:20,95.00,6.00,94.00,5.00,103.37,1160.33,1019.87,101.76,94.50,5.50,1.00,1.00,16757.10,10455.35,10403.74,16822.10,94,5,5,94,61653.90,61783.57,,
2026-06-25T15:17:26+08:00,btc-updown-5m-1782371700,https://polymarket.com/zh/event/btc-updown-5m-1782371700,15:15-15:20,96.00,5.00,95.00,4.00,648.73,368.79,268.99,483.71,95.50,4.50,1.00,1.00,16837.10,10720.23,10565.27,16347.10,95,4,4,95,61653.90,61789.99,,
2026-06-25T15:17:28+08:00,btc-updown-5m-1782371700,https://polymarket.com/zh/event/btc-updown-5m-1782371700,15:15-15:20,97.00,4.00,96.00,3.00,2023.10,333.76,256.48,1937.51,96.50,3.50,1.00,1.00,16317.10,10133.61,9930.73,16232.10,96,3,3,96,61653.90,61787.49,,
2026-06-25T15:17:31+08:00,btc-updown-5m-1782371700,https://polymarket.com/zh/event/btc-updown-5m-1782371700,15:15-15:20,97.00,4.00,96.00,3.00,202.84,1421.12,1373.36,158.74,96.50,3.50,1.00,1.00,16179.10,8326.72,8252.62,16142.10,96,3,3,96,61653.90,61792.56,,
2026-06-25T15:17:33+08:00,btc-updown-5m-1782371700,https://polymarket.com/zh/event/btc-updown-5m-1782371700,15:15-15:20,97.00,4.00,96.00,3.00,358.32,783.89,851.95,376.23,96.50,3.50,1.00,1.00,15947.11,8340.86,8350.55,15942.10,96,3,3,96,61653.90,61787.71,,
2026-06-25T15:17:35+08:00,btc-updown-5m-1782371700,https://polymarket.com/zh/event/btc-updown-5m-1782371700,15:15-15:20,98.00,3.00,97.00,2.00,2686.71,430.00,465.00,2710.62,97.50,2.50,1.00,1.00,16042.10,7848.97,7872.88,15932.10,97,2,2,97,61653.90,61787.73,,
2026-06-25T15:17:38+08:00,btc-updown-5m-1782371700,https://polymarket.com/zh/event/btc-updown-5m-1782371700,15:15-15:20,98.00,3.00,97.00,2.00,1598.78,1321.01,1324.02,1623.78,97.50,2.50,1.00,1.00,16397.10,6920.82,6957.82,16392.10,97,2,2,97,61653.90,61787.99,,
2026-06-25T15:17:40+08:00,btc-updown-5m-1782371700,https://polymarket.com/zh/event/btc-updown-5m-1782371700,15:15-15:20,98.00,3.00,97.00,2.00,1466.19,1282.09,1257.09,1436.19,97.50,2.50,1.00,1.00,15917.10,6758.80,6690.23,16307.10,97,2,2,97,61653.90,61787.98,,
2026-06-25T15:17:42+08:00,btc-updown-5m-1782371700,https://polymarket.com/zh/event/btc-updown-5m-1782371700,15:15-15:20,98.00,3.00,97.00,2.00,1449.77,1210.32,1205.81,1463.62,97.50,2.50,1.00,1.00,15922.10,6396.54,6416.91,15802.10,97,2,2,97,61653.90,61796.15,,
2026-06-25T15:17:45+08:00,btc-updown-5m-1782371700,https://polymarket.com/zh/event/btc-updown-5m-1782371700,15:15-15:20,98.00,3.00,97.00,2.00,1490.94,1136.48,1127.48,1372.89,97.50,2.50,1.00,1.00,15787.10,6466.10,6293.05,15892.10,97,2,2,97,61653.90,61796.15,,
2026-06-25T15:17:47+08:00,btc-updown-5m-1782371700,https://polymarket.com/zh/event/btc-updown-5m-1782371700,15:15-15:20,98.00,3.00,97.00,2.00,1557.37,889.28,658.28,1461.10,97.50,2.50,1.00,1.00,15902.10,6535.53,6407.26,15897.10,97,2,2,97,61653.90,61779.65,,
2026-06-25T15:17:49+08:00,btc-updown-5m-1782371700,https://polymarket.com/zh/event/btc-updown-5m-1782371700,15:15-15:20,98.00,4.00,97.00,2.00,1397.34,596.50,182.00,1380.60,97.50,3.00,1.00,2.00,15802.10,6650.20,7098.45,15802.10,97,2,2,96,61653.90,61765.20,,
2026-06-25T15:17:52+08:00,btc-updown-5m-1782371700,https://polymarket.com/zh/event/btc-updown-5m-1782371700,15:15-15:20,97.00,4.00,96.00,3.00,102.44,619.89,723.26,212.00,96.50,3.50,1.00,1.00,15882.10,6099.29,6293.85,16407.10,96,3,3,96,61653.90,61771.36,,
2026-06-25T15:17:54+08:00,btc-updown-5m-1782371700,https://polymarket.com/zh/event/btc-updown-5m-1782371700,15:15-15:20,96.00,5.00,95.00,4.00,643.81,279.05,608.49,773.98,95.50,4.50,1.00,1.00,15892.10,8229.98,8853.81,15797.10,95,4,4,95,61653.90,61751.97,,
2026-06-25T15:17:56+08:00,btc-updown-5m-1782371700,https://polymarket.com/zh/event/btc-updown-5m-1782371700,15:15-15:20,93.00,8.00,92.00,7.00,493.74,492.33,107.84,423.19,92.50,7.50,1.00,1.00,15897.10,10746.53,10063.82,16287.11,92,7,7,92,61653.90,61744.56,,
2026-06-25T15:17:59+08:00,btc-updown-5m-1782371700,https://polymarket.com/zh/event/btc-updown-5m-1782371700,15:15-15:20,93.00,8.00,91.00,7.00,131.30,306.09,283.22,190.39,92.00,7.50,2.00,1.00,15892.10,11366.47,11362.24,15892.10,91,7,7,92,61653.90,61744.51,,
2026-06-25T15:18:01+08:00,btc-updown-5m-1782371700,https://polymarket.com/zh/event/btc-updown-5m-1782371700,15:15-15:20,93.00,8.00,92.00,7.00,1170.40,300.51,161.31,925.84,92.50,7.50,1.00,1.00,15757.11,10954.81,11003.35,16247.10,92,7,7,92,61653.90,61744.51,,
2026-06-25T15:18:03+08:00,btc-updown-5m-1782371700,https://polymarket.com/zh/event/btc-updown-5m-1782371700,15:15-15:20,93.00,8.00,92.00,7.00,163.29,713.16,753.14,110.29,92.50,7.50,1.00,1.00,16157.10,7400.92,7450.92,15752.10,92,6,7,92,61653.90,61754.88,,
2026-06-25T15:18:06+08:00,btc-updown-5m-1782371700,https://polymarket.com/zh/event/btc-updown-5m-1782371700,15:15-15:20,93.00,11.00,92.00,10.00,1137.72,127.89,83.51,54.89,92.50,10.50,1.00,1.00,16312.11,8368.42,9814.29,15817.11,91,7,10,89,61653.90,61734.24,,
2026-06-25T15:18:08+08:00,btc-updown-5m-1782371700,https://polymarket.com/zh/event/btc-updown-5m-1782371700,15:15-15:20,92.00,9.00,91.00,8.00,14.31,875.06,850.41,7.24,91.50,8.50,1.00,1.00,15812.11,8278.13,8373.12,17717.10,91,8,8,91,61653.90,61749.91,,
2026-06-25T15:18:10+08:00,btc-updown-5m-1782371700,https://polymarket.com/zh/event/btc-updown-5m-1782371700,15:15-15:20,98.00,3.00,97.00,2.00,979.83,38.83,45.87,831.94,97.50,2.50,1.00,1.00,16257.10,5159.96,4876.15,15732.10,97,2,2,97,61653.90,61758.00,,
2026-06-25T15:18:12+08:00,btc-updown-5m-1782371700,https://polymarket.com/zh/event/btc-updown-5m-1782371700,15:15-15:20,98.00,3.00,97.00,2.00,732.99,27.49,27.49,747.99,97.50,2.50,1.00,1.00,15757.10,4762.20,4767.20,15632.10,97,2,2,97,61653.90,61758.31,,
2026-06-25T15:18:15+08:00,btc-updown-5m-1782371700,https://polymarket.com/zh/event/btc-updown-5m-1782371700,15:15-15:20,97.00,4.00,96.00,3.00,112.69,586.16,576.41,117.69,96.50,3.50,1.00,1.00,16152.10,5150.13,5002.44,16137.11,96,3,3,96,61653.90,61754.40,,
2026-06-25T15:18:17+08:00,btc-updown-5m-1782371700,https://polymarket.com/zh/event/btc-updown-5m-1782371700,15:15-15:20,97.00,4.00,96.00,3.00,498.16,133.93,137.36,521.41,96.50,3.50,1.00,1.00,15642.10,5539.72,5562.97,15642.10,96,3,3,96,61653.90,61755.18,,
2026-06-25T15:18:19+08:00,btc-updown-5m-1782371700,https://polymarket.com/zh/event/btc-updown-5m-1782371700,15:15-15:20,97.00,4.00,96.00,3.00,620.02,77.77,42.77,620.55,96.50,3.50,1.00,1.00,15607.10,5836.44,5836.97,15607.10,96,3,3,96,61653.90,61756.49,,
2026-06-25T15:18:22+08:00,btc-updown-5m-1782371700,https://polymarket.com/zh/event/btc-updown-5m-1782371700,15:15-15:20,96.00,5.00,95.00,4.00,630.93,485.15,147.26,184.40,95.50,4.50,1.00,1.00,15655.43,6968.21,6058.99,15255.42,95,4,4,95,61653.90,61748.00,,
2026-06-25T15:18:24+08:00,btc-updown-5m-1782371700,https://polymarket.com/zh/event/btc-updown-5m-1782371700,15:15-15:20,96.00,5.00,95.00,4.00,484.88,112.26,252.79,639.75,95.50,4.50,1.00,1.00,15655.42,7367.28,7957.15,15755.42,95,4,4,95,61653.90,61748.00,,
2026-06-25T15:18:26+08:00,btc-updown-5m-1782371700,https://polymarket.com/zh/event/btc-updown-5m-1782371700,15:15-15:20,95.00,6.00,94.00,5.00,18.00,367.86,367.86,18.00,94.50,5.50,1.00,1.00,15265.42,7692.87,7068.87,15650.43,94,5,5,94,61653.90,61737.69,,
2026-06-25T15:18:29+08:00,btc-updown-5m-1782371700,https://polymarket.com/zh/event/btc-updown-5m-1782371700,15:15-15:20,91.00,10.00,90.00,9.00,459.52,110.00,60.00,620.90,90.50,9.50,1.00,1.00,15360.43,9853.09,9914.94,15755.42,90,9,9,90,61653.90,61722.29,,
2026-06-25T15:18:31+08:00,btc-updown-5m-1782371700,https://polymarket.com/zh/event/btc-updown-5m-1782371700,15:15-15:20,86.00,15.00,84.00,14.00,73.57,560.02,1171.89,80.00,85.00,14.50,2.00,1.00,15680.42,8185.01,8045.87,15180.42,84,14,14,85,61653.90,61716.03,,
2026-06-25T15:18:33+08:00,btc-updown-5m-1782371700,https://polymarket.com/zh/event/btc-updown-5m-1782371700,15:15-15:20,91.00,10.00,90.00,9.00,71.52,485.46,505.46,68.52,90.50,9.50,1.00,1.00,15065.42,8603.08,8603.08,15580.42,90,9,9,90,61653.90,61723.92,,
2026-06-25T15:18:36+08:00,btc-updown-5m-1782371700,https://polymarket.com/zh/event/btc-updown-5m-1782371700,15:15-15:20,93.00,7.00,92.00,6.00,111.55,294.94,1159.50,372.89,92.50,6.50,1.00,1.00,15460.42,7092.11,7570.05,15555.42,92,7,6,93,61653.90,61728.62,,
2026-06-25T15:18:38+08:00,btc-updown-5m-1782371700,https://polymarket.com/zh/event/btc-updown-5m-1782371700,15:15-15:20,91.00,10.00,90.00,9.00,120.70,836.61,652.08,118.50,90.50,9.50,1.00,1.00,15060.42,8876.38,8970.68,15555.42,90,9,9,90,61653.90,61722.66,,
2026-06-25T15:18:41+08:00,btc-updown-5m-1782371700,https://polymarket.com/zh/event/btc-updown-5m-1782371700,15:15-15:20,92.00,8.00,91.00,7.00,95.28,450.99,710.62,104.36,91.50,7.50,1.00,1.00,15040.42,8828.81,7719.82,15545.42,91,8,7,92,61653.90,61727.36,,
2026-06-25T15:18:43+08:00,btc-updown-5m-1782371700,https://polymarket.com/zh/event/btc-updown-5m-1782371700,15:15-15:20,95.00,6.00,94.00,5.00,51.00,768.05,553.63,101.00,94.50,5.50,1.00,1.00,15055.42,6427.67,6558.42,14945.42,94,5,5,94,61653.90,61734.23,,
2026-06-25T15:18:45+08:00,btc-updown-5m-1782371700,https://polymarket.com/zh/event/btc-updown-5m-1782371700,15:15-15:20,95.00,6.00,94.00,5.00,169.79,578.56,447.96,100.62,94.50,5.50,1.00,1.00,15290.43,6875.36,6951.95,14795.43,94,5,5,94,61653.90,61734.22,,
2026-06-25T15:18:48+08:00,btc-updown-5m-1782371700,https://polymarket.com/zh/event/btc-updown-5m-1782371700,15:15-15:20,93.00,8.00,92.00,7.00,453.27,154.12,129.43,226.27,92.50,7.50,1.00,1.00,15300.42,7261.70,7001.65,14810.42,92,7,7,92,61653.90,61734.22,,
2026-06-25T15:18:50+08:00,btc-updown-5m-1782371700,https://polymarket.com/zh/event/btc-updown-5m-1782371700,15:15-15:20,91.00,10.00,90.00,9.00,2171.90,141.00,35.00,2199.90,90.50,9.50,1.00,1.00,15037.36,6828.38,6794.40,15047.37,90,9,9,90,61653.90,61735.88,,
2026-06-25T15:18:52+08:00,btc-updown-5m-1782371700,https://polymarket.com/zh/event/btc-updown-5m-1782371700,15:15-15:20,90.00,11.00,89.00,10.00,879.47,51.32,21.32,770.01,89.50,10.50,1.00,1.00,15102.36,6267.22,6282.22,15087.36,89,10,10,89,61653.90,61727.28,,
2026-06-25T15:18:55+08:00,btc-updown-5m-1782371700,https://polymarket.com/zh/event/btc-updown-5m-1782371700,15:15-15:20,87.00,14.00,86.00,13.00,761.01,162.04,162.04,579.12,86.50,13.50,1.00,1.00,14987.36,7638.80,8398.10,14792.36,86,13,13,86,61653.90,61720.48,,
2026-06-25T15:18:57+08:00,btc-updown-5m-1782371700,https://polymarket.com/zh/event/btc-updown-5m-1782371700,15:15-15:20,90.00,11.00,89.00,10.00,684.40,76.22,262.44,821.49,89.50,10.50,1.00,1.00,14840.98,8357.85,8284.88,14870.98,89,10,10,89,61653.90,61721.22,,
2026-06-25T15:18:59+08:00,btc-updown-5m-1782371700,https://polymarket.com/zh/event/btc-updown-5m-1782371700,15:15-15:20,87.00,14.00,86.00,13.00,283.08,102.62,34.77,637.65,86.50,13.50,1.00,1.00,15260.98,7955.05,7960.05,14835.98,86,13,13,86,61653.90,61704.01,,
2026-06-25T15:19:02+08:00,btc-updown-5m-1782371700,https://polymarket.com/zh/event/btc-updown-5m-1782371700,15:15-15:20,87.00,14.00,86.00,13.00,89.25,303.70,230.70,82.70,86.50,13.50,1.00,1.00,15264.31,8380.05,8385.05,15169.31,85,13,13,85,61653.90,61700.00,,
2026-06-25T15:19:04+08:00,btc-updown-5m-1782371700,https://polymarket.com/zh/event/btc-updown-5m-1782371700,15:15-15:20,84.00,15.00,83.00,14.00,8.51,669.89,15.00,102.05,83.50,14.50,1.00,1.00,14664.31,8493.59,8628.29,14759.31,83,16,14,81,61653.90,61700.00,,
2026-06-25T15:19:06+08:00,btc-updown-5m-1782371700,https://polymarket.com/zh/event/btc-updown-5m-1782371700,15:15-15:20,84.00,17.00,82.00,16.00,853.11,34.00,40.00,937.71,83.00,16.50,2.00,1.00,15024.32,8669.45,8664.45,14519.32,81,16,16,82,61653.90,61699.84,,
2026-06-25T15:19:09+08:00,btc-updown-5m-1782371700,https://polymarket.com/zh/event/btc-updown-5m-1782371700,15:15-15:20,84.00,17.00,83.00,16.00,410.67,473.43,452.43,327.26,83.50,16.50,1.00,1.00,15099.31,8585.38,8550.45,14609.31,82,15,15,82,61653.90,61704.47,,
2026-06-25T15:19:11+08:00,btc-updown-5m-1782371700,https://polymarket.com/zh/event/btc-updown-5m-1782371700,15:15-15:20,88.00,13.00,87.00,12.00,268.35,18.23,12.44,224.13,87.50,12.50,1.00,1.00,14519.31,7352.16,7418.32,14504.31,86,12,12,86,61653.90,61705.04,,
2026-06-25T15:19:13+08:00,btc-updown-5m-1782371700,https://polymarket.com/zh/event/btc-updown-5m-1782371700,15:15-15:20,85.00,16.00,84.00,15.00,93.87,316.62,363.62,13.96,84.50,15.50,1.00,1.00,14619.31,7390.72,7340.72,15004.31,77,15,15,77,61653.90,61705.99,,
2026-06-25T15:19:16+08:00,btc-updown-5m-1782371700,https://polymarket.com/zh/event/btc-updown-5m-1782371700,15:15-15:20,85.00,15.00,84.00,14.00,4.04,198.16,128.06,41.42,84.50,14.50,1.00,1.00,14504.31,7371.65,7366.65,14609.31,83,14,13,84,61653.90,61706.00,,
2026-06-25T15:19:18+08:00,btc-updown-5m-1782371700,https://polymarket.com/zh/event/btc-updown-5m-1782371700,15:15-15:20,81.00,18.00,80.00,17.00,50.00,399.06,31.07,47.71,80.50,17.50,1.00,1.00,15094.32,5955.38,5909.80,14599.31,76,16,16,76,61653.90,61710.16,,
2026-06-25T15:19:20+08:00,btc-updown-5m-1782371700,https://polymarket.com/zh/event/btc-updown-5m-1782371700,15:15-15:20,87.00,14.00,86.00,13.00,34.00,437.43,402.43,83.87,86.50,13.50,1.00,1.00,13980.86,4248.60,4168.60,14000.86,80,13,12,80,61653.90,61716.09,,
2026-06-25T15:19:22+08:00,btc-updown-5m-1782371700,https://polymarket.com/zh/event/btc-updown-5m-1782371700,15:15-15:20,86.00,15.00,85.00,14.00,230.51,41.66,6.66,264.65,85.50,14.50,1.00,1.00,14216.45,4063.60,4063.60,14611.46,81,14,14,81,61653.90,61725.11,,
2026-06-25T15:19:25+08:00,btc-updown-5m-1782371700,https://polymarket.com/zh/event/btc-updown-5m-1782371700,15:15-15:20,84.00,17.00,83.00,16.00,167.76,221.61,56.05,340.70,83.50,16.50,1.00,1.00,14086.45,4090.51,4085.51,14206.45,81,16,15,80,61653.90,61725.11,,
2026-06-25T15:19:27+08:00,btc-updown-5m-1782371700,https://polymarket.com/zh/event/btc-updown-5m-1782371700,15:15-15:20,94.00,6.00,93.00,5.00,84.07,126.93,170.24,161.54,93.50,5.50,1.00,1.00,14711.45,3994.19,4169.79,14591.45,89,6,5,90,61653.90,61721.13,,
2026-06-25T15:19:29+08:00,btc-updown-5m-1782371700,https://polymarket.com/zh/event/btc-updown-5m-1782371700,15:15-15:20,95.00,6.00,94.00,5.00,113.10,299.19,54.00,52.88,94.50,5.50,1.00,1.00,14731.46,3967.76,3884.49,14596.46,90,5,5,92,61653.90,61727.36,,
2026-06-25T15:19:32+08:00,btc-updown-5m-1782371700,https://polymarket.com/zh/event/btc-updown-5m-1782371700,15:15-15:20,,1.00,99.00,,,4174.41,4357.49,,,,,,13748.12,,,14253.12,94,0,0,94,61653.90,61730.79,,
2026-06-25T15:19:34+08:00,btc-updown-5m-1782371700,https://polymarket.com/zh/event/btc-updown-5m-1782371700,15:15-15:20,,1.00,99.00,,,12255.90,11506.64,,,,,,13773.12,,,14248.12,98,0,0,98,61653.90,61737.43,,
2026-06-25T15:19:36+08:00,btc-updown-5m-1782371700,https://polymarket.com/zh/event/btc-updown-5m-1782371700,15:15-15:20,,1.00,99.00,,,16496.19,15859.35,,,,,,13290.93,,,13295.93,95,0,0,95,61653.90,61737.43,,
2026-06-25T15:19:38+08:00,btc-updown-5m-1782371700,https://polymarket.com/zh/event/btc-updown-5m-1782371700,15:15-15:20,,1.00,99.00,,,23136.14,23189.12,,,,,,13280.83,,,13775.83,97,0,0,97,61653.90,61737.43,,
2026-06-25T15:19:41+08:00,btc-updown-5m-1782371700,https://polymarket.com/zh/event/btc-updown-5m-1782371700,15:15-15:20,,1.00,99.00,,,26501.00,26501.00,,,,,,13265.83,,,13275.83,96,0,0,96,61653.90,61735.48,,
2026-06-25T15:19:43+08:00,btc-updown-5m-1782371700,https://polymarket.com/zh/event/btc-updown-5m-1782371700,15:15-15:20,,1.00,99.00,,,27594.86,26839.86,,,,,,13770.83,,,13780.83,98,0,0,98,61653.90,61737.43,,
2026-06-25T15:19:45+08:00,btc-updown-5m-1782371700,https://polymarket.com/zh/event/btc-updown-5m-1782371700,15:15-15:20,,1.00,99.00,,,27481.71,27131.71,,,,,,12776.34,,,12276.34,76,0,0,76,61653.90,61737.43,,
2026-06-25T15:19:48+08:00,btc-updown-5m-1782371700,https://polymarket.com/zh/event/btc-updown-5m-1782371700,15:15-15:20,,1.00,99.00,,,27331.73,27331.73,,,,,,12231.34,,,12731.34,74,0,0,75,61653.90,61737.43,,
2026-06-25T15:19:50+08:00,btc-updown-5m-1782371700,https://polymarket.com/zh/event/btc-updown-5m-1782371700,15:15-15:20,,1.00,99.00,,,28698.72,27525.93,,,,,,12756.34,,,12751.34,74,0,0,74,61653.90,61737.43,,
2026-06-25T15:19:52+08:00,btc-updown-5m-1782371700,https://polymarket.com/zh/event/btc-updown-5m-1782371700,15:15-15:20,,1.00,99.00,,,33923.96,33923.96,,,,,,11346.35,,,11331.34,74,0,0,74,61653.90,61747.99,,
2026-06-25T15:19:55+08:00,btc-updown-5m-1782371700,https://polymarket.com/zh/event/btc-updown-5m-1782371700,15:15-15:20,,1.00,99.00,,,40535.01,40504.01,,,,,,11831.34,,,11846.34,74,0,0,74,61653.90,61747.99,,
2026-06-25T15:19:57+08:00,btc-updown-5m-1782371700,https://polymarket.com/zh/event/btc-updown-5m-1782371700,15:15-15:20,,1.00,99.00,,,41992.54,41699.02,,,,,,11846.35,,,11846.35,74,0,0,74,61653.90,61747.99,,
2026-06-25T15:19:59+08:00,btc-updown-5m-1782371700,https://polymarket.com/zh/event/btc-updown-5m-1782371700,15:15-15:20,,1.00,99.00,,,60882.03,57172.38,,,,,,12351.34,,,11856.34,74,0,0,73,61653.90,61758.05,,
2026-06-25T15:20:02+08:00,btc-updown-5m-1782372000,https://polymarket.com/zh/event/btc-updown-5m-1782372000,15:20-15:25,56.00,45.00,52.00,44.00,77.66,455.35,120.57,35.82,54.00,44.50,4.00,1.00,13870.92,12952.23,12967.23,13370.92,52,44,44,55,61760.00,61765.00,,
2026-06-25T15:20:04+08:00,btc-updown-5m-1782372000,https://polymarket.com/zh/event/btc-updown-5m-1782372000,15:20-15:25,56.00,45.00,55.00,44.00,1187.64,25.00,25.00,1232.41,55.50,44.50,1.00,1.00,13351.02,13168.10,13168.10,13371.02,55,44,44,55,61760.00,61765.03,,
2026-06-25T15:20:07+08:00,btc-updown-5m-1782372000,https://polymarket.com/zh/event/btc-updown-5m-1782372000,15:20-15:25,55.00,46.00,54.00,45.00,1018.20,53.50,114.82,1205.20,54.50,45.50,1.00,1.00,13426.02,13268.10,13273.10,13546.03,54,45,45,54,61760.00,61761.24,,
2026-06-25T15:20:09+08:00,btc-updown-5m-1782372000,https://polymarket.com/zh/event/btc-updown-5m-1782372000,15:20-15:25,55.00,46.00,54.00,45.00,1107.73,118.00,118.00,1146.73,54.50,45.50,1.00,1.00,11506.02,11343.10,11383.10,11686.02,54,45,45,54,61760.00,61761.86,,
2026-06-25T15:20:11+08:00,btc-updown-5m-1782372000,https://polymarket.com/zh/event/btc-updown-5m-1782372000,15:20-15:25,54.00,47.00,53.00,46.00,1178.35,65.51,60.51,1240.28,53.50,46.50,1.00,1.00,11654.35,11307.68,11327.68,11659.35,53,46,46,53,61760.00,61762.85,,
2026-06-25T15:20:14+08:00,btc-updown-5m-1782372000,https://polymarket.com/zh/event/btc-updown-5m-1782372000,15:20-15:25,54.00,47.00,53.00,46.00,735.18,137.90,386.02,715.23,53.50,46.50,1.00,1.00,12259.35,11352.68,11342.68,11549.35,53,46,46,53,61760.00,61762.85,,
2026-06-25T15:20:16+08:00,btc-updown-5m-1782372000,https://polymarket.com/zh/event/btc-updown-5m-1782372000,15:20-15:25,54.00,47.00,53.00,46.00,1300.18,35.49,33.49,1320.71,53.50,46.50,1.00,1.00,11529.35,11347.68,11327.68,12149.35,53,46,46,53,61760.00,61762.85,,
2026-06-25T15:20:18+08:00,btc-updown-5m-1782372000,https://polymarket.com/zh/event/btc-updown-5m-1782372000,15:20-15:25,54.00,41.00,53.00,40.00,47.47,460.23,1129.84,160.35,53.50,40.50,1.00,1.00,12144.35,11347.68,11317.68,12139.35,53,46,40,59,61760.00,61761.81,,
2026-06-25T15:20:21+08:00,btc-updown-5m-1782372000,https://polymarket.com/zh/event/btc-updown-5m-1782372000,15:20-15:25,60.00,41.00,59.00,40.00,193.52,54.07,501.38,1453.37,59.50,40.50,1.00,1.00,11487.07,13185.40,13120.40,11644.76,59,40,40,59,61760.00,61768.65,,
2026-06-25T15:20:23+08:00,btc-updown-5m-1782372000,https://polymarket.com/zh/event/btc-updown-5m-1782372000,15:20-15:25,45.00,56.00,44.00,55.00,628.00,278.03,215.80,393.57,44.50,55.50,1.00,1.00,13571.46,11823.40,11841.09,13556.46,44,55,55,44,61760.00,61745.74,,
2026-06-25T15:20:25+08:00,btc-updown-5m-1782372000,https://polymarket.com/zh/event/btc-updown-5m-1782372000,15:20-15:25,39.00,64.00,38.00,63.00,930.94,60.00,18.41,551.90,38.50,63.50,1.00,1.00,14031.75,12082.08,12078.08,14141.75,38,61,63,36,61760.00,61741.08,,
2026-06-25T15:20:27+08:00,btc-updown-5m-1782372000,https://polymarket.com/zh/event/btc-updown-5m-1782372000,15:20-15:25,41.00,60.00,40.00,59.00,398.86,122.47,147.47,356.65,40.50,59.50,1.00,1.00,14263.45,12103.08,11967.08,14363.45,40,59,59,40,61760.00,61739.80,,
2026-06-25T15:20:30+08:00,btc-updown-5m-1782372000,https://polymarket.com/zh/event/btc-updown-5m-1782372000,15:20-15:25,42.00,59.00,41.00,58.00,139.57,220.98,319.98,323.94,41.50,58.50,1.00,1.00,14379.45,12167.78,12137.78,14340.45,41,58,58,41,61760.00,61739.80,,
2026-06-25T15:20:32+08:00,btc-updown-5m-1782372000,https://polymarket.com/zh/event/btc-updown-5m-1782372000,15:20-15:25,43.00,58.00,42.00,57.00,166.89,397.86,205.09,151.15,42.50,57.50,1.00,1.00,14420.45,12112.78,12143.78,14435.45,42,57,57,42,61760.00,61742.21,,
2026-06-25T15:20:34+08:00,btc-updown-5m-1782372000,https://polymarket.com/zh/event/btc-updown-5m-1782372000,15:20-15:25,41.00,60.00,40.00,59.00,849.48,112.33,112.33,823.61,40.50,59.50,1.00,1.00,14453.78,12132.78,12018.78,14443.78,40,59,59,40,61760.00,61742.76,,
2026-06-25T15:20:37+08:00,btc-updown-5m-1782372000,https://polymarket.com/zh/event/btc-updown-5m-1782372000,15:20-15:25,41.00,59.00,40.00,58.00,30.00,297.45,478.79,108.77,40.50,58.50,1.00,1.00,14343.78,12122.78,12122.78,14428.78,40,59,58,41,61760.00,61742.76,,
2026-06-25T15:20:39+08:00,btc-updown-5m-1782372000,https://polymarket.com/zh/event/btc-updown-5m-1782372000,15:20-15:25,41.00,60.00,40.00,59.00,415.74,228.34,160.54,787.38,40.50,59.50,1.00,1.00,14448.78,12028.78,12022.79,14443.78,40,59,59,40,61760.00,61746.04,,
2026-06-25T15:20:41+08:00,btc-updown-5m-1782372000,https://polymarket.com/zh/event/btc-updown-5m-1782372000,15:20-15:25,46.00,55.00,45.00,54.00,343.39,345.15,235.20,162.20,45.50,54.50,1.00,1.00,14428.78,12127.78,12033.78,14548.78,45,54,54,45,61760.00,61751.43,,
2026-06-25T15:20:44+08:00,btc-updown-5m-1782372000,https://polymarket.com/zh/event/btc-updown-5m-1782372000,15:20-15:25,47.00,54.00,46.00,53.00,1131.71,626.53,200.79,884.65,46.50,53.50,1.00,1.00,14343.78,12048.78,12148.79,14343.78,46,53,53,46,61760.00,61751.43,,
2026-06-25T15:20:46+08:00,btc-updown-5m-1782372000,https://polymarket.com/zh/event/btc-updown-5m-1782372000,15:20-15:25,43.00,60.00,41.00,58.00,234.26,81.90,40.00,256.12,42.00,59.00,2.00,2.00,14338.78,12198.79,12328.79,14438.78,41,57,58,40,61760.00,61745.20,,
2026-06-25T15:20:48+08:00,btc-updown-5m-1782372000,https://polymarket.com/zh/event/btc-updown-5m-1782372000,15:20-15:25,40.00,70.00,33.00,65.00,40.00,230.39,59.39,100.00,36.50,67.50,7.00,5.00,14644.78,12257.79,12157.79,14677.78,33,60,62,30,61760.00,61705.34,,
2026-06-25T15:20:51+08:00,btc-updown-5m-1782372000,https://polymarket.com/zh/event/btc-updown-5m-1782372000,15:20-15:25,27.00,74.00,26.00,61.00,82.81,1414.15,1398.40,221.88,26.50,67.50,1.00,13.00,15550.45,12117.78,12023.78,15345.45,26,73,61,26,61760.00,61708.07,,
2026-06-25T15:20:53+08:00,btc-updown-5m-1782372000,https://polymarket.com/zh/event/btc-updown-5m-1782372000,15:20-15:25,37.00,64.00,36.00,63.00,264.95,137.77,332.21,340.81,36.50,63.50,1.00,1.00,15505.45,12393.78,12413.78,15505.45,36,63,63,36,61760.00,61709.32,,
2026-06-25T15:20:55+08:00,btc-updown-5m-1782372000,https://polymarket.com/zh/event/btc-updown-5m-1782372000,15:20-15:25,46.00,58.00,45.00,57.00,700.26,5.00,100.01,136.73,45.50,57.50,1.00,1.00,15000.45,12308.78,12293.78,14990.45,45,54,57,42,61760.00,61706.99,,
2026-06-25T15:20:58+08:00,btc-updown-5m-1782372000,https://polymarket.com/zh/event/btc-updown-5m-1782372000,15:20-15:25,42.00,59.00,41.00,58.00,4.04,1056.43,921.43,4.04,41.50,58.50,1.00,1.00,15100.45,12292.78,12387.78,15000.45,41,58,58,41,61760.00,61706.98,,
2026-06-25T15:21:00+08:00,btc-updown-5m-1782372000,https://polymarket.com/zh/event/btc-updown-5m-1782372000,15:20-15:25,51.00,50.00,50.00,49.00,290.61,119.62,79.92,268.01,50.50,49.50,1.00,1.00,15125.45,19127.78,19122.78,15605.45,50,49,49,50,61760.00,61709.11,,
2026-06-25T15:21:02+08:00,btc-updown-5m-1782372000,https://polymarket.com/zh/event/btc-updown-5m-1782372000,15:20-15:25,50.00,51.00,49.00,50.00,701.46,88.01,97.41,757.26,49.50,50.50,1.00,1.00,15472.45,18891.78,18885.78,15472.45,49,50,50,49,61760.00,61711.70,,
2026-06-25T15:21:05+08:00,btc-updown-5m-1782372000,https://polymarket.com/zh/event/btc-updown-5m-1782372000,15:20-15:25,45.00,56.00,44.00,55.00,65.00,818.61,820.45,65.00,44.50,55.50,1.00,1.00,15502.45,18890.78,18980.78,15387.45,44,55,55,44,61760.00,61711.70,,
2026-06-25T15:21:07+08:00,btc-updown-5m-1782372000,https://polymarket.com/zh/event/btc-updown-5m-1782372000,15:20-15:25,46.00,55.00,45.00,54.00,400.05,118.18,57.13,524.26,45.50,54.50,1.00,1.00,14973.45,18736.78,18856.78,14973.45,45,54,54,45,61760.00,61711.70,,
2026-06-25T15:21:09+08:00,btc-updown-5m-1782372000,https://polymarket.com/zh/event/btc-updown-5m-1782372000,15:20-15:25,45.00,56.00,44.00,55.00,9.09,1173.85,579.10,9.09,44.50,55.50,1.00,1.00,14893.45,18757.79,18852.78,14838.45,44,55,55,44,61760.00,61711.70,,
2026-06-25T15:21:11+08:00,btc-updown-5m-1782372000,https://polymarket.com/zh/event/btc-updown-5m-1782372000,15:20-15:25,45.00,56.00,44.00,55.00,658.67,189.93,167.93,631.09,44.50,55.50,1.00,1.00,15443.45,18736.78,18747.78,15453.45,44,55,55,44,61760.00,61720.47,,
2026-06-25T15:21:14+08:00,btc-updown-5m-1782372000,https://polymarket.com/zh/event/btc-updown-5m-1782372000,15:20-15:25,48.00,53.00,47.00,52.00,32.36,710.00,489.32,51.11,47.50,52.50,1.00,1.00,15533.45,18836.78,18737.78,15323.45,47,52,52,47,61760.00,61720.47,,
2026-06-25T15:21:16+08:00,btc-updown-5m-1782372000,https://polymarket.com/zh/event/btc-updown-5m-1782372000,15:20-15:25,50.00,52.00,49.00,51.00,1080.12,25.53,44.00,628.19,49.50,51.50,1.00,1.00,15328.45,18882.52,18877.52,15438.45,49,50,51,48,61760.00,61730.79,,
2026-06-25T15:21:18+08:00,btc-updown-5m-1782372000,https://polymarket.com/zh/event/btc-updown-5m-1782372000,15:20-15:25,47.00,54.00,46.00,53.00,542.20,116.98,116.98,498.20,46.50,53.50,1.00,1.00,15423.45,18853.52,18763.53,15428.45,46,53,53,46,61760.00,61730.79,,
2026-06-25T15:21:21+08:00,btc-updown-5m-1782372000,https://polymarket.com/zh/event/btc-updown-5m-1782372000,15:20-15:25,51.00,48.00,50.00,47.00,48.68,532.50,1180.12,193.63,50.50,47.50,1.00,1.00,14928.45,18742.52,18767.52,14938.46,50,49,47,52,61760.00,61730.80,,
2026-06-25T15:21:23+08:00,btc-updown-5m-1782372000,https://polymarket.com/zh/event/btc-updown-5m-1782372000,15:20-15:25,56.00,45.00,55.00,44.00,55.94,782.64,225.00,90.28,55.50,44.50,1.00,1.00,19933.45,18747.52,18762.52,20233.45,55,44,44,55,61760.00,61734.11,,
2026-06-25T15:21:25+08:00,btc-updown-5m-1782372000,https://polymarket.com/zh/event/btc-updown-5m-1782372000,15:20-15:25,56.00,50.00,54.00,49.00,949.86,638.60,66.65,50.00,55.00,49.50,2.00,1.00,20038.46,18742.52,18762.52,19698.46,52,44,49,50,61760.00,61737.60,,
2026-06-25T15:21:27+08:00,btc-updown-5m-1782372000,https://polymarket.com/zh/event/btc-updown-5m-1782372000,15:20-15:25,49.00,52.00,48.00,51.00,418.34,1018.00,372.08,217.54,48.50,51.50,1.00,1.00,19725.45,18842.52,18758.52,19695.45,48,51,51,48,61760.00,61730.01,,
2026-06-25T15:21:30+08:00,btc-updown-5m-1782372000,https://polymarket.com/zh/event/btc-updown-5m-1782372000,15:20-15:25,52.00,49.00,51.00,48.00,100.00,162.71,798.91,461.97,51.50,48.50,1.00,1.00,19630.45,18742.52,18757.52,19725.45,51,48,48,51,61760.00,61731.14,,
2026-06-25T15:21:32+08:00,btc-updown-5m-1782372000,https://polymarket.com/zh/event/btc-updown-5m-1782372000,15:20-15:25,48.00,53.00,47.00,52.00,57.42,450.67,458.87,129.72,47.50,52.50,1.00,1.00,19212.45,18324.52,18329.52,19237.45,47,52,52,47,61760.00,61725.20,,
2026-06-25T15:21:34+08:00,btc-updown-5m-1782372000,https://polymarket.com/zh/event/btc-updown-5m-1782372000,15:20-15:25,46.00,55.00,45.00,54.00,600.71,220.66,11.00,776.75,45.50,54.50,1.00,1.00,14832.45,18224.52,18235.52,14927.45,45,54,54,45,61760.00,61725.20,,
2026-06-25T15:21:37+08:00,btc-updown-5m-1782372000,https://polymarket.com/zh/event/btc-updown-5m-1782372000,15:20-15:25,48.00,53.00,47.00,52.00,183.99,661.71,750.71,212.36,47.50,52.50,1.00,1.00,15077.45,18319.52,18240.52,14982.45,47,52,52,47,61760.00,61725.20,,
2026-06-25T15:21:39+08:00,btc-updown-5m-1782372000,https://polymarket.com/zh/event/btc-updown-5m-1782372000,15:20-15:25,52.00,50.00,51.00,49.00,849.87,66.76,86.10,304.69,51.50,49.50,1.00,1.00,14377.45,18224.52,18229.52,14977.45,51,48,49,50,61760.00,61725.20,,
2026-06-25T15:21:42+08:00,btc-updown-5m-1782372000,https://polymarket.com/zh/event/btc-updown-5m-1782372000,15:20-15:25,48.00,57.00,47.00,56.00,463.16,665.57,8.92,24.93,47.50,56.50,1.00,1.00,15102.45,18240.52,18330.52,14997.45,46,52,56,43,61760.00,61725.20,,
2026-06-25T15:21:44+08:00,btc-updown-5m-1782372000,https://polymarket.com/zh/event/btc-updown-5m-1782372000,15:20-15:25,45.00,55.00,44.00,54.00,30.00,671.29,1021.76,52.28,44.50,54.50,1.00,1.00,15002.45,18345.52,18230.53,14992.45,44,55,54,45,61760.00,61720.47,,
2026-06-25T15:21:46+08:00,btc-updown-5m-1782372000,https://polymarket.com/zh/event/btc-updown-5m-1782372000,15:20-15:25,49.00,52.00,48.00,51.00,40.00,824.75,971.91,45.00,48.50,51.50,1.00,1.00,14497.45,18224.52,18229.52,14577.45,48,51,51,48,61760.00,61720.47,,
2026-06-25T15:21:49+08:00,btc-updown-5m-1782372000,https://polymarket.com/zh/event/btc-updown-5m-1782372000,15:20-15:25,53.00,48.00,52.00,47.00,144.00,504.91,483.91,88.00,52.50,47.50,1.00,1.00,15040.38,18269.52,18284.52,15155.38,52,47,47,52,61760.00,61722.48,,
2026-06-25T15:21:51+08:00,btc-updown-5m-1782372000,https://polymarket.com/zh/event/btc-updown-5m-1782372000,15:20-15:25,57.00,43.00,56.00,42.00,49.15,50.00,693.65,60.70,56.50,42.50,1.00,1.00,15332.38,18284.52,18279.52,14932.38,56,43,42,57,61760.00,61730.79,,
2026-06-25T15:21:53+08:00,btc-updown-5m-1782372000,https://polymarket.com/zh/event/btc-updown-5m-1782372000,15:20-15:25,59.00,41.00,58.00,40.00,33.09,15.00,1220.76,341.54,58.50,40.50,1.00,1.00,15350.39,18224.52,18274.52,15395.39,58,41,40,59,61760.00,61732.36,,
2026-06-25T15:21:56+08:00,btc-updown-5m-1782372000,https://polymarket.com/zh/event/btc-updown-5m-1782372000,15:20-15:25,61.00,39.00,60.00,38.00,18.45,95.00,843.03,10.82,60.50,38.50,1.00,1.00,20055.38,18279.52,18274.52,20425.38,60,39,38,61,61760.00,61739.60,,
2026-06-25T15:21:58+08:00,btc-updown-5m-1782372000,https://polymarket.com/zh/event/btc-updown-5m-1782372000,15:20-15:25,61.00,40.00,60.00,39.00,47.87,455.87,599.38,75.06,60.50,39.50,1.00,1.00,20258.38,18264.52,18279.52,19838.38,60,39,39,60,61760.00,61739.59,,
2026-06-25T15:22:00+08:00,btc-updown-5m-1782372000,https://polymarket.com/zh/event/btc-updown-5m-1782372000,15:20-15:25,63.00,38.00,62.00,37.00,23.98,777.88,749.88,23.98,62.50,37.50,1.00,1.00,19633.38,18174.96,18194.96,19748.38,62,37,37,62,61760.00,61739.59,,
2026-06-25T15:22:03+08:00,btc-updown-5m-1782372000,https://polymarket.com/zh/event/btc-updown-5m-1782372000,15:20-15:25,65.00,36.00,64.00,35.00,452.99,145.03,335.41,613.70,64.50,35.50,1.00,1.00,19230.38,18198.75,18178.75,19320.38,64,35,35,64,61760.00,61739.59,,
2026-06-25T15:22:05+08:00,btc-updown-5m-1782372000,https://polymarket.com/zh/event/btc-updown-5m-1782372000,15:20-15:25,56.00,45.00,55.00,44.00,110.14,318.58,351.78,40.14,55.50,44.50,1.00,1.00,19570.39,18148.01,18148.01,19005.38,55,44,44,55,61760.00,61739.59,,
2026-06-25T15:22:07+08:00,btc-updown-5m-1782372000,https://polymarket.com/zh/event/btc-updown-5m-1782372000,15:20-15:25,56.00,44.00,55.00,43.00,41.47,375.00,674.24,7.47,55.50,43.50,1.00,1.00,19735.38,18148.01,18163.01,19240.38,55,44,43,56,61760.00,61739.59,,
2026-06-25T15:22:09+08:00,btc-updown-5m-1782372000,https://polymarket.com/zh/event/btc-updown-5m-1782372000,15:20-15:25,60.00,41.00,59.00,40.00,27.49,674.28,570.55,12.63,59.50,40.50,1.00,1.00,19195.38,18128.01,18128.01,19285.38,59,40,40,59,61760.00,61739.59,,
2026-06-25T15:22:12+08:00,btc-updown-5m-1782372000,https://polymarket.com/zh/event/btc-updown-5m-1782372000,15:20-15:25,63.00,38.00,62.00,37.00,712.17,40.00,40.10,834.49,62.50,37.50,1.00,1.00,19690.38,18148.01,18138.01,19075.38,62,37,37,62,61760.00,61741.64,,
2026-06-25T15:22:14+08:00,btc-updown-5m-1782372000,https://polymarket.com/zh/event/btc-updown-5m-1782372000,15:20-15:25,61.00,41.00,60.00,40.00,706.27,56.47,15.00,300.00,60.50,40.50,1.00,1.00,19180.38,18128.01,18163.01,19865.38,60,39,40,59,61760.00,61741.65,,
2026-06-25T15:22:16+08:00,btc-updown-5m-1782372000,https://polymarket.com/zh/event/btc-updown-5m-1782372000,15:20-15:25,57.00,44.00,56.00,43.00,808.01,484.95,498.37,822.02,56.50,43.50,1.00,1.00,19800.38,18158.01,18128.01,19895.38,56,43,43,56,61760.00,61741.64,,
2026-06-25T15:22:18+08:00,btc-updown-5m-1782372000,https://polymarket.com/zh/event/btc-updown-5m-1782372000,15:20-15:25,57.00,44.00,56.00,43.00,355.61,1148.16,1097.72,350.61,56.50,43.50,1.00,1.00,20275.38,18148.01,18163.01,19975.38,56,43,43,56,61760.00,61739.60,,
2026-06-25T15:22:21+08:00,btc-updown-5m-1782372000,https://polymarket.com/zh/event/btc-updown-5m-1782372000,15:20-15:25,57.00,44.00,56.00,43.00,302.91,1015.08,1021.02,286.56,56.50,43.50,1.00,1.00,19975.38,18158.01,18153.01,20145.38,56,43,43,56,61760.00,61739.60,,
2026-06-25T15:22:23+08:00,btc-updown-5m-1782372000,https://polymarket.com/zh/event/btc-updown-5m-1782372000,15:20-15:25,60.00,41.00,59.00,40.00,161.39,378.22,393.64,161.39,59.50,40.50,1.00,1.00,19682.38,18148.01,18128.01,19287.38,59,40,40,59,61760.00,61739.59,,
2026-06-25T15:22:25+08:00,btc-updown-5m-1782372000,https://polymarket.com/zh/event/btc-updown-5m-1782372000,15:20-15:25,44.00,57.00,43.00,56.00,257.21,293.88,304.43,260.21,43.50,56.50,1.00,1.00,15198.38,18244.02,18144.02,15178.38,43,56,56,43,61760.00,61718.72,,
2026-06-25T15:22:27+08:00,btc-updown-5m-1782372000,https://polymarket.com/zh/event/btc-updown-5m-1782372000,15:20-15:25,44.00,57.00,43.00,56.00,464.23,97.38,209.63,648.50,43.50,56.50,1.00,1.00,15193.38,18139.01,18138.01,15298.38,43,56,56,43,61760.00,61718.72,,
2026-06-25T15:22:30+08:00,btc-updown-5m-1782372000,https://polymarket.com/zh/event/btc-updown-5m-1782372000,15:20-15:25,44.00,60.00,43.00,59.00,1433.14,146.82,41.00,265.00,43.50,59.50,1.00,1.00,14919.38,18144.01,18239.01,15146.38,42,56,59,39,61760.00,61713.07,,
2026-06-25T15:22:32+08:00,btc-updown-5m-1782372000,https://polymarket.com/zh/event/btc-updown-5m-1782372000,15:20-15:25,38.00,63.00,37.00,62.00,543.64,125.09,175.09,544.82,37.50,62.50,1.00,1.00,15663.37,18186.01,18112.02,15793.37,37,62,62,37,61760.00,61713.06,,
2026-06-25T15:22:34+08:00,btc-updown-5m-1782372000,https://polymarket.com/zh/event/btc-updown-5m-1782372000,15:20-15:25,34.00,67.00,33.00,66.00,606.20,150.65,62.63,438.16,33.50,66.50,1.00,1.00,12293.38,17991.01,18106.02,12283.38,33,66,66,33,61760.00,61710.16,,
2026-06-25T15:22:37+08:00,btc-updown-5m-1782372000,https://polymarket.com/zh/event/btc-updown-5m-1782372000,15:20-15:25,34.00,67.00,33.00,66.00,63.62,840.63,792.60,85.90,33.50,66.50,1.00,1.00,12708.38,17986.01,17986.01,12813.38,33,66,66,33,61760.00,61706.72,,
2026-06-25T15:22:39+08:00,btc-updown-5m-1782372000,https://polymarket.com/zh/event/btc-updown-5m-1782372000,15:20-15:25,34.00,67.00,33.00,66.00,84.67,819.91,903.24,97.24,33.50,66.50,1.00,1.00,13652.37,17991.01,18101.01,13667.37,33,66,66,33,61760.00,61706.73,,
2026-06-25T15:22:41+08:00,btc-updown-5m-1782372000,https://polymarket.com/zh/event/btc-updown-5m-1782372000,15:20-15:25,36.00,65.00,35.00,64.00,85.09,795.39,686.13,51.75,35.50,64.50,1.00,1.00,13922.37,18017.02,17997.02,13907.37,35,64,64,35,61760.00,61708.96,,
2026-06-25T15:22:43+08:00,btc-updown-5m-1782372000,https://polymarket.com/zh/event/btc-updown-5m-1782372000,15:20-15:25,36.00,65.00,35.00,64.00,169.82,592.92,664.92,169.82,35.50,64.50,1.00,1.00,13922.37,18002.01,18002.01,14007.37,35,64,64,35,61760.00,61703.45,,
2026-06-25T15:22:46+08:00,btc-updown-5m-1782372000,https://polymarket.com/zh/event/btc-updown-5m-1782372000,15:20-15:25,40.00,61.00,39.00,60.00,857.57,78.44,80.00,814.57,39.50,60.50,1.00,1.00,13862.37,18091.01,18107.02,13852.37,39,60,60,39,61760.00,61713.27,,
2026-06-25T15:22:48+08:00,btc-updown-5m-1782372000,https://polymarket.com/zh/event/btc-updown-5m-1782372000,15:20-15:25,38.00,63.00,37.00,62.00,797.25,16.98,16.98,809.23,37.50,62.50,1.00,1.00,13867.37,17986.01,18096.01,13982.37,37,62,62,37,61760.00,61713.27,,
2026-06-25T15:22:50+08:00,btc-updown-5m-1782372000,https://polymarket.com/zh/event/btc-updown-5m-1782372000,15:20-15:25,38.00,63.00,37.00,62.00,598.58,43.00,30.00,546.87,37.50,62.50,1.00,1.00,13977.37,18096.01,18027.01,13982.37,37,62,62,37,61760.00,61713.27,,
2026-06-25T15:22:53+08:00,btc-updown-5m-1782372000,https://polymarket.com/zh/event/btc-updown-5m-1782372000,15:20-15:25,40.00,61.00,39.00,60.00,250.92,126.06,298.16,553.50,39.50,60.50,1.00,1.00,13982.37,17991.01,18016.01,13877.37,39,60,60,39,61760.00,61713.27,,
2026-06-25T15:22:55+08:00,btc-updown-5m-1782372000,https://polymarket.com/zh/event/btc-updown-5m-1782372000,15:20-15:25,37.00,64.00,36.00,63.00,650.32,71.34,125.00,592.69,36.50,63.50,1.00,1.00,13817.37,18022.01,18002.01,13907.37,36,63,63,36,61760.00,61708.47,,
2026-06-25T15:22:57+08:00,btc-updown-5m-1782372000,https://polymarket.com/zh/event/btc-updown-5m-1782372000,15:20-15:25,38.00,63.00,37.00,62.00,481.14,366.98,228.64,361.06,37.50,62.50,1.00,1.00,14057.40,18012.01,18106.01,14032.40,37,62,62,37,61760.00,61712.56,,
2026-06-25T15:23:00+08:00,btc-updown-5m-1782372000,https://polymarket.com/zh/event/btc-updown-5m-1782372000,15:20-15:25,35.00,66.00,34.00,65.00,600.85,47.73,30.50,696.75,34.50,65.50,1.00,1.00,14077.40,18002.01,17717.01,13577.40,34,65,65,34,61760.00,61712.56,,
2026-06-25T15:23:02+08:00,btc-updown-5m-1782372000,https://polymarket.com/zh/event/btc-updown-5m-1782372000,15:20-15:25,31.00,69.00,30.00,68.00,12.32,260.53,371.64,64.43,30.50,68.50,1.00,1.00,13445.40,17566.01,17481.01,13435.40,30,69,68,31,61760.00,61708.47,,
2026-06-25T15:23:04+08:00,btc-updown-5m-1782372000,https://polymarket.com/zh/event/btc-updown-5m-1782372000,15:20-15:25,33.00,71.00,32.00,70.00,996.93,191.41,60.43,275.84,32.50,70.50,1.00,1.00,13579.74,17332.02,17316.01,13639.74,32,67,70,29,61760.00,61705.40,,
2026-06-25T15:23:07+08:00,btc-updown-5m-1782372000,https://polymarket.com/zh/event/btc-updown-5m-1782372000,15:20-15:25,25.00,74.00,24.00,73.00,76.01,578.01,1074.71,31.01,24.50,73.50,1.00,1.00,11267.74,17202.01,17187.01,11202.74,24,75,73,26,61760.00,61697.81,,
2026-06-25T15:23:09+08:00,btc-updown-5m-1782372000,https://polymarket.com/zh/event/btc-updown-5m-1782372000,15:20-15:25,25.00,77.00,24.00,76.00,380.99,154.02,44.47,498.68,24.50,76.50,1.00,1.00,12017.00,17276.01,17296.01,12201.00,24,75,76,23,61760.00,61700.09,,
2026-06-25T15:23:11+08:00,btc-updown-5m-1782372000,https://polymarket.com/zh/event/btc-updown-5m-1782372000,15:20-15:25,19.00,84.00,18.00,83.00,376.93,269.58,6.76,63.86,18.50,83.50,1.00,1.00,11048.92,17416.02,17401.02,10953.92,18,81,83,16,61760.00,61684.26,,
2026-06-25T15:23:13+08:00,btc-updown-5m-1782372000,https://polymarket.com/zh/event/btc-updown-5m-1782372000,15:20-15:25,18.00,83.00,17.00,82.00,105.00,548.78,120.00,55.00,17.50,82.50,1.00,1.00,11505.63,17481.01,17311.01,10931.22,17,82,82,17,61760.00,61683.99,,
2026-06-25T15:23:16+08:00,btc-updown-5m-1782372000,https://polymarket.com/zh/event/btc-updown-5m-1782372000,15:20-15:25,19.00,82.00,18.00,81.00,538.53,14.87,16.09,881.03,18.50,81.50,1.00,1.00,11129.91,17181.01,17227.01,11653.90,18,81,81,18,61760.00,61692.43,,
2026-06-25T15:23:18+08:00,btc-updown-5m-1782372000,https://polymarket.com/zh/event/btc-updown-5m-1782372000,15:20-15:25,19.00,82.00,18.00,81.00,909.81,11.36,11.36,982.51,18.50,81.50,1.00,1.00,11650.91,17276.01,17207.02,11550.91,18,81,81,18,61760.00,61692.43,,
2026-06-25T15:23:20+08:00,btc-updown-5m-1782372000,https://polymarket.com/zh/event/btc-updown-5m-1782372000,15:20-15:25,18.00,84.00,17.00,83.00,528.45,512.01,14.45,176.21,17.50,83.50,1.00,1.00,11919.94,16819.31,15764.31,11924.94,17,82,83,16,61760.00,61688.79,,
2026-06-25T15:23:23+08:00,btc-updown-5m-1782372000,https://polymarket.com/zh/event/btc-updown-5m-1782372000,15:20-15:25,17.00,85.00,16.00,84.00,890.45,58.11,43.11,763.13,16.50,84.50,1.00,1.00,11309.68,15884.31,15865.31,11148.33,16,83,84,15,61760.00,61688.20,,
2026-06-25T15:23:25+08:00,btc-updown-5m-1782372000,https://polymarket.com/zh/event/btc-updown-5m-1782372000,15:20-15:25,12.00,89.00,11.00,88.00,473.91,828.19,786.68,236.71,11.50,88.50,1.00,1.00,10301.58,15784.32,15864.31,10384.46,11,88,88,11,61760.00,61678.10,,
2026-06-25T15:23:27+08:00,btc-updown-5m-1782372000,https://polymarket.com/zh/event/btc-updown-5m-1782372000,15:20-15:25,11.00,90.00,10.00,89.00,709.24,46.39,58.07,555.05,10.50,89.50,1.00,1.00,10913.26,15780.32,15764.32,10155.20,10,89,89,10,61760.00,61673.86,,
2026-06-25T15:23:30+08:00,btc-updown-5m-1782372000,https://polymarket.com/zh/event/btc-updown-5m-1782372000,15:20-15:25,10.00,91.00,9.00,90.00,213.43,780.79,790.35,208.43,9.50,90.50,1.00,1.00,11214.95,15788.64,15848.64,10877.35,9,90,90,9,61760.00,61672.32,,
2026-06-25T15:23:32+08:00,btc-updown-5m-1782372000,https://polymarket.com/zh/event/btc-updown-5m-1782372000,15:20-15:25,10.00,91.00,9.00,90.00,105.71,791.30,410.81,75.71,9.50,90.50,1.00,1.00,11826.20,15713.64,15733.64,12312.20,9,90,90,9,61760.00,61677.90,,
2026-06-25T15:23:34+08:00,btc-updown-5m-1782372000,https://polymarket.com/zh/event/btc-updown-5m-1782372000,15:20-15:25,12.00,89.00,11.00,88.00,381.35,227.38,109.35,267.20,11.50,88.50,1.00,1.00,12183.77,15603.64,15608.64,12188.77,11,88,88,11,61760.00,61677.90,,
2026-06-25T15:23:37+08:00,btc-updown-5m-1782372000,https://polymarket.com/zh/event/btc-updown-5m-1782372000,15:20-15:25,11.00,90.00,10.00,89.00,367.19,363.13,379.45,323.19,10.50,89.50,1.00,1.00,12001.37,15073.64,14958.64,12006.37,10,89,89,10,61760.00,61675.86,,
2026-06-25T15:23:39+08:00,btc-updown-5m-1782372000,https://polymarket.com/zh/event/btc-updown-5m-1782372000,15:20-15:25,11.00,90.00,10.00,89.00,291.83,264.77,259.77,261.83,10.50,89.50,1.00,1.00,11838.77,15068.64,14974.64,11843.77,10,89,89,10,61760.00,61677.14,,
2026-06-25T15:23:41+08:00,btc-updown-5m-1782372000,https://polymarket.com/zh/event/btc-updown-5m-1782372000,15:20-15:25,13.00,88.00,12.00,87.00,166.31,459.78,513.34,171.31,12.50,87.50,1.00,1.00,10778.39,14994.64,15064.64,10823.39,12,87,87,12,61760.00,61682.64,,
2026-06-25T15:23:44+08:00,btc-updown-5m-1782372000,https://polymarket.com/zh/event/btc-updown-5m-1782372000,15:20-15:25,16.00,84.00,15.00,83.00,129.75,381.70,822.46,94.98,15.50,83.50,1.00,1.00,10918.75,15094.64,15058.64,10923.75,15,84,83,16,61760.00,61693.53,,
2026-06-25T15:23:46+08:00,btc-updown-5m-1782372000,https://polymarket.com/zh/event/btc-updown-5m-1782372000,15:20-15:25,16.00,85.00,15.00,84.00,489.96,243.22,223.22,522.52,15.50,84.50,1.00,1.00,11987.74,14944.65,14948.64,11982.74,15,84,84,15,61760.00,61693.99,,
2026-06-25T15:23:48+08:00,btc-updown-5m-1782372000,https://polymarket.com/zh/event/btc-updown-5m-1782372000,15:20-15:25,16.00,85.00,15.00,84.00,674.42,49.88,55.00,894.27,15.50,84.50,1.00,1.00,12050.03,14914.64,14918.64,12032.51,15,84,84,15,61760.00,61693.99,,
2026-06-25T15:23:51+08:00,btc-updown-5m-1782372000,https://polymarket.com/zh/event/btc-updown-5m-1782372000,15:20-15:25,17.00,84.00,16.00,83.00,41.00,713.77,638.59,15.70,16.50,83.50,1.00,1.00,11623.28,15029.64,14939.65,11613.28,16,83,83,16,61760.00,61693.99,,
2026-06-25T15:23:53+08:00,btc-updown-5m-1782372000,https://polymarket.com/zh/event/btc-updown-5m-1782372000,15:20-15:25,17.00,84.00,16.00,83.00,167.82,420.99,428.30,167.82,16.50,83.50,1.00,1.00,11656.93,15028.64,14919.64,11661.93,16,83,83,16,61760.00,61693.99,,
2026-06-25T15:23:55+08:00,btc-updown-5m-1782372000,https://polymarket.com/zh/event/btc-updown-5m-1782372000,15:20-15:25,21.00,80.00,20.00,79.00,46.75,453.16,492.04,52.15,20.50,79.50,1.00,1.00,11108.55,14618.64,14624.64,11028.55,20,79,79,20,61760.00,61700.27,,
2026-06-25T15:23:58+08:00,btc-updown-5m-1782372000,https://polymarket.com/zh/event/btc-updown-5m-1782372000,15:20-15:25,21.00,80.00,20.00,79.00,198.83,1475.34,1515.08,198.83,20.50,79.50,1.00,1.00,10266.28,14634.65,14628.64,10366.28,20,79,79,20,61760.00,61703.71,,
2026-06-25T15:24:00+08:00,btc-updown-5m-1782372000,https://polymarket.com/zh/event/btc-updown-5m-1782372000,15:20-15:25,21.00,80.00,20.00,79.00,81.21,1606.62,1659.37,81.21,20.50,79.50,1.00,1.00,11738.30,14931.97,14866.97,11733.30,20,79,79,20,61760.00,61703.71,,
2026-06-25T15:24:02+08:00,btc-updown-5m-1782372000,https://polymarket.com/zh/event/btc-updown-5m-1782372000,15:20-15:25,21.00,80.00,20.00,79.00,164.43,1200.72,1186.72,159.66,20.50,79.50,1.00,1.00,11442.61,14706.98,14571.97,11462.61,20,78,78,20,61760.00,61700.27,,
2026-06-25T15:24:05+08:00,btc-updown-5m-1782372000,https://polymarket.com/zh/event/btc-updown-5m-1782372000,15:20-15:25,27.00,74.00,26.00,73.00,177.67,474.06,442.73,125.81,26.50,73.50,1.00,1.00,11387.03,14681.97,14382.97,11092.03,26,73,73,26,61760.00,61699.87,,
2026-06-25T15:24:07+08:00,btc-updown-5m-1782372000,https://polymarket.com/zh/event/btc-updown-5m-1782372000,15:20-15:25,29.00,72.00,28.00,71.00,314.39,8.34,24.07,339.20,28.50,71.50,1.00,1.00,12096.27,14282.97,14391.97,12151.27,28,71,71,28,61760.00,61702.30,,
2026-06-25T15:24:09+08:00,btc-updown-5m-1782372000,https://polymarket.com/zh/event/btc-updown-5m-1782372000,15:20-15:25,24.00,77.00,23.00,76.00,442.12,13.97,40.28,437.52,23.50,76.50,1.00,1.00,12162.93,14426.97,14552.97,12157.93,23,76,76,23,61760.00,61696.41,,
2026-06-25T15:24:11+08:00,btc-updown-5m-1782372000,https://polymarket.com/zh/event/btc-updown-5m-1782372000,15:20-15:25,39.00,62.00,38.00,58.00,19.59,41.93,28.38,13.89,38.50,60.00,1.00,4.00,10112.82,14671.98,14541.97,10712.82,36,57,54,38,61760.00,61723.90,,
2026-06-25T15:24:14+08:00,btc-updown-5m-1782372000,https://polymarket.com/zh/event/btc-updown-5m-1782372000,15:20-15:25,34.00,67.00,33.00,66.00,10.00,304.37,392.37,10.00,33.50,66.50,1.00,1.00,10172.54,14656.97,14521.97,10167.54,33,60,62,33,61760.00,61728.44,,
2026-06-25T15:24:16+08:00,btc-updown-5m-1782372000,https://polymarket.com/zh/event/btc-updown-5m-1782372000,15:20-15:25,31.00,70.00,30.00,69.00,108.15,152.82,140.00,108.51,30.50,69.50,1.00,1.00,10182.54,14568.98,14668.97,10171.54,30,58,57,30,61760.00,61728.44,,
2026-06-25T15:24:18+08:00,btc-updown-5m-1782372000,https://polymarket.com/zh/event/btc-updown-5m-1782372000,15:20-15:25,47.00,54.00,46.00,53.00,31.64,618.56,525.05,40.00,46.50,53.50,1.00,1.00,10162.54,14686.97,14601.97,10172.54,43,48,48,41,61760.00,61732.86,,
2026-06-25T15:24:21+08:00,btc-updown-5m-1782372000,https://polymarket.com/zh/event/btc-updown-5m-1782372000,15:20-15:25,47.00,55.00,45.00,54.00,81.84,632.60,97.65,50.00,46.00,54.50,2.00,1.00,10067.54,14091.97,14112.97,10087.54,40,43,44,43,61760.00,61733.77,,
2026-06-25T15:24:23+08:00,btc-updown-5m-1782372000,https://polymarket.com/zh/event/btc-updown-5m-1782372000,15:20-15:25,55.00,46.00,54.00,45.00,452.57,40.76,35.14,396.87,54.50,45.50,1.00,1.00,10115.29,13986.97,13966.97,10705.29,49,45,45,49,61760.00,61733.77,,
2026-06-25T15:24:25+08:00,btc-updown-5m-1782372000,https://polymarket.com/zh/event/btc-updown-5m-1782372000,15:20-15:25,48.00,53.00,47.00,52.00,377.34,160.91,30.04,384.76,47.50,52.50,1.00,1.00,10109.29,14093.65,14073.64,10109.29,42,47,45,42,61760.00,61733.78,,
2026-06-25T15:24:28+08:00,btc-updown-5m-1782372000,https://polymarket.com/zh/event/btc-updown-5m-1782372000,15:20-15:25,58.00,43.00,57.00,42.00,21.66,107.45,114.45,60.32,57.50,42.50,1.00,1.00,15153.29,13952.64,13967.64,17063.30,53,40,40,54,61760.00,61741.15,,
2026-06-25T15:24:30+08:00,btc-updown-5m-1782372000,https://polymarket.com/zh/event/btc-updown-5m-1782372000,15:20-15:25,63.00,38.00,62.00,37.00,122.52,26.77,16.04,90.93,62.50,37.50,1.00,1.00,9074.96,13524.31,13514.31,9069.96,53,37,37,53,61760.00,61741.15,,
2026-06-25T15:24:32+08:00,btc-updown-5m-1782372000,https://polymarket.com/zh/event/btc-updown-5m-1782372000,15:20-15:25,40.00,61.00,39.00,60.00,2225.36,152.32,10.00,2379.41,39.50,60.50,1.00,1.00,9795.51,13624.31,13729.31,9175.51,34,47,45,34,61760.00,61740.07,,
2026-06-25T15:24:35+08:00,btc-updown-5m-1782372000,https://polymarket.com/zh/event/btc-updown-5m-1782372000,15:20-15:25,34.00,67.00,33.00,66.00,138.16,55.87,263.21,154.87,33.50,66.50,1.00,1.00,9028.27,14119.31,13397.32,8391.28,31,54,54,29,61760.00,61740.07,,
2026-06-25T15:24:37+08:00,btc-updown-5m-1782372000,https://polymarket.com/zh/event/btc-updown-5m-1782372000,15:20-15:25,21.00,79.00,20.00,78.00,222.19,154.54,222.19,43.99,20.50,78.50,1.00,1.00,8723.18,13498.23,13508.23,9043.73,20,62,59,21,61760.00,61734.62,,
2026-06-25T15:24:39+08:00,btc-updown-5m-1782372000,https://polymarket.com/zh/event/btc-updown-5m-1782372000,15:20-15:25,18.00,83.00,17.00,82.00,25.00,249.00,403.00,23.19,17.50,82.50,1.00,1.00,9200.73,13608.22,13497.22,9200.73,17,65,65,16,61760.00,61734.62,,
2026-06-25T15:24:42+08:00,btc-updown-5m-1782372000,https://polymarket.com/zh/event/btc-updown-5m-1782372000,15:20-15:25,19.00,84.00,17.00,83.00,46.00,286.92,29.27,17.63,18.00,83.50,2.00,1.00,9590.72,13502.22,13482.22,9562.72,17,65,65,16,61760.00,61739.47,,
2026-06-25T15:24:44+08:00,btc-updown-5m-1782372000,https://polymarket.com/zh/event/btc-updown-5m-1782372000,15:20-15:25,18.00,86.00,17.00,85.00,5.00,54.21,20.00,56.00,17.50,85.50,1.00,1.00,9328.18,13617.22,13597.22,9229.18,15,66,65,14,61760.00,61740.22,,
2026-06-25T15:24:46+08:00,btc-updown-5m-1782372000,https://polymarket.com/zh/event/btc-updown-5m-1782372000,15:20-15:25,14.00,80.00,13.00,79.00,10.00,7.20,364.83,65.92,13.50,79.50,1.00,1.00,6996.54,11669.83,11674.83,6926.54,13,62,61,16,61760.00,61744.56,,
2026-06-25T15:24:48+08:00,btc-updown-5m-1782372000,https://polymarket.com/zh/event/btc-updown-5m-1782372000,15:20-15:25,11.00,90.00,10.00,89.00,186.32,5.76,10.76,349.32,10.50,89.50,1.00,1.00,6324.18,11267.83,11271.83,6319.18,10,65,66,10,61760.00,61747.84,,
2026-06-25T15:24:51+08:00,btc-updown-5m-1782372000,https://polymarket.com/zh/event/btc-updown-5m-1782372000,15:20-15:25,10.00,93.00,7.00,92.00,51.24,100.82,196.90,18.00,8.50,92.50,3.00,1.00,6046.73,10816.83,10221.83,5123.15,7,66,69,7,61760.00,61747.85,,
2026-06-25T15:24:53+08:00,btc-updown-5m-1782372000,https://polymarket.com/zh/event/btc-updown-5m-1782372000,15:20-15:25,6.00,97.00,5.00,96.00,51.24,768.40,28.88,54.00,5.50,96.50,1.00,1.00,4816.72,10104.83,10113.84,4585.07,5,74,77,3,61760.00,61744.56,,
2026-06-25T15:24:55+08:00,btc-updown-5m-1782372000,https://polymarket.com/zh/event/btc-updown-5m-1782372000,15:20-15:25,3.00,98.00,2.00,97.00,126.26,463.13,503.45,115.99,2.50,97.50,1.00,1.00,3783.49,10067.83,10077.83,3743.17,2,77,77,2,61760.00,61744.55,,
2026-06-25T15:24:58+08:00,btc-updown-5m-1782372000,https://polymarket.com/zh/event/btc-updown-5m-1782372000,15:20-15:25,2.00,,1.00,99.00,101.34,,21.69,2534.68,1.50,,1.00,,21.69,10062.70,10052.70,,1,76,79,0,61760.00,61744.56,,
2026-06-25T15:25:00+08:00,btc-updown-5m-1782372300,https://polymarket.com/zh/event/btc-updown-5m-1782372300,15:25-15:30,48.00,53.00,47.00,52.00,283.52,618.79,392.79,46.00,47.50,52.50,1.00,1.00,24611.80,24452.49,24442.49,24606.80,47,52,52,47,61744.56,61744.56,,
2026-06-25T15:25:03+08:00,btc-updown-5m-1782372300,https://polymarket.com/zh/event/btc-updown-5m-1782372300,15:25-15:30,48.00,53.00,47.00,52.00,475.87,219.63,219.63,435.54,47.50,52.50,1.00,1.00,13472.58,13369.85,13528.19,13477.58,47,52,52,47,61744.56,61741.74,,
2026-06-25T15:25:05+08:00,btc-updown-5m-1782372300,https://polymarket.com/zh/event/btc-updown-5m-1782372300,15:25-15:30,48.00,53.00,47.00,52.00,746.45,191.31,191.31,772.72,47.50,52.50,1.00,1.00,13642.58,13498.29,13489.30,13632.58,47,52,52,47,61744.56,61736.64,,
2026-06-25T15:25:07+08:00,btc-updown-5m-1782372300,https://polymarket.com/zh/event/btc-updown-5m-1782372300,15:25-15:30,38.00,63.00,37.00,62.00,229.36,375.51,41.28,564.85,37.50,62.50,1.00,1.00,13632.58,13608.30,13614.29,13647.58,37,62,62,37,61744.56,61708.82,,
2026-06-25T15:25:09+08:00,btc-updown-5m-1782372300,https://polymarket.com/zh/event/btc-updown-5m-1782372300,15:25-15:30,38.00,63.00,37.00,62.00,179.14,1126.95,995.95,203.87,37.50,62.50,1.00,1.00,11787.58,11799.29,11804.30,11777.58,37,62,62,37,61744.56,61721.79,,
2026-06-25T15:25:12+08:00,btc-updown-5m-1782372300,https://polymarket.com/zh/event/btc-updown-5m-1782372300,15:25-15:30,42.00,59.00,41.00,58.00,43.79,1439.60,1540.96,28.79,41.50,58.50,1.00,1.00,11735.91,11677.62,11707.62,11730.91,41,58,58,41,61744.56,61728.83,,
2026-06-25T15:25:14+08:00,btc-updown-5m-1782372300,https://polymarket.com/zh/event/btc-updown-5m-1782372300,15:25-15:30,43.00,58.00,42.00,57.00,393.77,229.59,527.49,620.69,42.50,57.50,1.00,1.00,11735.91,11792.62,11722.63,11745.91,42,57,57,42,61744.56,61729.03,,
2026-06-25T15:25:16+08:00,btc-updown-5m-1782372300,https://polymarket.com/zh/event/btc-updown-5m-1782372300,15:25-15:30,43.00,58.00,42.00,57.00,714.65,157.81,147.68,620.65,42.50,57.50,1.00,1.00,11705.91,11797.62,11676.62,11720.91,42,57,57,42,61744.56,61729.03,,
2026-06-25T15:25:19+08:00,btc-updown-5m-1782372300,https://polymarket.com/zh/event/btc-updown-5m-1782372300,15:25-15:30,44.00,57.00,43.00,56.00,310.44,752.67,865.67,300.44,43.50,56.50,1.00,1.00,11705.91,11771.62,11654.28,11687.57,43,56,56,43,61744.56,61729.04,,
2026-06-25T15:25:21+08:00,btc-updown-5m-1782372300,https://polymarket.com/zh/event/btc-updown-5m-1782372300,15:25-15:30,43.00,58.00,42.00,57.00,578.61,100.37,100.37,519.80,42.50,57.50,1.00,1.00,11226.15,11207.87,11182.86,11216.15,42,57,57,42,61744.56,61729.03,,
2026-06-25T15:25:23+08:00,btc-updown-5m-1782372300,https://polymarket.com/zh/event/btc-updown-5m-1782372300,15:25-15:30,42.00,59.00,41.00,58.00,422.21,220.11,185.11,452.21,41.50,58.50,1.00,1.00,11231.15,11197.86,11182.86,11216.15,41,58,58,41,61744.56,61729.03,,
2026-06-25T15:25:26+08:00,btc-updown-5m-1782372300,https://polymarket.com/zh/event/btc-updown-5m-1782372300,15:25-15:30,45.00,56.00,44.00,55.00,738.11,119.21,146.00,723.55,44.50,55.50,1.00,1.00,11196.15,11273.87,11283.87,11206.15,44,55,55,44,61744.56,61727.18,,
2026-06-25T15:25:28+08:00,btc-updown-5m-1782372300,https://polymarket.com/zh/event/btc-updown-5m-1782372300,15:25-15:30,44.00,57.00,43.00,56.00,133.38,699.60,676.60,133.38,43.50,56.50,1.00,1.00,13211.15,11188.86,11173.86,13201.15,43,56,56,43,61744.56,61727.17,,
2026-06-25T15:25:30+08:00,btc-updown-5m-1782372300,https://polymarket.com/zh/event/btc-updown-5m-1782372300,15:25-15:30,43.00,58.00,42.00,57.00,126.98,363.90,856.49,326.25,42.50,57.50,1.00,1.00,13401.15,11287.86,11273.86,13401.15,42,57,57,42,61744.56,61727.17,,
2026-06-25T15:25:33+08:00,btc-updown-5m-1782372300,https://polymarket.com/zh/event/btc-updown-5m-1782372300,15:25-15:30,43.00,57.00,42.00,56.00,22.26,797.14,898.19,323.13,42.50,56.50,1.00,1.00,13372.15,11249.86,11144.87,13367.15,42,57,56,43,61744.56,61727.17,,
2026-06-25T15:25:35+08:00,btc-updown-5m-1782372300,https://polymarket.com/zh/event/btc-updown-5m-1782372300,15:25-15:30,44.00,57.00,43.00,56.00,8.58,943.51,956.51,8.58,43.50,56.50,1.00,1.00,13367.15,11128.86,11149.86,13372.15,43,56,56,43,61744.56,61730.25,,
2026-06-25T15:25:37+08:00,btc-updown-5m-1782372300,https://polymarket.com/zh/event/btc-updown-5m-1782372300,15:25-15:30,46.00,55.00,45.00,54.00,62.00,1391.59,1272.80,51.00,45.50,54.50,1.00,1.00,13380.48,11158.86,11154.86,13385.48,45,54,54,45,61744.56,61733.71,,
2026-06-25T15:25:40+08:00,btc-updown-5m-1782372300,https://polymarket.com/zh/event/btc-updown-5m-1782372300,15:25-15:30,46.00,55.00,45.00,54.00,959.59,72.00,132.00,1027.59,45.50,54.50,1.00,1.00,13380.48,11148.86,11238.86,13380.48,45,54,54,45,61744.56,61733.71,,
2026-06-25T15:25:42+08:00,btc-updown-5m-1782372300,https://polymarket.com/zh/event/btc-updown-5m-1782372300,15:25-15:30,45.00,56.00,44.00,55.00,610.18,30.64,162.77,1049.10,44.50,55.50,1.00,1.00,13375.48,11154.86,11238.86,13386.05,44,55,55,44,61744.56,61733.71,,
2026-06-25T15:25:44+08:00,btc-updown-5m-1782372300,https://polymarket.com/zh/event/btc-updown-5m-1782372300,15:25-15:30,47.00,54.00,46.00,53.00,55.00,951.33,924.33,55.00,46.50,53.50,1.00,1.00,13396.05,11164.87,11159.86,13381.05,46,53,53,46,61744.56,61732.71,,
2026-06-25T15:25:46+08:00,btc-updown-5m-1782372300,https://polymarket.com/zh/event/btc-updown-5m-1782372300,15:25-15:30,45.00,56.00,44.00,55.00,116.77,347.48,534.28,388.26,44.50,55.50,1.00,1.00,13396.05,11148.86,11154.87,13381.05,44,55,55,44,61744.56,61733.65,,
2026-06-25T15:25:49+08:00,btc-updown-5m-1782372300,https://polymarket.com/zh/event/btc-updown-5m-1782372300,15:25-15:30,42.00,59.00,41.00,58.00,167.43,1081.84,890.97,147.43,41.50,58.50,1.00,1.00,13386.05,11149.86,11154.86,13391.05,41,58,58,41,61744.56,61727.36,,
2026-06-25T15:25:51+08:00,btc-updown-5m-1782372300,https://polymarket.com/zh/event/btc-updown-5m-1782372300,15:25-15:30,43.00,58.00,42.00,57.00,206.34,1001.30,1038.99,218.34,42.50,57.50,1.00,1.00,13386.05,11143.86,11148.86,13391.05,42,57,57,42,61744.56,61727.36,,
2026-06-25T15:25:53+08:00,btc-updown-5m-1782372300,https://polymarket.com/zh/event/btc-updown-5m-1782372300,15:25-15:30,39.00,58.00,38.00,57.00,40.00,766.14,921.17,145.50,38.50,57.50,1.00,1.00,13396.05,11159.87,11164.87,13391.05,38,61,57,42,61744.56,61727.37,,
2026-06-25T15:25:56+08:00,btc-updown-5m-1782372300,https://polymarket.com/zh/event/btc-updown-5m-1782372300,15:25-15:30,46.00,54.00,45.00,53.00,233.56,333.43,485.48,0.16,45.50,53.50,1.00,1.00,13496.05,11169.87,11174.87,13491.05,45,54,53,46,61744.56,61727.37,,
2026-06-25T15:25:58+08:00,btc-updown-5m-1782372300,https://polymarket.com/zh/event/btc-updown-5m-1782372300,15:25-15:30,45.00,57.00,44.00,56.00,437.09,14.25,26.89,74.99,44.50,56.50,1.00,1.00,13561.05,11163.86,11298.86,13556.05,44,55,56,43,61744.56,61727.36,,
2026-06-25T15:26:00+08:00,btc-updown-5m-1782372300,https://polymarket.com/zh/event/btc-updown-5m-1782372300,15:25-15:30,43.00,58.00,42.00,57.00,498.72,630.86,573.11,363.72,42.50,57.50,1.00,1.00,19811.05,18008.86,18124.86,19821.05,42,57,57,42,61744.56,61723.92,,
2026-06-25T15:26:03+08:00,btc-updown-5m-1782372300,https://polymarket.com/zh/event/btc-updown-5m-1782372300,15:25-15:30,46.00,55.00,45.00,54.00,371.34,209.84,303.80,486.46,45.50,54.50,1.00,1.00,19666.05,17819.87,17809.87,19756.05,45,54,54,45,61744.56,61721.98,,
2026-06-25T15:26:05+08:00,btc-updown-5m-1782372300,https://polymarket.com/zh/event/btc-updown-5m-1782372300,15:25-15:30,41.00,60.00,40.00,59.00,219.83,905.88,96.00,26.00,40.50,59.50,1.00,1.00,19336.05,17804.86,17913.86,19351.05,40,59,59,40,61744.56,61717.04,,
2026-06-25T15:26:07+08:00,btc-updown-5m-1782372300,https://polymarket.com/zh/event/btc-updown-5m-1782372300,15:25-15:30,49.00,52.00,48.00,51.00,70.00,1.30,32.50,665.86,48.50,51.50,1.00,1.00,19790.73,17636.86,17657.87,19175.72,48,51,51,48,61744.56,61717.04,,
2026-06-25T15:26:10+08:00,btc-updown-5m-1782372300,https://polymarket.com/zh/event/btc-updown-5m-1782372300,15:25-15:30,42.00,59.00,41.00,58.00,881.19,122.94,124.99,745.23,41.50,58.50,1.00,1.00,14175.72,17906.86,17936.87,13685.72,41,58,58,41,61744.56,61713.60,,
2026-06-25T15:26:12+08:00,btc-updown-5m-1782372300,https://polymarket.com/zh/event/btc-updown-5m-1782372300,15:25-15:30,42.00,59.00,41.00,58.00,98.00,818.71,858.25,98.00,41.50,58.50,1.00,1.00,13580.72,18016.86,17927.86,13575.72,41,58,58,41,61744.56,61713.61,,
2026-06-25T15:26:14+08:00,btc-updown-5m-1782372300,https://polymarket.com/zh/event/btc-updown-5m-1782372300,15:25-15:30,49.00,52.00,48.00,51.00,10.00,996.21,748.73,10.00,48.50,51.50,1.00,1.00,13625.72,18006.86,17927.86,13785.72,48,51,51,48,61744.56,61715.99,,
2026-06-25T15:26:17+08:00,btc-updown-5m-1782372300,https://polymarket.com/zh/event/btc-updown-5m-1782372300,15:25-15:30,49.00,54.00,48.00,53.00,876.12,23.00,55.09,8.46,48.50,53.50,1.00,1.00,14199.58,17902.86,18002.86,14009.58,48,51,53,46,61744.56,61720.12,,
2026-06-25T15:26:19+08:00,btc-updown-5m-1782372300,https://polymarket.com/zh/event/btc-updown-5m-1782372300,15:25-15:30,47.00,54.00,46.00,53.00,7.87,712.11,701.26,7.87,46.50,53.50,1.00,1.00,14104.58,17922.86,17891.86,14099.58,46,53,53,46,61744.56,61720.12,,
2026-06-25T15:26:21+08:00,btc-updown-5m-1782372300,https://polymarket.com/zh/event/btc-updown-5m-1782372300,15:25-15:30,51.00,50.00,50.00,49.00,976.16,109.01,100.28,997.16,50.50,49.50,1.00,1.00,14351.47,17886.86,17896.86,14351.47,50,49,49,50,61744.56,61721.40,,
2026-06-25T15:26:24+08:00,btc-updown-5m-1782372300,https://polymarket.com/zh/event/btc-updown-5m-1782372300,15:25-15:30,51.00,50.00,50.00,49.00,643.14,187.02,157.02,673.17,50.50,49.50,1.00,1.00,14716.48,17886.86,17886.86,14621.47,50,49,49,50,61744.56,61721.99,,
2026-06-25T15:26:26+08:00,btc-updown-5m-1782372300,https://polymarket.com/zh/event/btc-updown-5m-1782372300,15:25-15:30,51.00,51.00,50.00,50.00,831.54,209.90,18.93,699.17,50.50,50.50,1.00,1.00,14631.47,17896.86,17986.86,14536.47,50,49,50,49,61744.56,61722.00,,
2026-06-25T15:26:28+08:00,btc-updown-5m-1782372300,https://polymarket.com/zh/event/btc-updown-5m-1782372300,15:25-15:30,50.00,51.00,49.00,50.00,767.73,430.00,141.37,429.95,49.50,50.50,1.00,1.00,14529.08,17891.86,17901.86,14624.08,49,50,50,49,61744.56,61721.99,,
2026-06-25T15:26:31+08:00,btc-updown-5m-1782372300,https://polymarket.com/zh/event/btc-updown-5m-1782372300,15:25-15:30,50.00,51.00,49.00,50.00,82.00,877.31,859.60,62.00,49.50,50.50,1.00,1.00,19261.08,17578.86,17318.86,19336.08,49,50,50,49,61744.56,61726.97,,
2026-06-25T15:26:33+08:00,btc-updown-5m-1782372300,https://polymarket.com/zh/event/btc-updown-5m-1782372300,15:25-15:30,41.00,61.00,40.00,60.00,716.65,344.64,76.92,538.66,40.50,60.50,1.00,1.00,19377.08,17384.86,17474.86,19367.08,40,59,60,39,61744.56,61727.13,,
2026-06-25T15:26:36+08:00,btc-updown-5m-1782372300,https://polymarket.com/zh/event/btc-updown-5m-1782372300,15:25-15:30,48.00,53.00,47.00,52.00,1169.78,54.43,61.43,1171.78,47.50,52.50,1.00,1.00,20610.41,17484.86,17485.86,20435.41,47,52,52,47,61744.56,61732.93,,
2026-06-25T15:26:38+08:00,btc-updown-5m-1782372300,https://polymarket.com/zh/event/btc-updown-5m-1782372300,15:25-15:30,45.00,56.00,44.00,55.00,264.32,784.94,306.46,35.00,44.50,55.50,1.00,1.00,20735.41,17390.86,17390.86,20810.41,44,55,55,44,61744.56,61732.94,,
2026-06-25T15:26:40+08:00,btc-updown-5m-1782372300,https://polymarket.com/zh/event/btc-updown-5m-1782372300,15:25-15:30,44.00,57.00,43.00,56.00,634.66,110.00,110.00,462.17,43.50,56.50,1.00,1.00,20610.41,17289.86,17274.86,20620.41,43,56,56,43,61744.56,61733.98,,
2026-06-25T15:26:43+08:00,btc-updown-5m-1782372300,https://polymarket.com/zh/event/btc-updown-5m-1782372300,15:25-15:30,44.00,57.00,43.00,56.00,973.61,7.54,61.82,725.14,43.50,56.50,1.00,1.00,20773.41,17369.86,17209.86,20558.41,43,56,56,43,61744.56,61733.99,,
2026-06-25T15:26:45+08:00,btc-updown-5m-1782372300,https://polymarket.com/zh/event/btc-updown-5m-1782372300,15:25-15:30,43.00,58.00,42.00,57.00,514.42,220.01,173.01,462.86,42.50,57.50,1.00,1.00,20158.41,17114.86,17239.86,20268.41,42,57,57,42,61744.56,61733.99,,
2026-06-25T15:26:47+08:00,btc-updown-5m-1782372300,https://polymarket.com/zh/event/btc-updown-5m-1782372300,15:25-15:30,42.00,59.00,41.00,58.00,144.64,1348.28,1056.39,71.64,41.50,58.50,1.00,1.00,20385.41,17129.87,17109.86,20370.41,41,58,58,41,61744.56,61734.00,,
2026-06-25T15:26:50+08:00,btc-updown-5m-1782372300,https://polymarket.com/zh/event/btc-updown-5m-1782372300,15:25-15:30,39.00,62.00,38.00,61.00,683.78,184.06,18.75,216.99,38.50,61.50,1.00,1.00,20470.41,17109.86,17234.86,20275.41,38,61,61,38,61744.56,61733.99,,
2026-06-25T15:26:52+08:00,btc-updown-5m-1782372300,https://polymarket.com/zh/event/btc-updown-5m-1782372300,15:25-15:30,41.00,60.00,40.00,59.00,64.99,3267.19,3286.77,30.00,40.50,59.50,1.00,1.00,20370.41,17214.86,17145.87,20370.41,40,59,59,40,61744.56,61732.70,,
2026-06-25T15:26:54+08:00,btc-updown-5m-1782372300,https://polymarket.com/zh/event/btc-updown-5m-1782372300,15:25-15:30,44.00,57.00,43.00,56.00,483.41,91.06,106.99,438.41,43.50,56.50,1.00,1.00,20570.41,17124.86,17135.86,20580.41,43,56,56,43,61744.56,61730.96,,
2026-06-25T15:26:57+08:00,btc-updown-5m-1782372300,https://polymarket.com/zh/event/btc-updown-5m-1782372300,15:25-15:30,53.00,48.00,52.00,47.00,175.38,622.32,622.48,109.25,52.50,47.50,1.00,1.00,21378.41,17119.86,17114.86,21178.41,52,47,47,52,61744.56,61734.24,,
2026-06-25T15:26:59+08:00,btc-updown-5m-1782372300,https://polymarket.com/zh/event/btc-updown-5m-1782372300,15:25-15:30,55.00,46.00,54.00,45.00,1104.83,129.89,348.06,878.23,54.50,45.50,1.00,1.00,20913.42,17109.86,17129.86,21433.42,54,45,45,54,61744.56,61737.67,,
2026-06-25T15:27:01+08:00,btc-updown-5m-1782372300,https://polymarket.com/zh/event/btc-updown-5m-1782372300,15:25-15:30,42.00,59.00,41.00,58.00,19.70,385.07,5.00,497.95,41.50,58.50,1.00,1.00,20555.41,17124.86,17009.86,20870.41,41,57,58,41,61744.56,61734.71,,
2026-06-25T15:27:04+08:00,btc-updown-5m-1782372300,https://polymarket.com/zh/event/btc-updown-5m-1782372300,15:25-15:30,43.00,58.00,42.00,57.00,356.53,301.79,441.04,568.53,42.50,57.50,1.00,1.00,20760.41,17020.86,17114.86,20755.41,42,57,57,42,61744.56,61727.38,,
2026-06-25T15:27:06+08:00,btc-updown-5m-1782372300,https://polymarket.com/zh/event/btc-updown-5m-1782372300,15:25-15:30,41.00,60.00,40.00,59.00,162.73,2934.13,2850.18,139.94,40.50,59.50,1.00,1.00,20752.94,17059.86,17064.86,20752.94,40,59,59,40,61744.56,61723.93,,
2026-06-25T15:27:08+08:00,btc-updown-5m-1782372300,https://polymarket.com/zh/event/btc-updown-5m-1782372300,15:25-15:30,41.00,60.00,40.00,59.00,171.43,2979.68,2859.44,139.43,40.50,59.50,1.00,1.00,20402.94,16970.86,17064.86,20417.94,40,59,59,40,61744.56,61723.92,,
2026-06-25T15:27:11+08:00,btc-updown-5m-1782372300,https://polymarket.com/zh/event/btc-updown-5m-1782372300,15:25-15:30,45.00,56.00,44.00,55.00,50.00,851.81,548.11,50.00,44.50,55.50,1.00,1.00,20252.94,17054.86,17074.86,20252.94,44,55,55,44,61744.56,61724.49,,
2026-06-25T15:27:13+08:00,btc-updown-5m-1782372300,https://polymarket.com/zh/event/btc-updown-5m-1782372300,15:25-15:30,41.00,60.00,40.00,59.00,125.52,2940.31,2894.31,163.08,40.50,59.50,1.00,1.00,20565.94,16965.86,16964.86,20570.94,40,59,59,40,61744.56,61723.92,,
2026-06-25T15:27:15+08:00,btc-updown-5m-1782372300,https://polymarket.com/zh/event/btc-updown-5m-1782372300,15:25-15:30,42.00,59.00,41.00,58.00,178.24,373.41,369.89,128.57,41.50,58.50,1.00,1.00,20680.94,17059.86,16949.86,20662.61,41,58,58,41,61744.56,61723.92,,
2026-06-25T15:27:18+08:00,btc-updown-5m-1782372300,https://polymarket.com/zh/event/btc-updown-5m-1782372300,15:25-15:30,45.00,56.00,44.00,55.00,805.06,108.88,74.43,841.92,44.50,55.50,1.00,1.00,20662.61,16960.86,16975.86,20072.61,44,55,55,44,61744.56,61723.92,,
2026-06-25T15:27:20+08:00,btc-updown-5m-1782372300,https://polymarket.com/zh/event/btc-updown-5m-1782372300,15:25-15:30,49.00,52.00,48.00,51.00,65.90,663.94,661.12,60.90,48.50,51.50,1.00,1.00,19962.61,16974.86,17075.86,19972.61,48,51,51,48,61744.56,61723.92,,
2026-06-25T15:27:22+08:00,btc-updown-5m-1782372300,https://polymarket.com/zh/event/btc-updown-5m-1782372300,15:25-15:30,49.00,52.00,48.00,51.00,342.34,532.49,602.49,292.34,48.50,51.50,1.00,1.00,20075.61,16984.87,16980.86,20085.61,48,51,51,48,61744.56,61727.57,,
2026-06-25T15:27:25+08:00,btc-updown-5m-1782372300,https://polymarket.com/zh/event/btc-updown-5m-1782372300,15:25-15:30,49.00,52.00,48.00,51.00,492.23,164.29,134.29,750.35,48.50,51.50,1.00,1.00,20970.61,17086.87,16970.87,21155.61,48,51,51,48,61744.56,61727.57,,
2026-06-25T15:27:27+08:00,btc-updown-5m-1782372300,https://polymarket.com/zh/event/btc-updown-5m-1782372300,15:25-15:30,49.00,52.00,48.00,51.00,762.90,121.22,126.22,820.91,48.50,51.50,1.00,1.00,21155.61,16970.86,17090.86,21165.61,48,51,51,48,61744.56,61727.58,,
2026-06-25T15:27:29+08:00,btc-updown-5m-1782372300,https://polymarket.com/zh/event/btc-updown-5m-1782372300,15:25-15:30,55.00,44.00,54.00,43.00,152.17,184.73,50.00,195.44,54.50,43.50,1.00,1.00,21270.62,17140.86,17130.86,21983.94,54,45,43,56,61744.56,61734.24,,
2026-06-25T15:27:32+08:00,btc-updown-5m-1782372300,https://polymarket.com/zh/event/btc-updown-5m-1782372300,15:25-15:30,55.00,46.00,54.00,45.00,696.52,123.83,123.83,684.82,54.50,45.50,1.00,1.00,20626.94,17073.86,17103.86,20521.94,54,45,45,54,61744.56,61737.58,,
2026-06-25T15:27:34+08:00,btc-updown-5m-1782372300,https://polymarket.com/zh/event/btc-updown-5m-1782372300,15:25-15:30,54.00,47.00,53.00,46.00,688.57,166.88,370.66,987.68,53.50,46.50,1.00,1.00,21168.60,17008.86,17003.86,20648.60,53,46,46,53,61744.56,61737.58,,
2026-06-25T15:27:36+08:00,btc-updown-5m-1782372300,https://polymarket.com/zh/event/btc-updown-5m-1782372300,15:25-15:30,54.00,47.00,53.00,46.00,474.44,269.63,266.63,444.44,53.50,46.50,1.00,1.00,20658.60,17013.86,17008.86,21263.60,53,46,46,53,61744.56,61737.59,,
2026-06-25T15:27:39+08:00,btc-updown-5m-1782372300,https://polymarket.com/zh/event/btc-updown-5m-1782372300,15:25-15:30,53.00,51.00,52.00,50.00,881.23,118.62,14.00,595.73,52.50,50.50,1.00,1.00,20748.60,16993.86,16965.86,20848.61,52,47,50,49,61744.56,61737.58,,
2026-06-25T15:27:41+08:00,btc-updown-5m-1782372300,https://polymarket.com/zh/event/btc-updown-5m-1782372300,15:25-15:30,50.00,51.00,49.00,50.00,582.73,86.62,86.62,559.73,49.50,50.50,1.00,1.00,20343.60,17014.86,17008.86,20448.60,49,50,50,49,61744.56,61737.58,,
